Number of elements is 500
Type of array is reversed
Sorting algorithm - merge
Running time of sorting algorithm is 190ms
0) 78967, 
1) 2333823, 
2) 25327608, 
3) 26188517, 
4) 30187464, 
5) 33709980, 
6) 33838610, 
7) 35015652, 
8) 36942667, 
9) 45745439, 
10) 59187560, 
11) 61080354, 
12) 81041997, 
13) 93253489, 
14) 108056123, 
15) 117765703, 
16) 123159340, 
17) 124693054, 
18) 130132120, 
19) 131172226, 
20) 147377253, 
21) 157601456, 
22) 158204596, 
23) 168025292, 
24) 179397240, 
25) 179717904, 
26) 186359712, 
27) 193221840, 
28) 199136713, 
29) 216286506, 
30) 220347143, 
31) 227452175, 
32) 242461186, 
33) 244428671, 
34) 245150763, 
35) 245761941, 
36) 251887725, 
37) 253746691, 
38) 254259772, 
39) 277450497, 
40) 280105420, 
41) 284626813, 
42) 306469147, 
43) 310816959, 
44) 313949839, 
45) 322345163, 
46) 324994018, 
47) 349987300, 
48) 362474529, 
49) 382616286, 
50) 383701169, 
51) 385632978, 
52) 387633988, 
53) 388729880, 
54) 404473559, 
55) 409193117, 
56) 409265625, 
57) 416597903, 
58) 418212837, 
59) 418981124, 
60) 421991590, 
61) 422553727, 
62) 424642150, 
63) 430390720, 
64) 436300189, 
65) 439714076, 
66) 443872201, 
67) 453233569, 
68) 453452029, 
69) 461441249, 
70) 471244275, 
71) 473033183, 
72) 474275080, 
73) 477311209, 
74) 483163578, 
75) 486624519, 
76) 488553464, 
77) 496387794, 
78) 502359273, 
79) 508525221, 
80) 514763458, 
81) 525901812, 
82) 532776057, 
83) 536504555, 
84) 543744465, 
85) 545645606, 
86) 546084722, 
87) 548422349, 
88) 550607149, 
89) 553689507, 
90) 559019957, 
91) 566423417, 
92) 568211969, 
93) 578337799, 
94) 582981282, 
95) 589495539, 
96) 595716093, 
97) 611199523, 
98) 612947424, 
99) 616228879, 
100) 619296366, 
101) 624605500, 
102) 637239145, 
103) 641178908, 
104) 672641412, 
105) 674219193, 
106) 674414689, 
107) 682682331, 
108) 686264663, 
109) 695952884, 
110) 697816380, 
111) 700445788, 
112) 703916006, 
113) 711798021, 
114) 712716157, 
115) 718799734, 
116) 724960818, 
117) 727045059, 
118) 730187900, 
119) 740178349, 
120) 753121823, 
121) 753624228, 
122) 754175013, 
123) 757854375, 
124) 763979900, 
125) 783460158, 
126) 796655132, 
127) 803469563, 
128) 806869123, 
129) 812539664, 
130) 827873263, 
131) 829817488, 
132) 829916332, 
133) 830402448, 
134) 840731458, 
135) 841065736, 
136) 843733484, 
137) 848589835, 
138) 850170498, 
139) 853175896, 
140) 856923354, 
141) 858538840, 
142) 869424545, 
143) 876168075, 
144) 878137701, 
145) 881143677, 
146) 895294964, 
147) 899946100, 
148) 903692293, 
149) 905649710, 
150) 922768560, 
151) 931381949, 
152) 932055428, 
153) 938700799, 
154) 949171779, 
155) 953572340, 
156) 959317771, 
157) 961112169, 
158) 966344631, 
159) 985384745, 
160) 988160194, 
161) 988938914, 
162) 996891981, 
163) 1000043023, 
164) 1005676451, 
165) 1007521784, 
166) 1008374558, 
167) 1011831666, 
168) 1023663824, 
169) 1040291300, 
170) 1051763731, 
171) 1059836933, 
172) 1087446765, 
173) 1092218287, 
174) 1092561688, 
175) 1093729147, 
176) 1101322471, 
177) 1103530314, 
178) 1107790600, 
179) 1113673182, 
180) 1120831624, 
181) 1141806814, 
182) 1152417083, 
183) 1161689884, 
184) 1161959920, 
185) 1180403936, 
186) 1183928297, 
187) 1190143280, 
188) 1194795816, 
189) 1204589450, 
190) 1208789374, 
191) 1210778123, 
192) 1216552671, 
193) 1239495824, 
194) 1240646096, 
195) 1248457083, 
196) 1256565732, 
197) 1257653808, 
198) 1258947799, 
199) 1263188135, 
200) 1266379739, 
201) 1268489494, 
202) 1274531907, 
203) 1275710722, 
204) 1283948798, 
205) 1291261539, 
206) 1291786262, 
207) 1307049680, 
208) 1310707676, 
209) 1320742797, 
210) 1326498356, 
211) 1357032572, 
212) 1365232515, 
213) 1366120801, 
214) 1377240810, 
215) 1382279312, 
216) 1389837110, 
217) 1395463588, 
218) 1403591312, 
219) 1408241542, 
220) 1409173812, 
221) 1414980194, 
222) 1425159893, 
223) 1430305148, 
224) 1439901703, 
225) 1443414360, 
226) 1469486152, 
227) 1471890436, 
228) 1478768501, 
229) 1488477632, 
230) 1490033324, 
231) 1493917047, 
232) 1498424266, 
233) 1501317015, 
234) 1511199819, 
235) 1511860168, 
236) 1525281361, 
237) 1531752033, 
238) 1541156994, 
239) 1547200559, 
240) 1548865466, 
241) 1584425557, 
242) 1584428090, 
243) 1598284357, 
244) 1607918410, 
245) 1611311424, 
246) 1619078628, 
247) 1620392263, 
248) 1637088978, 
249) 1641923736, 
250) 1646318314, 
251) 1650166102, 
252) 1655991412, 
253) 1656526291, 
254) 1656745219, 
255) 1659398836, 
256) 1660303121, 
257) 1662299596, 
258) 1676874251, 
259) 1683320619, 
260) 1685502735, 
261) 1689461652, 
262) 1696969034, 
263) 1700356814, 
264) 1706138542, 
265) 1711166259, 
266) 1715350438, 
267) 1715592361, 
268) 1730553239, 
269) 1731806902, 
270) 1736657159, 
271) 1737154637, 
272) 1741396342, 
273) 1742053069, 
274) 1755684561, 
275) 1759102531, 
276) 1770723190, 
277) 1771589453, 
278) 1772740344, 
279) 1788955091, 
280) 1790308477, 
281) 1792070023, 
282) 1794474508, 
283) 1795200609, 
284) 1804514906, 
285) 1805906119, 
286) 1806025241, 
287) 1807405391, 
288) 1809405419, 
289) 1822679740, 
290) 1826744545, 
291) 1830592998, 
292) 1831323953, 
293) 1836933864, 
294) 1837271060, 
295) 1847910648, 
296) 1860135988, 
297) 1862184103, 
298) 1864067145, 
299) 1890421629, 
300) 1894947467, 
301) 1896873475, 
302) 1900565045, 
303) 1900951305, 
304) 1901175213, 
305) 1918096103, 
306) 1918520184, 
307) 1923646618, 
308) 1933011790, 
309) 1935186170, 
310) 1937525443, 
311) 1937552925, 
312) 1942349825, 
313) 1945513856, 
314) 1949588814, 
315) 1956103032, 
316) 1967234464, 
317) 1975449330, 
318) 1977137340, 
319) 1984867139, 
320) 2015321195, 
321) 2015480590, 
322) 2017560801, 
323) 2018420833, 
324) 2026461170, 
325) 2033223658, 
326) 2036899169, 
327) 2037468165, 
328) 2047630628, 
329) 2049421963, 
330) 2066518697, 
331) 2067131267, 
332) 2069056881, 
333) 2077736289, 
334) 2088767005, 
335) 2089665383, 
336) 2089759645, 
337) 2091572478, 
338) 2109627970, 
339) 2110468266, 
340) 2116377125, 
341) 2121445092, 
342) 2122082927, 
343) 2123073472, 
344) 2124675884, 
345) 2128445251, 
346) 2129966317, 
347) 2130908079, 
348) 2133661176, 
349) 2140713306, 
350) 2152087067, 
351) 2156922792, 
352) 2161927468, 
353) 2170689621, 
354) 2171800521, 
355) 2178696330, 
356) 2188855758, 
357) 2201533722, 
358) 2210837642, 
359) 2226422745, 
360) 2228472615, 
361) 2232354510, 
362) 2233270681, 
363) 2243439459, 
364) 2268555226, 
365) 2273534120, 
366) 2278348017, 
367) 2278535263, 
368) 2285858460, 
369) 2286462352, 
370) 2291923279, 
371) 2296520091, 
372) 2305221240, 
373) 2309181944, 
374) 2317772263, 
375) 2318060371, 
376) 2318219278, 
377) 2318623301, 
378) 2321985686, 
379) 2332274381, 
380) 2333614678, 
381) 2340181101, 
382) 2342006110, 
383) 2342582466, 
384) 2344701185, 
385) 2346780829, 
386) 2348547709, 
387) 2350913783, 
388) 2371711916, 
389) 2377163187, 
390) 2383948723, 
391) 2385357305, 
392) 2407692902, 
393) 2409654174, 
394) 2413437033, 
395) 2414333724, 
396) 2421630918, 
397) 2427156705, 
398) 2427432840, 
399) 2430150683, 
400) 2430512590, 
401) 2432032007, 
402) 2436581442, 
403) 2441402336, 
404) 2444999591, 
405) 2453798257, 
406) 2456647197, 
407) 2458701272, 
408) 2465899675, 
409) 2481544463, 
410) 2487909331, 
411) 2488293722, 
412) 2489798989, 
413) 2504597015, 
414) 2515882281, 
415) 2526445877, 
416) 2533212743, 
417) 2533707176, 
418) 2540408392, 
419) 2544073284, 
420) 2550934870, 
421) 2551742887, 
422) 2553124170, 
423) 2558204652, 
424) 2563353396, 
425) 2570885028, 
426) 2572231610, 
427) 2574158802, 
428) 2577857215, 
429) 2578999835, 
430) 2579719188, 
431) 2586078904, 
432) 2588238778, 
433) 2605886793, 
434) 2607524074, 
435) 2608055158, 
436) 2610089607, 
437) 2613110220, 
438) 2616640292, 
439) 2628710328, 
440) 2632117862, 
441) 2637487963, 
442) 2641321693, 
443) 2643369231, 
444) 2645502795, 
445) 2645938217, 
446) 2653967210, 
447) 2654630696, 
448) 2655923280, 
449) 2675436418, 
450) 2681023195, 
451) 2705908266, 
452) 2707129262, 
453) 2711322017, 
454) 2746743798, 
455) 2750834017, 
456) 2751435174, 
457) 2759420723, 
458) 2760538787, 
459) 2765995906, 
460) 2783077456, 
461) 2787244651, 
462) 2790172969, 
463) 2791623651, 
464) 2799349607, 
465) 2802245915, 
466) 2802570965, 
467) 2817970692, 
468) 2818621256, 
469) 2822947895, 
470) 2836129699, 
471) 2840157029, 
472) 2860941916, 
473) 2865446483, 
474) 2867160407, 
475) 2871473616, 
476) 2871498226, 
477) 2872606929, 
478) 2878485521, 
479) 2888920673, 
480) 2891774283, 
481) 2910833249, 
482) 2911817449, 
483) 2912443778, 
484) 2919117410, 
485) 2925017887, 
486) 2932149010, 
487) 2933698457, 
488) 2934256113, 
489) 2935590958, 
490) 2948663446, 
491) 2949214091, 
492) 2961710427, 
493) 2965898193, 
494) 2972578796, 
495) 2973228558, 
496) 2975659230, 
497) 2976196441, 
498) 2990692250, 
499) 2997280840, 
