Number of elements is 1000
Type of array is sorted
Sorting algorithm - merge
Running time of sorting algorithm is 360ms
0) 4130509, 
1) 6075247, 
2) 8781596, 
3) 16269260, 
4) 18841579, 
5) 20363068, 
6) 20689357, 
7) 24581861, 
8) 27726767, 
9) 51156656, 
10) 52119053, 
11) 57028282, 
12) 59845027, 
13) 61544490, 
14) 62480020, 
15) 62581350, 
16) 64060116, 
17) 67009694, 
18) 68309456, 
19) 75349794, 
20) 75652632, 
21) 77298226, 
22) 79306580, 
23) 79547420, 
24) 84120031, 
25) 88203409, 
26) 91005889, 
27) 91103698, 
28) 92122492, 
29) 92181588, 
30) 93556233, 
31) 97560265, 
32) 99196793, 
33) 101552838, 
34) 102892513, 
35) 103670921, 
36) 108418709, 
37) 108458212, 
38) 112225244, 
39) 117846732, 
40) 120072881, 
41) 123702992, 
42) 123965756, 
43) 133876364, 
44) 138959760, 
45) 140276656, 
46) 141349773, 
47) 142476053, 
48) 142491092, 
49) 143119167, 
50) 148787439, 
51) 153032637, 
52) 157555530, 
53) 158408341, 
54) 159321964, 
55) 160139598, 
56) 162611435, 
57) 163400719, 
58) 170542513, 
59) 174072812, 
60) 176719806, 
61) 179274276, 
62) 180942468, 
63) 184808715, 
64) 187310761, 
65) 189018306, 
66) 202929405, 
67) 203302039, 
68) 204525355, 
69) 205121669, 
70) 206830360, 
71) 213352293, 
72) 217506267, 
73) 220542995, 
74) 223892166, 
75) 225171464, 
76) 225514419, 
77) 227574522, 
78) 229202276, 
79) 241186767, 
80) 243289452, 
81) 247789651, 
82) 251878536, 
83) 259621143, 
84) 265243061, 
85) 267361913, 
86) 273802118, 
87) 276012005, 
88) 277210054, 
89) 278991929, 
90) 280969494, 
91) 283275139, 
92) 288247579, 
93) 291868349, 
94) 296806203, 
95) 297891713, 
96) 298583220, 
97) 298890077, 
98) 300647500, 
99) 301715083, 
100) 305904610, 
101) 310294126, 
102) 312940785, 
103) 315481018, 
104) 324170282, 
105) 327924044, 
106) 328329189, 
107) 331204042, 
108) 334536460, 
109) 337261109, 
110) 339029979, 
111) 343893085, 
112) 348681500, 
113) 372960352, 
114) 375790289, 
115) 381134907, 
116) 381285385, 
117) 398848395, 
118) 406182312, 
119) 408454449, 
120) 410789754, 
121) 411655970, 
122) 412811300, 
123) 418210828, 
124) 418978013, 
125) 421117579, 
126) 425699573, 
127) 427252612, 
128) 429752078, 
129) 430344282, 
130) 432706870, 
131) 433260825, 
132) 433475107, 
133) 436245821, 
134) 442690505, 
135) 442736456, 
136) 445066635, 
137) 446956331, 
138) 448900600, 
139) 453566400, 
140) 455183981, 
141) 458892130, 
142) 460595771, 
143) 468608472, 
144) 469314768, 
145) 472447234, 
146) 480280830, 
147) 485999063, 
148) 486279885, 
149) 486610371, 
150) 493888199, 
151) 515309555, 
152) 523296527, 
153) 523708879, 
154) 524274764, 
155) 526337874, 
156) 527705471, 
157) 533744983, 
158) 535408783, 
159) 558295568, 
160) 560449254, 
161) 563839085, 
162) 564965339, 
163) 565826504, 
164) 567818834, 
165) 570519603, 
166) 573433270, 
167) 577904769, 
168) 578806625, 
169) 580120441, 
170) 594452518, 
171) 595589794, 
172) 597420318, 
173) 603425251, 
174) 606107784, 
175) 607359510, 
176) 609573809, 
177) 609753389, 
178) 622255969, 
179) 622976518, 
180) 626086514, 
181) 635413716, 
182) 638398193, 
183) 639866878, 
184) 640164661, 
185) 641909714, 
186) 651268649, 
187) 653489426, 
188) 653514656, 
189) 653629787, 
190) 653747555, 
191) 654944101, 
192) 660629611, 
193) 666211830, 
194) 668098807, 
195) 668923792, 
196) 676924284, 
197) 680095775, 
198) 682183124, 
199) 683674085, 
200) 685675547, 
201) 685825944, 
202) 691290598, 
203) 692422418, 
204) 692568726, 
205) 695055848, 
206) 695288249, 
207) 696867297, 
208) 698087526, 
209) 700698687, 
210) 704777686, 
211) 705262542, 
212) 709227292, 
213) 709885875, 
214) 710805483, 
215) 713276952, 
216) 715063528, 
217) 716244937, 
218) 717011259, 
219) 721660667, 
220) 725702183, 
221) 726403872, 
222) 726954310, 
223) 727252485, 
224) 730000855, 
225) 736250756, 
226) 737427442, 
227) 739509007, 
228) 740018774, 
229) 740870900, 
230) 741417215, 
231) 742253163, 
232) 743836496, 
233) 748809828, 
234) 754149710, 
235) 755223328, 
236) 755967571, 
237) 757412858, 
238) 760776982, 
239) 767389765, 
240) 774612215, 
241) 783919722, 
242) 785978401, 
243) 791758482, 
244) 793196823, 
245) 794851639, 
246) 796095864, 
247) 799209011, 
248) 801644326, 
249) 804369782, 
250) 808230967, 
251) 811314083, 
252) 812287905, 
253) 814253377, 
254) 815096481, 
255) 815592648, 
256) 821069564, 
257) 821838628, 
258) 822360027, 
259) 822566957, 
260) 825605566, 
261) 828831867, 
262) 829936634, 
263) 830428927, 
264) 832545306, 
265) 836669834, 
266) 849434621, 
267) 851863358, 
268) 865965541, 
269) 874099674, 
270) 878382051, 
271) 880987570, 
272) 884318288, 
273) 885147042, 
274) 886259917, 
275) 891785759, 
276) 896803312, 
277) 908386452, 
278) 908524501, 
279) 910722135, 
280) 914187835, 
281) 914825331, 
282) 917673722, 
283) 922524487, 
284) 926151114, 
285) 927066360, 
286) 927814119, 
287) 931623731, 
288) 939040905, 
289) 941386516, 
290) 943176551, 
291) 943578265, 
292) 954480026, 
293) 956081241, 
294) 960485494, 
295) 962652824, 
296) 963618093, 
297) 963755883, 
298) 968907378, 
299) 969906174, 
300) 973723789, 
301) 975039876, 
302) 975859509, 
303) 978087857, 
304) 982835291, 
305) 990124633, 
306) 990386282, 
307) 993854555, 
308) 996257308, 
309) 998907021, 
310) 999528939, 
311) 1005366157, 
312) 1010932559, 
313) 1015392403, 
314) 1017460848, 
315) 1020846789, 
316) 1021859607, 
317) 1026743777, 
318) 1035382949, 
319) 1037338938, 
320) 1044465591, 
321) 1045065919, 
322) 1045631364, 
323) 1050158149, 
324) 1053125606, 
325) 1056210340, 
326) 1057488584, 
327) 1069858043, 
328) 1073507134, 
329) 1076528298, 
330) 1080923040, 
331) 1082254444, 
332) 1083361459, 
333) 1086654796, 
334) 1095138290, 
335) 1098085537, 
336) 1099081731, 
337) 1102137035, 
338) 1105979399, 
339) 1109238483, 
340) 1119997088, 
341) 1120071480, 
342) 1120266847, 
343) 1124944661, 
344) 1128409767, 
345) 1131009786, 
346) 1139253705, 
347) 1140088835, 
348) 1144449174, 
349) 1144616614, 
350) 1149837226, 
351) 1153692383, 
352) 1160865283, 
353) 1162863641, 
354) 1165869052, 
355) 1167066061, 
356) 1170308468, 
357) 1173317090, 
358) 1173832803, 
359) 1174385066, 
360) 1174792259, 
361) 1177398746, 
362) 1178923343, 
363) 1184300339, 
364) 1184691864, 
365) 1185703765, 
366) 1185911420, 
367) 1188595373, 
368) 1189851368, 
369) 1190327537, 
370) 1191903212, 
371) 1196393672, 
372) 1197339422, 
373) 1198731683, 
374) 1201470935, 
375) 1201669407, 
376) 1203223457, 
377) 1204551038, 
378) 1204642818, 
379) 1205719393, 
380) 1208417468, 
381) 1209112430, 
382) 1210197455, 
383) 1210514611, 
384) 1211187319, 
385) 1211362289, 
386) 1215083434, 
387) 1223905548, 
388) 1227664043, 
389) 1234611360, 
390) 1236339667, 
391) 1236558939, 
392) 1237837795, 
393) 1239407667, 
394) 1241655318, 
395) 1243493756, 
396) 1243736945, 
397) 1247496838, 
398) 1254204054, 
399) 1257258806, 
400) 1259654575, 
401) 1262634116, 
402) 1265366323, 
403) 1266716173, 
404) 1268676041, 
405) 1270274046, 
406) 1270770330, 
407) 1276169265, 
408) 1278858589, 
409) 1279446190, 
410) 1281081824, 
411) 1282007417, 
412) 1287414020, 
413) 1291900867, 
414) 1292776681, 
415) 1293887914, 
416) 1294029845, 
417) 1295589809, 
418) 1305926144, 
419) 1309596988, 
420) 1319822640, 
421) 1323681129, 
422) 1328737259, 
423) 1334889939, 
424) 1336491562, 
425) 1337037418, 
426) 1344132852, 
427) 1347192225, 
428) 1355941317, 
429) 1357998475, 
430) 1360230918, 
431) 1361554531, 
432) 1362695389, 
433) 1363848858, 
434) 1369438828, 
435) 1372644253, 
436) 1378959140, 
437) 1379393257, 
438) 1389237027, 
439) 1391991621, 
440) 1395739996, 
441) 1396248401, 
442) 1406282463, 
443) 1406288047, 
444) 1417686071, 
445) 1423512800, 
446) 1423580666, 
447) 1425207908, 
448) 1425731586, 
449) 1427767519, 
450) 1436575015, 
451) 1441633330, 
452) 1444315192, 
453) 1444340018, 
454) 1448503801, 
455) 1461308408, 
456) 1465884013, 
457) 1467127429, 
458) 1474660452, 
459) 1477891761, 
460) 1478559630, 
461) 1478786768, 
462) 1491712626, 
463) 1495548189, 
464) 1496930399, 
465) 1499593751, 
466) 1503785486, 
467) 1504839651, 
468) 1507841202, 
469) 1518192989, 
470) 1520019734, 
471) 1524623205, 
472) 1524977413, 
473) 1533323113, 
474) 1535241579, 
475) 1535665830, 
476) 1539601020, 
477) 1539868441, 
478) 1540069489, 
479) 1546621015, 
480) 1546907333, 
481) 1549503060, 
482) 1554508451, 
483) 1562435066, 
484) 1564870432, 
485) 1569997515, 
486) 1570056538, 
487) 1570587541, 
488) 1574892819, 
489) 1576256292, 
490) 1577154939, 
491) 1579679532, 
492) 1586691173, 
493) 1598625524, 
494) 1599105443, 
495) 1602182966, 
496) 1606055979, 
497) 1607426117, 
498) 1608000455, 
499) 1608465489, 
500) 1609632291, 
501) 1612361308, 
502) 1613831869, 
503) 1614202637, 
504) 1616091060, 
505) 1622782846, 
506) 1624959438, 
507) 1625724133, 
508) 1631499130, 
509) 1633251192, 
510) 1638204384, 
511) 1638268543, 
512) 1644146485, 
513) 1647478052, 
514) 1648094402, 
515) 1653186956, 
516) 1659089219, 
517) 1665930510, 
518) 1667639664, 
519) 1667645452, 
520) 1668966964, 
521) 1674392283, 
522) 1677493989, 
523) 1678737191, 
524) 1679416046, 
525) 1681389188, 
526) 1683104453, 
527) 1685884132, 
528) 1690330106, 
529) 1690685647, 
530) 1698607761, 
531) 1700339201, 
532) 1703557636, 
533) 1704430646, 
534) 1706105743, 
535) 1707347289, 
536) 1709756763, 
537) 1717119248, 
538) 1718294045, 
539) 1719112639, 
540) 1721107716, 
541) 1722994951, 
542) 1723414864, 
543) 1723727749, 
544) 1724706801, 
545) 1727223975, 
546) 1728941257, 
547) 1729822668, 
548) 1733589211, 
549) 1734369566, 
550) 1735822563, 
551) 1736152551, 
552) 1738791184, 
553) 1739394309, 
554) 1740571128, 
555) 1741744748, 
556) 1745790226, 
557) 1748572511, 
558) 1750519907, 
559) 1754241534, 
560) 1757338191, 
561) 1766923069, 
562) 1771112426, 
563) 1771125693, 
564) 1771824408, 
565) 1776889340, 
566) 1778553370, 
567) 1780904661, 
568) 1781144266, 
569) 1788753372, 
570) 1791245473, 
571) 1795192138, 
572) 1795392146, 
573) 1796322543, 
574) 1801888406, 
575) 1802461445, 
576) 1806223083, 
577) 1811201687, 
578) 1811514909, 
579) 1812944500, 
580) 1813973096, 
581) 1814434721, 
582) 1814880123, 
583) 1816896575, 
584) 1816922096, 
585) 1819477561, 
586) 1824918302, 
587) 1832944776, 
588) 1834137705, 
589) 1834856926, 
590) 1835217364, 
591) 1839698424, 
592) 1845274411, 
593) 1848605731, 
594) 1848858964, 
595) 1849372807, 
596) 1850216593, 
597) 1850547390, 
598) 1853654281, 
599) 1855388563, 
600) 1855777451, 
601) 1857375227, 
602) 1865176345, 
603) 1866046261, 
604) 1870666814, 
605) 1873475436, 
606) 1874043184, 
607) 1881299547, 
608) 1886217416, 
609) 1886504637, 
610) 1888328742, 
611) 1889804621, 
612) 1889806408, 
613) 1893620975, 
614) 1894854087, 
615) 1903610179, 
616) 1904109178, 
617) 1911088956, 
618) 1914537673, 
619) 1918209239, 
620) 1918596922, 
621) 1919252822, 
622) 1919489633, 
623) 1920929630, 
624) 1924031988, 
625) 1924759724, 
626) 1925194576, 
627) 1928571466, 
628) 1930347463, 
629) 1939296270, 
630) 1940466305, 
631) 1940976099, 
632) 1941920319, 
633) 1949157258, 
634) 1950548888, 
635) 1952026856, 
636) 1954324698, 
637) 1956350845, 
638) 1957231481, 
639) 1959289143, 
640) 1961593120, 
641) 1962660843, 
642) 1963984396, 
643) 1967349116, 
644) 1974105758, 
645) 1979082426, 
646) 1984510868, 
647) 1987113241, 
648) 1988975412, 
649) 1991915198, 
650) 1992434530, 
651) 1993034589, 
652) 1994556277, 
653) 1995862682, 
654) 1999790429, 
655) 2000042100, 
656) 2011234962, 
657) 2012226612, 
658) 2019178011, 
659) 2023017993, 
660) 2026797971, 
661) 2030465171, 
662) 2033255259, 
663) 2039780592, 
664) 2042586527, 
665) 2043366803, 
666) 2050724483, 
667) 2055170528, 
668) 2055243622, 
669) 2055532218, 
670) 2056011622, 
671) 2056546631, 
672) 2062862010, 
673) 2063221195, 
674) 2064490895, 
675) 2067103710, 
676) 2070387602, 
677) 2072783596, 
678) 2074654072, 
679) 2077415365, 
680) 2081995158, 
681) 2082039248, 
682) 2083993962, 
683) 2084445383, 
684) 2087240657, 
685) 2087512389, 
686) 2089394822, 
687) 2091537210, 
688) 2092411201, 
689) 2092683062, 
690) 2094816868, 
691) 2097449157, 
692) 2103540377, 
693) 2104187550, 
694) 2105513143, 
695) 2113407755, 
696) 2116049913, 
697) 2117337116, 
698) 2120057680, 
699) 2132054993, 
700) 2137282476, 
701) 2138583221, 
702) 2138876702, 
703) 2143247125, 
704) 2146600961, 
705) 2148952352, 
706) 2151355226, 
707) 2152525284, 
708) 2160056927, 
709) 2161095880, 
710) 2166588842, 
711) 2167135644, 
712) 2168667602, 
713) 2169497346, 
714) 2171475580, 
715) 2172980824, 
716) 2174591433, 
717) 2175874327, 
718) 2176588282, 
719) 2180312595, 
720) 2181051284, 
721) 2181255106, 
722) 2182443593, 
723) 2194229761, 
724) 2199106793, 
725) 2199838800, 
726) 2203180394, 
727) 2204057090, 
728) 2206191748, 
729) 2209971448, 
730) 2220941054, 
731) 2222793025, 
732) 2223159674, 
733) 2227400609, 
734) 2231646399, 
735) 2234403398, 
736) 2237955333, 
737) 2240692974, 
738) 2241381006, 
739) 2246857607, 
740) 2248039451, 
741) 2250854968, 
742) 2254552405, 
743) 2256047656, 
744) 2257338634, 
745) 2260370389, 
746) 2261521843, 
747) 2267200930, 
748) 2267643762, 
749) 2268805724, 
750) 2276754698, 
751) 2278418057, 
752) 2279201434, 
753) 2280675697, 
754) 2284142236, 
755) 2284221760, 
756) 2284805078, 
757) 2285205518, 
758) 2288881998, 
759) 2290461752, 
760) 2292015667, 
761) 2293476847, 
762) 2299437107, 
763) 2300997406, 
764) 2306895282, 
765) 2307596825, 
766) 2315948139, 
767) 2316600504, 
768) 2318999001, 
769) 2321822655, 
770) 2322390075, 
771) 2329773426, 
772) 2332221632, 
773) 2344129185, 
774) 2344222311, 
775) 2344861867, 
776) 2350724999, 
777) 2353042014, 
778) 2355900863, 
779) 2360292740, 
780) 2360895223, 
781) 2363116375, 
782) 2364347732, 
783) 2365326529, 
784) 2366827613, 
785) 2374641998, 
786) 2375215609, 
787) 2378548611, 
788) 2382212387, 
789) 2383202487, 
790) 2384826376, 
791) 2390003374, 
792) 2391184670, 
793) 2394372496, 
794) 2398514853, 
795) 2410643949, 
796) 2410714927, 
797) 2411602950, 
798) 2413803683, 
799) 2423322965, 
800) 2429388928, 
801) 2432269278, 
802) 2445737339, 
803) 2449603876, 
804) 2452953878, 
805) 2454319821, 
806) 2457625268, 
807) 2460637240, 
808) 2465200031, 
809) 2466258527, 
810) 2466602288, 
811) 2467192701, 
812) 2472693383, 
813) 2474200491, 
814) 2476564430, 
815) 2486302160, 
816) 2490829166, 
817) 2490966230, 
818) 2498172370, 
819) 2503138415, 
820) 2503475625, 
821) 2504559071, 
822) 2507767116, 
823) 2512846244, 
824) 2514176293, 
825) 2516454123, 
826) 2523129649, 
827) 2529115608, 
828) 2530985768, 
829) 2534413305, 
830) 2535425639, 
831) 2536143721, 
832) 2539975985, 
833) 2539976868, 
834) 2542565043, 
835) 2543743318, 
836) 2545496073, 
837) 2546333951, 
838) 2547738355, 
839) 2550803568, 
840) 2551940992, 
841) 2552847511, 
842) 2554677661, 
843) 2555078788, 
844) 2557772783, 
845) 2561131413, 
846) 2563861019, 
847) 2567258537, 
848) 2568501885, 
849) 2569086221, 
850) 2582866648, 
851) 2586053462, 
852) 2589074047, 
853) 2590350898, 
854) 2597554130, 
855) 2599123616, 
856) 2599172013, 
857) 2604317180, 
858) 2607134536, 
859) 2614163108, 
860) 2615591546, 
861) 2618397487, 
862) 2618726755, 
863) 2626818345, 
864) 2628920040, 
865) 2629288671, 
866) 2630591037, 
867) 2631373704, 
868) 2631428722, 
869) 2631652744, 
870) 2633861744, 
871) 2635526885, 
872) 2636619133, 
873) 2638048888, 
874) 2638613485, 
875) 2641623950, 
876) 2646119960, 
877) 2647697752, 
878) 2649198617, 
879) 2652446084, 
880) 2656244443, 
881) 2658315173, 
882) 2663956264, 
883) 2664716532, 
884) 2664731190, 
885) 2667008884, 
886) 2672520390, 
887) 2677360377, 
888) 2679821339, 
889) 2679908778, 
890) 2683657548, 
891) 2684478573, 
892) 2690071101, 
893) 2690772965, 
894) 2692659695, 
895) 2693220774, 
896) 2698567422, 
897) 2702731306, 
898) 2703856672, 
899) 2705071192, 
900) 2705666761, 
901) 2707670398, 
902) 2708151295, 
903) 2709318201, 
904) 2710289277, 
905) 2710602577, 
906) 2713386898, 
907) 2718022203, 
908) 2721313311, 
909) 2724866618, 
910) 2725443099, 
911) 2726589585, 
912) 2727834523, 
913) 2733970399, 
914) 2735404285, 
915) 2735810000, 
916) 2735883517, 
917) 2737028896, 
918) 2741434900, 
919) 2741501742, 
920) 2745657008, 
921) 2749595559, 
922) 2749651093, 
923) 2751459418, 
924) 2755491286, 
925) 2764822145, 
926) 2766343779, 
927) 2769793507, 
928) 2774560930, 
929) 2778072705, 
930) 2778966693, 
931) 2782509171, 
932) 2782865078, 
933) 2785925176, 
934) 2786721554, 
935) 2789273657, 
936) 2789537784, 
937) 2790697413, 
938) 2793054358, 
939) 2796574218, 
940) 2802726406, 
941) 2803301157, 
942) 2813086937, 
943) 2816421932, 
944) 2822279090, 
945) 2824811635, 
946) 2826977110, 
947) 2830227052, 
948) 2832976404, 
949) 2833833026, 
950) 2835874303, 
951) 2837971456, 
952) 2840705272, 
953) 2844980353, 
954) 2848498969, 
955) 2852988651, 
956) 2863019969, 
957) 2869914323, 
958) 2872439964, 
959) 2878519027, 
960) 2879477393, 
961) 2882173848, 
962) 2887601395, 
963) 2893314556, 
964) 2900414156, 
965) 2905409635, 
966) 2909293870, 
967) 2916631488, 
968) 2918387580, 
969) 2926244509, 
970) 2926705485, 
971) 2928832663, 
972) 2932247480, 
973) 2935061608, 
974) 2935953337, 
975) 2941398242, 
976) 2943532614, 
977) 2945659888, 
978) 2950819589, 
979) 2952203239, 
980) 2956656258, 
981) 2958748527, 
982) 2959854233, 
983) 2962144306, 
984) 2967212902, 
985) 2968811062, 
986) 2971757626, 
987) 2978919197, 
988) 2981063960, 
989) 2982530641, 
990) 2983488256, 
991) 2987395313, 
992) 2987528049, 
993) 2989770092, 
994) 2990118204, 
995) 2994729893, 
996) 2996203285, 
997) 2996334138, 
998) 2997912918, 
999) 2999035122, 
