Number of elements is 5000
Type of array is rendomized
Sorting algorithm - merge
Running time of sorting algorithm is 2467ms
0) 604210, 
1) 2068703, 
2) 3100069, 
3) 3406312, 
4) 4450992, 
5) 4693949, 
6) 4700163, 
7) 5286177, 
8) 5580635, 
9) 7334723, 
10) 8179850, 
11) 9585812, 
12) 11147614, 
13) 11992923, 
14) 12355789, 
15) 12529071, 
16) 13584518, 
17) 14260705, 
18) 14656107, 
19) 14914996, 
20) 15466807, 
21) 19067930, 
22) 19390598, 
23) 20004669, 
24) 20851385, 
25) 21188026, 
26) 21609708, 
27) 22492095, 
28) 23009923, 
29) 23282119, 
30) 24247994, 
31) 26059117, 
32) 26935078, 
33) 27775875, 
34) 29782283, 
35) 30440490, 
36) 30512118, 
37) 32014297, 
38) 33572325, 
39) 35697521, 
40) 36611136, 
41) 36912897, 
42) 37128175, 
43) 38012040, 
44) 38767065, 
45) 39198402, 
46) 40341091, 
47) 41706320, 
48) 42095756, 
49) 42427702, 
50) 43455569, 
51) 44069238, 
52) 44324193, 
53) 44344416, 
54) 45425134, 
55) 46929140, 
56) 47697051, 
57) 48516152, 
58) 48903116, 
59) 51585676, 
60) 52970899, 
61) 53439678, 
62) 54402741, 
63) 54648216, 
64) 54704589, 
65) 55294864, 
66) 56011453, 
67) 56369362, 
68) 57918185, 
69) 59389723, 
70) 59596828, 
71) 60096902, 
72) 60427847, 
73) 60773069, 
74) 61320525, 
75) 61796855, 
76) 62041348, 
77) 62122536, 
78) 63962421, 
79) 64024670, 
80) 64189134, 
81) 64795569, 
82) 65215667, 
83) 65592693, 
84) 66630938, 
85) 66934866, 
86) 67102450, 
87) 67511438, 
88) 68621181, 
89) 69450141, 
90) 69562220, 
91) 69614690, 
92) 70350576, 
93) 70524940, 
94) 70565436, 
95) 72139729, 
96) 72444424, 
97) 74077013, 
98) 77519386, 
99) 78931909, 
100) 79619381, 
101) 80349148, 
102) 81174535, 
103) 82092291, 
104) 82218883, 
105) 82387246, 
106) 82954740, 
107) 83837164, 
108) 84402425, 
109) 84718211, 
110) 84730181, 
111) 86292898, 
112) 86471934, 
113) 86758846, 
114) 87345447, 
115) 87423999, 
116) 87434025, 
117) 87470296, 
118) 87601349, 
119) 88607527, 
120) 88768595, 
121) 88837059, 
122) 88903314, 
123) 89267727, 
124) 89851593, 
125) 91953679, 
126) 92410414, 
127) 92447467, 
128) 93030602, 
129) 94241615, 
130) 94599111, 
131) 94827671, 
132) 95469073, 
133) 95584956, 
134) 95952907, 
135) 96164183, 
136) 96422167, 
137) 96695240, 
138) 96935589, 
139) 97494465, 
140) 97658251, 
141) 97975510, 
142) 98277204, 
143) 99356358, 
144) 100221562, 
145) 101794715, 
146) 102885928, 
147) 103541714, 
148) 104003563, 
149) 104353050, 
150) 104426414, 
151) 104503406, 
152) 105129747, 
153) 105441207, 
154) 105911628, 
155) 106390869, 
156) 106414665, 
157) 106416045, 
158) 107011045, 
159) 107147055, 
160) 108149751, 
161) 109399334, 
162) 109971512, 
163) 110714095, 
164) 112072208, 
165) 112457903, 
166) 112845625, 
167) 113187252, 
168) 113778278, 
169) 115283751, 
170) 115789392, 
171) 117582640, 
172) 118245075, 
173) 119068563, 
174) 120895668, 
175) 121440864, 
176) 121584523, 
177) 121843217, 
178) 123023633, 
179) 123220740, 
180) 123432595, 
181) 123621963, 
182) 123851088, 
183) 124593457, 
184) 125130333, 
185) 125414270, 
186) 126008374, 
187) 126325455, 
188) 126789570, 
189) 127583781, 
190) 127632848, 
191) 127723482, 
192) 128503186, 
193) 129288623, 
194) 129760613, 
195) 129916715, 
196) 130454436, 
197) 130546741, 
198) 130705583, 
199) 131006731, 
200) 131160661, 
201) 131838491, 
202) 133026932, 
203) 135599427, 
204) 136615656, 
205) 137280151, 
206) 137662813, 
207) 138183194, 
208) 139113437, 
209) 140595854, 
210) 141740867, 
211) 141942196, 
212) 142220433, 
213) 142552245, 
214) 142736533, 
215) 143242999, 
216) 143782426, 
217) 144583121, 
218) 145091247, 
219) 145244982, 
220) 145626821, 
221) 146312517, 
222) 146844545, 
223) 147012815, 
224) 148144103, 
225) 148751076, 
226) 150130974, 
227) 150687914, 
228) 150739350, 
229) 153107562, 
230) 154150155, 
231) 154723536, 
232) 155239365, 
233) 155742303, 
234) 155891188, 
235) 156180953, 
236) 156787212, 
237) 157359591, 
238) 157416139, 
239) 157523141, 
240) 158455365, 
241) 158473272, 
242) 159774877, 
243) 161006272, 
244) 163533375, 
245) 163706233, 
246) 163751754, 
247) 164496684, 
248) 164670940, 
249) 165108091, 
250) 165476125, 
251) 166083582, 
252) 166111249, 
253) 166888010, 
254) 166994958, 
255) 167381410, 
256) 168554308, 
257) 168816557, 
258) 169415901, 
259) 169625210, 
260) 169680981, 
261) 170365051, 
262) 170506274, 
263) 170616362, 
264) 170834047, 
265) 170961574, 
266) 172036521, 
267) 172662826, 
268) 172927958, 
269) 173205324, 
270) 175642460, 
271) 175949648, 
272) 176154375, 
273) 176501367, 
274) 176525574, 
275) 177030521, 
276) 177327865, 
277) 177427251, 
278) 177806460, 
279) 178988041, 
280) 179689781, 
281) 181030584, 
282) 182041535, 
283) 182201136, 
284) 182286465, 
285) 182298397, 
286) 182376046, 
287) 182432849, 
288) 185133149, 
289) 185204229, 
290) 185443880, 
291) 185593777, 
292) 185995010, 
293) 186135309, 
294) 186834689, 
295) 187503597, 
296) 188124679, 
297) 188705612, 
298) 190493100, 
299) 191363292, 
300) 191628919, 
301) 193735891, 
302) 193769588, 
303) 194003711, 
304) 194174844, 
305) 195113448, 
306) 197081943, 
307) 197883626, 
308) 198003909, 
309) 198278020, 
310) 198948213, 
311) 200753813, 
312) 202335281, 
313) 202737434, 
314) 202873157, 
315) 203170155, 
316) 203864793, 
317) 205180987, 
318) 205345938, 
319) 205454495, 
320) 206460941, 
321) 206603930, 
322) 206936778, 
323) 207038833, 
324) 207973523, 
325) 208845612, 
326) 210064453, 
327) 210295024, 
328) 210311030, 
329) 211115559, 
330) 211258348, 
331) 211457263, 
332) 212017016, 
333) 213412061, 
334) 214076410, 
335) 214973566, 
336) 216287946, 
337) 216449185, 
338) 216826082, 
339) 216845947, 
340) 216847716, 
341) 218999652, 
342) 220543132, 
343) 220816596, 
344) 220986192, 
345) 222027001, 
346) 223038872, 
347) 223728733, 
348) 224659788, 
349) 224943313, 
350) 225169115, 
351) 225637600, 
352) 227237721, 
353) 227649252, 
354) 227702495, 
355) 228216125, 
356) 228349084, 
357) 229301158, 
358) 229374922, 
359) 229579788, 
360) 229881003, 
361) 230310822, 
362) 230386551, 
363) 230821611, 
364) 231167513, 
365) 232317583, 
366) 232335958, 
367) 232415996, 
368) 232663955, 
369) 232831373, 
370) 233611935, 
371) 234053914, 
372) 234355586, 
373) 234897511, 
374) 236424362, 
375) 236528876, 
376) 237391602, 
377) 237658625, 
378) 237682043, 
379) 238415685, 
380) 239069282, 
381) 239792627, 
382) 239988239, 
383) 239998211, 
384) 240092547, 
385) 240848110, 
386) 240928136, 
387) 240933478, 
388) 241614556, 
389) 242316850, 
390) 244497354, 
391) 244728893, 
392) 244783151, 
393) 244789543, 
394) 245060225, 
395) 245108447, 
396) 245476109, 
397) 246102252, 
398) 246521597, 
399) 247385105, 
400) 249052196, 
401) 249685214, 
402) 250435528, 
403) 250870138, 
404) 254565923, 
405) 255395987, 
406) 255865146, 
407) 258601994, 
408) 259062875, 
409) 259806211, 
410) 260660641, 
411) 260678842, 
412) 260829917, 
413) 260934939, 
414) 261647437, 
415) 261848534, 
416) 262161486, 
417) 262366699, 
418) 262812742, 
419) 263028742, 
420) 263308685, 
421) 263700099, 
422) 265406304, 
423) 265494734, 
424) 267249976, 
425) 267346608, 
426) 267405693, 
427) 267620903, 
428) 267632787, 
429) 267669026, 
430) 269923824, 
431) 270300498, 
432) 270677861, 
433) 271372451, 
434) 271467260, 
435) 272642516, 
436) 273986412, 
437) 274585422, 
438) 275095504, 
439) 277276141, 
440) 279535626, 
441) 280211358, 
442) 280237315, 
443) 280597830, 
444) 280836494, 
445) 281056814, 
446) 281789032, 
447) 282074439, 
448) 283418340, 
449) 283783990, 
450) 284096252, 
451) 284159052, 
452) 284567138, 
453) 284624032, 
454) 285209030, 
455) 286835135, 
456) 287329985, 
457) 287442204, 
458) 287796497, 
459) 288039389, 
460) 289241471, 
461) 289543768, 
462) 289712195, 
463) 290347470, 
464) 290581166, 
465) 290749185, 
466) 290749899, 
467) 291211691, 
468) 291580628, 
469) 291716291, 
470) 291818280, 
471) 291847239, 
472) 292263714, 
473) 293107302, 
474) 293486135, 
475) 294175966, 
476) 294501827, 
477) 294577311, 
478) 294615163, 
479) 295180756, 
480) 295352965, 
481) 295975855, 
482) 296079841, 
483) 296153086, 
484) 296347575, 
485) 297843646, 
486) 298159809, 
487) 298517392, 
488) 298785482, 
489) 300070589, 
490) 300256944, 
491) 300849177, 
492) 302489256, 
493) 302961517, 
494) 304034455, 
495) 304882780, 
496) 304895160, 
497) 305389010, 
498) 305745370, 
499) 306720574, 
500) 307394081, 
501) 307952137, 
502) 309511343, 
503) 310381771, 
504) 310642147, 
505) 311369094, 
506) 312304802, 
507) 312612271, 
508) 312919997, 
509) 313300749, 
510) 314149575, 
511) 314437839, 
512) 315068256, 
513) 315203385, 
514) 315271892, 
515) 315732318, 
516) 316041871, 
517) 316164375, 
518) 317127398, 
519) 318008661, 
520) 318070553, 
521) 318571649, 
522) 319518151, 
523) 319605618, 
524) 319965530, 
525) 320140690, 
526) 320268327, 
527) 320351242, 
528) 321846635, 
529) 322399378, 
530) 323035458, 
531) 323494381, 
532) 324936219, 
533) 326255757, 
534) 327219859, 
535) 328049740, 
536) 328468741, 
537) 329204787, 
538) 329206254, 
539) 330601400, 
540) 330749270, 
541) 331357926, 
542) 332256991, 
543) 332356909, 
544) 332562460, 
545) 333714583, 
546) 333950272, 
547) 334073949, 
548) 334643959, 
549) 334695879, 
550) 336215269, 
551) 337656211, 
552) 338443372, 
553) 338640626, 
554) 339055530, 
555) 339261894, 
556) 339491034, 
557) 340332658, 
558) 343049699, 
559) 343812619, 
560) 345011816, 
561) 345054150, 
562) 346616092, 
563) 346869758, 
564) 346876679, 
565) 346908660, 
566) 346941438, 
567) 347748778, 
568) 348005402, 
569) 348198994, 
570) 348621066, 
571) 349267799, 
572) 350697597, 
573) 350820159, 
574) 351201037, 
575) 351794991, 
576) 351824552, 
577) 351933422, 
578) 352257134, 
579) 354893358, 
580) 354969213, 
581) 356613115, 
582) 356816793, 
583) 357248367, 
584) 357985695, 
585) 358237385, 
586) 358435917, 
587) 359094180, 
588) 362945250, 
589) 363083466, 
590) 363585697, 
591) 363901877, 
592) 365906230, 
593) 365944723, 
594) 366072285, 
595) 366470280, 
596) 366737865, 
597) 366816428, 
598) 367317595, 
599) 368477732, 
600) 369068928, 
601) 370072391, 
602) 370293419, 
603) 370972999, 
604) 371735690, 
605) 372380032, 
606) 372570356, 
607) 373074700, 
608) 373187613, 
609) 373603257, 
610) 374403497, 
611) 374637095, 
612) 375990190, 
613) 376639747, 
614) 376690316, 
615) 376973602, 
616) 377681407, 
617) 377907115, 
618) 378064046, 
619) 378080890, 
620) 379079907, 
621) 379967421, 
622) 380365812, 
623) 380368617, 
624) 381130417, 
625) 382667848, 
626) 382817040, 
627) 382882005, 
628) 383913800, 
629) 384424771, 
630) 384524659, 
631) 385041691, 
632) 385176796, 
633) 385232018, 
634) 385899337, 
635) 386045538, 
636) 386368952, 
637) 387731720, 
638) 388282605, 
639) 389420163, 
640) 389667333, 
641) 390200093, 
642) 390415721, 
643) 391538527, 
644) 392309486, 
645) 393475995, 
646) 394212568, 
647) 395342845, 
648) 396713249, 
649) 397651141, 
650) 398106481, 
651) 398988874, 
652) 399095557, 
653) 399848116, 
654) 400833127, 
655) 401501669, 
656) 402873534, 
657) 402900146, 
658) 404895673, 
659) 405220527, 
660) 405292070, 
661) 405443374, 
662) 405793346, 
663) 406021667, 
664) 406184865, 
665) 406673334, 
666) 407311317, 
667) 408132802, 
668) 408727118, 
669) 409063447, 
670) 412141623, 
671) 413274257, 
672) 413432362, 
673) 413509066, 
674) 413566042, 
675) 413844425, 
676) 414034889, 
677) 415019440, 
678) 415737717, 
679) 416539435, 
680) 416652211, 
681) 416998218, 
682) 417159248, 
683) 419118616, 
684) 419191716, 
685) 419317563, 
686) 420219058, 
687) 420363447, 
688) 422468410, 
689) 422761213, 
690) 423167407, 
691) 423170098, 
692) 423473610, 
693) 424001286, 
694) 424806202, 
695) 425212126, 
696) 425569483, 
697) 426208561, 
698) 426327370, 
699) 426942069, 
700) 427700969, 
701) 428368941, 
702) 428528474, 
703) 428740662, 
704) 430180571, 
705) 430477302, 
706) 431287459, 
707) 431472166, 
708) 431610324, 
709) 433049059, 
710) 433423337, 
711) 433879612, 
712) 434508543, 
713) 434867488, 
714) 434892439, 
715) 435238670, 
716) 435743072, 
717) 436427706, 
718) 437952447, 
719) 438418487, 
720) 438503414, 
721) 438783974, 
722) 439370096, 
723) 440265406, 
724) 440567335, 
725) 441201062, 
726) 441383791, 
727) 441607176, 
728) 441794603, 
729) 442702649, 
730) 442808268, 
731) 443201747, 
732) 443406328, 
733) 443950865, 
734) 444320592, 
735) 444911645, 
736) 444969480, 
737) 445524952, 
738) 446175216, 
739) 446850738, 
740) 448010581, 
741) 448155105, 
742) 448198516, 
743) 448284051, 
744) 450256386, 
745) 450725351, 
746) 451035041, 
747) 451258375, 
748) 451430503, 
749) 452086256, 
750) 452339631, 
751) 452951641, 
752) 453175726, 
753) 454085337, 
754) 454901180, 
755) 456055362, 
756) 456667657, 
757) 457107104, 
758) 457303746, 
759) 457321847, 
760) 457971751, 
761) 459265818, 
762) 459353812, 
763) 459782157, 
764) 459894552, 
765) 461088942, 
766) 461131628, 
767) 461384309, 
768) 461426045, 
769) 462554298, 
770) 464906819, 
771) 465201006, 
772) 465500164, 
773) 465549063, 
774) 465580991, 
775) 466904853, 
776) 466972779, 
777) 467079766, 
778) 467416913, 
779) 467570358, 
780) 467629406, 
781) 467826362, 
782) 467973212, 
783) 468242111, 
784) 469180988, 
785) 469753887, 
786) 469973796, 
787) 470579694, 
788) 471325656, 
789) 471434047, 
790) 471655129, 
791) 471771638, 
792) 472122564, 
793) 472888971, 
794) 474827152, 
795) 475390363, 
796) 475442928, 
797) 475680153, 
798) 475958732, 
799) 476348581, 
800) 477674123, 
801) 478057324, 
802) 478230851, 
803) 478233254, 
804) 478709957, 
805) 479545193, 
806) 482788792, 
807) 484022722, 
808) 484914205, 
809) 484948591, 
810) 485113006, 
811) 485781086, 
812) 486088659, 
813) 486733522, 
814) 486767167, 
815) 487632684, 
816) 488666121, 
817) 490506325, 
818) 491310475, 
819) 492143687, 
820) 494237075, 
821) 495432910, 
822) 495742723, 
823) 495758022, 
824) 495780035, 
825) 495804835, 
826) 497365915, 
827) 497627128, 
828) 498684016, 
829) 500131676, 
830) 500582200, 
831) 501424476, 
832) 501778233, 
833) 501811404, 
834) 501930314, 
835) 502506383, 
836) 502602915, 
837) 503325829, 
838) 503333907, 
839) 503914731, 
840) 504566169, 
841) 505690000, 
842) 505693892, 
843) 506072008, 
844) 507602891, 
845) 508714762, 
846) 509032664, 
847) 509148141, 
848) 509294549, 
849) 510635230, 
850) 512368417, 
851) 512901463, 
852) 514118954, 
853) 514569529, 
854) 514989664, 
855) 515186853, 
856) 515215268, 
857) 516580131, 
858) 518105958, 
859) 519542283, 
860) 519969305, 
861) 520188286, 
862) 521799293, 
863) 521879846, 
864) 522948641, 
865) 524002275, 
866) 524524618, 
867) 524959086, 
868) 525255831, 
869) 528879646, 
870) 528883577, 
871) 529394258, 
872) 529617854, 
873) 529900720, 
874) 530034265, 
875) 530047659, 
876) 530181149, 
877) 530574701, 
878) 530863779, 
879) 531254192, 
880) 532473058, 
881) 534139196, 
882) 534482330, 
883) 535281994, 
884) 535454720, 
885) 535586936, 
886) 536490381, 
887) 538187458, 
888) 538315958, 
889) 538639183, 
890) 538645658, 
891) 538807494, 
892) 539889242, 
893) 540126966, 
894) 540185599, 
895) 540918599, 
896) 541161858, 
897) 541815630, 
898) 541939958, 
899) 542543063, 
900) 544448469, 
901) 545129601, 
902) 545139535, 
903) 545428521, 
904) 545878546, 
905) 547121196, 
906) 547397483, 
907) 547873505, 
908) 549726463, 
909) 551138589, 
910) 551175333, 
911) 551183822, 
912) 551666879, 
913) 552017306, 
914) 552137786, 
915) 553451585, 
916) 553464928, 
917) 553880598, 
918) 554203460, 
919) 555312585, 
920) 555359618, 
921) 558456560, 
922) 558569911, 
923) 559381201, 
924) 560365436, 
925) 563747963, 
926) 564423491, 
927) 564684372, 
928) 565376614, 
929) 565418419, 
930) 566960409, 
931) 567990438, 
932) 568012132, 
933) 569020201, 
934) 569389417, 
935) 570980824, 
936) 571498839, 
937) 574162938, 
938) 574374784, 
939) 574502253, 
940) 574970740, 
941) 576939021, 
942) 577267641, 
943) 578164329, 
944) 578776700, 
945) 578996673, 
946) 579188639, 
947) 579517962, 
948) 581501052, 
949) 581512029, 
950) 582145573, 
951) 582780876, 
952) 583373634, 
953) 583708477, 
954) 583982938, 
955) 584096653, 
956) 585122771, 
957) 585188045, 
958) 586848567, 
959) 588000710, 
960) 588230549, 
961) 588301457, 
962) 588677883, 
963) 588782190, 
964) 589279465, 
965) 589704128, 
966) 589945559, 
967) 591117653, 
968) 591150683, 
969) 595182658, 
970) 596338839, 
971) 596444728, 
972) 596612297, 
973) 596624951, 
974) 596746920, 
975) 598141952, 
976) 599402631, 
977) 600248999, 
978) 600850366, 
979) 601634277, 
980) 601814063, 
981) 601848172, 
982) 602040563, 
983) 604019403, 
984) 604556757, 
985) 604581447, 
986) 605696722, 
987) 605935851, 
988) 606077187, 
989) 608215655, 
990) 608351818, 
991) 608908856, 
992) 608925953, 
993) 609731254, 
994) 610475730, 
995) 611063753, 
996) 611677140, 
997) 612332034, 
998) 613567996, 
999) 614969828, 
1000) 615065646, 
1001) 616194916, 
1002) 616654828, 
1003) 618716425, 
1004) 619626280, 
1005) 619939481, 
1006) 621344440, 
1007) 622099244, 
1008) 622161504, 
1009) 622649995, 
1010) 622858207, 
1011) 624422827, 
1012) 624854250, 
1013) 625095824, 
1014) 625217677, 
1015) 625612168, 
1016) 626894035, 
1017) 627992442, 
1018) 628031164, 
1019) 628658428, 
1020) 629138683, 
1021) 629318438, 
1022) 630446986, 
1023) 630727803, 
1024) 631104961, 
1025) 631533568, 
1026) 632365556, 
1027) 633403486, 
1028) 634207334, 
1029) 634707174, 
1030) 635801897, 
1031) 635802875, 
1032) 635891648, 
1033) 637332115, 
1034) 637721114, 
1035) 638229601, 
1036) 639001646, 
1037) 639514785, 
1038) 639846008, 
1039) 640314539, 
1040) 640369301, 
1041) 640725685, 
1042) 640900699, 
1043) 641328132, 
1044) 641346293, 
1045) 641935147, 
1046) 642297158, 
1047) 643401239, 
1048) 644736242, 
1049) 646337869, 
1050) 647093954, 
1051) 647900726, 
1052) 647915432, 
1053) 648595039, 
1054) 649438909, 
1055) 649736432, 
1056) 649943641, 
1057) 652111331, 
1058) 652119388, 
1059) 652703654, 
1060) 652749839, 
1061) 652819115, 
1062) 653999767, 
1063) 654079403, 
1064) 655037544, 
1065) 655999019, 
1066) 656428051, 
1067) 658004612, 
1068) 658234112, 
1069) 658814664, 
1070) 659159311, 
1071) 659342272, 
1072) 659901406, 
1073) 660309641, 
1074) 660332153, 
1075) 660561919, 
1076) 662174257, 
1077) 662715519, 
1078) 663444987, 
1079) 663506866, 
1080) 663828501, 
1081) 663925208, 
1082) 665861756, 
1083) 666509304, 
1084) 666898509, 
1085) 668289981, 
1086) 668320928, 
1087) 668480218, 
1088) 668660306, 
1089) 669158004, 
1090) 669458265, 
1091) 669539692, 
1092) 669920544, 
1093) 671136362, 
1094) 671510668, 
1095) 672145679, 
1096) 672497320, 
1097) 672833722, 
1098) 673186142, 
1099) 674023394, 
1100) 674395058, 
1101) 676203737, 
1102) 677524762, 
1103) 678662108, 
1104) 678812920, 
1105) 679301846, 
1106) 679323619, 
1107) 679463537, 
1108) 679730695, 
1109) 681135124, 
1110) 681306380, 
1111) 682099760, 
1112) 683314585, 
1113) 683338693, 
1114) 683478017, 
1115) 683686596, 
1116) 684313500, 
1117) 684593718, 
1118) 684931222, 
1119) 687035141, 
1120) 688014175, 
1121) 688617013, 
1122) 688815514, 
1123) 689258045, 
1124) 689768794, 
1125) 689860268, 
1126) 690248742, 
1127) 690254380, 
1128) 691091017, 
1129) 691215107, 
1130) 692522632, 
1131) 693097458, 
1132) 693315022, 
1133) 693340363, 
1134) 694069982, 
1135) 694163150, 
1136) 694615017, 
1137) 694736895, 
1138) 694990436, 
1139) 695026832, 
1140) 695878314, 
1141) 696127653, 
1142) 696325518, 
1143) 696412727, 
1144) 696672974, 
1145) 696676395, 
1146) 696878351, 
1147) 697011066, 
1148) 697753659, 
1149) 698341906, 
1150) 698502272, 
1151) 699302721, 
1152) 700291136, 
1153) 700787995, 
1154) 700990199, 
1155) 702377437, 
1156) 703592521, 
1157) 703892122, 
1158) 704826382, 
1159) 705858373, 
1160) 707100287, 
1161) 708396941, 
1162) 708925346, 
1163) 709982782, 
1164) 710436551, 
1165) 711856029, 
1166) 712151742, 
1167) 713735037, 
1168) 713873526, 
1169) 714901036, 
1170) 715144340, 
1171) 716322337, 
1172) 716962256, 
1173) 717745062, 
1174) 718209777, 
1175) 718210714, 
1176) 718348798, 
1177) 718651165, 
1178) 719436935, 
1179) 719716020, 
1180) 719721443, 
1181) 720134050, 
1182) 720158511, 
1183) 720420068, 
1184) 720469818, 
1185) 721500548, 
1186) 721597948, 
1187) 723352489, 
1188) 723447678, 
1189) 723550052, 
1190) 723611037, 
1191) 724790313, 
1192) 725043310, 
1193) 725441901, 
1194) 725968814, 
1195) 726273266, 
1196) 726286970, 
1197) 726855165, 
1198) 727237693, 
1199) 727907956, 
1200) 727914985, 
1201) 728028482, 
1202) 729218278, 
1203) 729416323, 
1204) 729901787, 
1205) 730028541, 
1206) 730343638, 
1207) 731414350, 
1208) 731922935, 
1209) 732783732, 
1210) 734728618, 
1211) 735367481, 
1212) 736327111, 
1213) 737508222, 
1214) 737526423, 
1215) 737740444, 
1216) 737870165, 
1217) 738573773, 
1218) 739037263, 
1219) 739089580, 
1220) 740558344, 
1221) 742571607, 
1222) 742887659, 
1223) 743103410, 
1224) 743354708, 
1225) 744047207, 
1226) 744371169, 
1227) 744990555, 
1228) 745678909, 
1229) 746865234, 
1230) 748175820, 
1231) 749433290, 
1232) 749867567, 
1233) 750133382, 
1234) 750750954, 
1235) 750951527, 
1236) 752163050, 
1237) 752496943, 
1238) 752549781, 
1239) 752831092, 
1240) 753367994, 
1241) 753491517, 
1242) 753795374, 
1243) 754829464, 
1244) 755084783, 
1245) 756096870, 
1246) 756206226, 
1247) 757030891, 
1248) 757238793, 
1249) 757253014, 
1250) 757552354, 
1251) 757813424, 
1252) 757907462, 
1253) 758324527, 
1254) 758972848, 
1255) 758996771, 
1256) 759139518, 
1257) 759693843, 
1258) 760844758, 
1259) 761152848, 
1260) 761307627, 
1261) 761587167, 
1262) 762963837, 
1263) 763213443, 
1264) 765222030, 
1265) 767340033, 
1266) 769816429, 
1267) 770808243, 
1268) 771015420, 
1269) 771353826, 
1270) 771954141, 
1271) 772097228, 
1272) 772783295, 
1273) 772904389, 
1274) 773131794, 
1275) 774630403, 
1276) 774671443, 
1277) 775204102, 
1278) 775570182, 
1279) 775651006, 
1280) 776858386, 
1281) 776862646, 
1282) 777302527, 
1283) 777337763, 
1284) 778203657, 
1285) 778297932, 
1286) 778884739, 
1287) 779032714, 
1288) 779462135, 
1289) 779542703, 
1290) 779647453, 
1291) 779937702, 
1292) 780694375, 
1293) 783000267, 
1294) 784020076, 
1295) 785260122, 
1296) 785347223, 
1297) 787562765, 
1298) 788671850, 
1299) 789997820, 
1300) 790154778, 
1301) 790436583, 
1302) 790720963, 
1303) 790842416, 
1304) 791961908, 
1305) 792743363, 
1306) 793385887, 
1307) 793548506, 
1308) 795082634, 
1309) 795105678, 
1310) 796232402, 
1311) 797391763, 
1312) 797528315, 
1313) 798205286, 
1314) 798725752, 
1315) 798982741, 
1316) 799229832, 
1317) 799828957, 
1318) 800449227, 
1319) 800687169, 
1320) 803335143, 
1321) 803812527, 
1322) 805029174, 
1323) 805134116, 
1324) 805715411, 
1325) 805818331, 
1326) 805918220, 
1327) 806175887, 
1328) 806425765, 
1329) 807159466, 
1330) 808375854, 
1331) 808888865, 
1332) 809435767, 
1333) 810070688, 
1334) 810214057, 
1335) 811046772, 
1336) 811221989, 
1337) 812299521, 
1338) 812400618, 
1339) 812862389, 
1340) 813143715, 
1341) 814258061, 
1342) 814530416, 
1343) 814737304, 
1344) 814900026, 
1345) 815042947, 
1346) 815323884, 
1347) 817216364, 
1348) 817222713, 
1349) 817353907, 
1350) 817661845, 
1351) 819057154, 
1352) 819378990, 
1353) 819611680, 
1354) 820454784, 
1355) 821369669, 
1356) 821815104, 
1357) 821848963, 
1358) 821872099, 
1359) 822543115, 
1360) 823550215, 
1361) 828249538, 
1362) 828334338, 
1363) 828542230, 
1364) 828912069, 
1365) 829607882, 
1366) 830180617, 
1367) 830216520, 
1368) 831381541, 
1369) 831847153, 
1370) 832255864, 
1371) 832697631, 
1372) 833153268, 
1373) 834361834, 
1374) 834395528, 
1375) 835099982, 
1376) 835136355, 
1377) 835145322, 
1378) 835223317, 
1379) 835591150, 
1380) 835623046, 
1381) 836046057, 
1382) 836631325, 
1383) 836683168, 
1384) 836849288, 
1385) 837534707, 
1386) 837915560, 
1387) 839422018, 
1388) 840359047, 
1389) 840395145, 
1390) 840478462, 
1391) 841092424, 
1392) 841387538, 
1393) 842476584, 
1394) 845601386, 
1395) 846062054, 
1396) 847472620, 
1397) 847850052, 
1398) 848261336, 
1399) 848764148, 
1400) 849240311, 
1401) 849400077, 
1402) 849744687, 
1403) 851181832, 
1404) 851370596, 
1405) 852490477, 
1406) 853278077, 
1407) 853751187, 
1408) 853860540, 
1409) 854797057, 
1410) 855012364, 
1411) 855754709, 
1412) 856501251, 
1413) 856543478, 
1414) 856616537, 
1415) 856823840, 
1416) 857532805, 
1417) 859067729, 
1418) 859905392, 
1419) 861213107, 
1420) 862244518, 
1421) 862915628, 
1422) 863520187, 
1423) 863525401, 
1424) 863752790, 
1425) 863809491, 
1426) 864807923, 
1427) 866346803, 
1428) 866739591, 
1429) 866775038, 
1430) 867219086, 
1431) 868483371, 
1432) 868715823, 
1433) 868924625, 
1434) 868949246, 
1435) 869867533, 
1436) 871079784, 
1437) 871403663, 
1438) 872219032, 
1439) 872525282, 
1440) 872732389, 
1441) 873660506, 
1442) 874107555, 
1443) 876817351, 
1444) 876883687, 
1445) 877046552, 
1446) 878348186, 
1447) 878834268, 
1448) 881075747, 
1449) 881235386, 
1450) 881890609, 
1451) 882488979, 
1452) 882561152, 
1453) 883346654, 
1454) 883981656, 
1455) 884800038, 
1456) 886118671, 
1457) 886448651, 
1458) 886507423, 
1459) 886786896, 
1460) 887106966, 
1461) 887911769, 
1462) 888449847, 
1463) 888928361, 
1464) 888988842, 
1465) 889196401, 
1466) 889370553, 
1467) 889586325, 
1468) 890469282, 
1469) 890784340, 
1470) 891184479, 
1471) 891250328, 
1472) 891335557, 
1473) 891425254, 
1474) 891878309, 
1475) 892218466, 
1476) 892685259, 
1477) 892940533, 
1478) 894058069, 
1479) 894085214, 
1480) 894379576, 
1481) 894564091, 
1482) 894668113, 
1483) 896659849, 
1484) 896728373, 
1485) 896797882, 
1486) 897528654, 
1487) 898584873, 
1488) 899041933, 
1489) 899861705, 
1490) 900161154, 
1491) 901708773, 
1492) 902504078, 
1493) 902782998, 
1494) 903556555, 
1495) 903848942, 
1496) 903954976, 
1497) 906351962, 
1498) 907659954, 
1499) 907934888, 
1500) 910610833, 
1501) 910979134, 
1502) 912390194, 
1503) 912621457, 
1504) 912625764, 
1505) 913250271, 
1506) 914224552, 
1507) 914287659, 
1508) 915096831, 
1509) 915859326, 
1510) 916654908, 
1511) 917251323, 
1512) 917556315, 
1513) 917952649, 
1514) 918629684, 
1515) 918630154, 
1516) 918994741, 
1517) 919615782, 
1518) 920498701, 
1519) 920726558, 
1520) 921127093, 
1521) 921325665, 
1522) 921353138, 
1523) 924449783, 
1524) 924924779, 
1525) 925533885, 
1526) 926191657, 
1527) 926829763, 
1528) 926999064, 
1529) 927158700, 
1530) 929201564, 
1531) 929442824, 
1532) 930184603, 
1533) 930235943, 
1534) 930391248, 
1535) 930428692, 
1536) 931239962, 
1537) 931960924, 
1538) 932524164, 
1539) 932933195, 
1540) 933081407, 
1541) 935903983, 
1542) 936054081, 
1543) 936432591, 
1544) 936998439, 
1545) 938718370, 
1546) 940254372, 
1547) 941122174, 
1548) 942010136, 
1549) 942111149, 
1550) 942168100, 
1551) 942272913, 
1552) 943821615, 
1553) 944373775, 
1554) 944758274, 
1555) 945545453, 
1556) 946860282, 
1557) 947314169, 
1558) 947504977, 
1559) 947954050, 
1560) 950350171, 
1561) 950986677, 
1562) 951454209, 
1563) 951733380, 
1564) 951826903, 
1565) 952634872, 
1566) 953085127, 
1567) 953118040, 
1568) 953124813, 
1569) 953324217, 
1570) 953978959, 
1571) 955088447, 
1572) 955099171, 
1573) 957245647, 
1574) 957896914, 
1575) 959276515, 
1576) 960014192, 
1577) 960729500, 
1578) 961364115, 
1579) 961435475, 
1580) 962425092, 
1581) 963084052, 
1582) 964122398, 
1583) 964618913, 
1584) 965222163, 
1585) 965855289, 
1586) 966415022, 
1587) 967036589, 
1588) 967620340, 
1589) 968089652, 
1590) 968376194, 
1591) 971467686, 
1592) 971577465, 
1593) 971754172, 
1594) 971965251, 
1595) 972230334, 
1596) 973654386, 
1597) 973988426, 
1598) 974100158, 
1599) 974503218, 
1600) 975500978, 
1601) 975706374, 
1602) 976030497, 
1603) 977252967, 
1604) 977296346, 
1605) 977480957, 
1606) 978110879, 
1607) 978783212, 
1608) 979140199, 
1609) 979437628, 
1610) 979703200, 
1611) 979754730, 
1612) 981450083, 
1613) 981548127, 
1614) 981579460, 
1615) 982248298, 
1616) 983045656, 
1617) 983226262, 
1618) 983329560, 
1619) 984504122, 
1620) 985383162, 
1621) 985550530, 
1622) 986381515, 
1623) 986688473, 
1624) 986937330, 
1625) 987026189, 
1626) 987257736, 
1627) 987576200, 
1628) 988348224, 
1629) 988434697, 
1630) 989586913, 
1631) 989985855, 
1632) 990982808, 
1633) 991119554, 
1634) 991238407, 
1635) 991350902, 
1636) 991565245, 
1637) 992347578, 
1638) 992521443, 
1639) 992963989, 
1640) 993581676, 
1641) 994143079, 
1642) 995045880, 
1643) 995266536, 
1644) 995376157, 
1645) 996395094, 
1646) 997137838, 
1647) 997566191, 
1648) 999556829, 
1649) 1000063772, 
1650) 1000307928, 
1651) 1000420940, 
1652) 1001696628, 
1653) 1001980394, 
1654) 1002338364, 
1655) 1003318776, 
1656) 1003609348, 
1657) 1004071917, 
1658) 1004423305, 
1659) 1004507535, 
1660) 1005384641, 
1661) 1007099276, 
1662) 1007876442, 
1663) 1008034551, 
1664) 1009003740, 
1665) 1009014894, 
1666) 1009049412, 
1667) 1009338460, 
1668) 1009508561, 
1669) 1009921203, 
1670) 1011045682, 
1671) 1011160516, 
1672) 1011369511, 
1673) 1011393364, 
1674) 1011621330, 
1675) 1013274151, 
1676) 1013572819, 
1677) 1016410127, 
1678) 1016577003, 
1679) 1016922052, 
1680) 1016936005, 
1681) 1017363384, 
1682) 1017595866, 
1683) 1018167323, 
1684) 1021519355, 
1685) 1023761693, 
1686) 1024748461, 
1687) 1025892030, 
1688) 1026412737, 
1689) 1026428490, 
1690) 1027101172, 
1691) 1027921778, 
1692) 1028132776, 
1693) 1028267119, 
1694) 1029288364, 
1695) 1030192986, 
1696) 1030505334, 
1697) 1030829491, 
1698) 1031426013, 
1699) 1033070184, 
1700) 1033713671, 
1701) 1033810820, 
1702) 1034150132, 
1703) 1034287985, 
1704) 1034699870, 
1705) 1034740590, 
1706) 1034783131, 
1707) 1035185910, 
1708) 1035790193, 
1709) 1036832266, 
1710) 1037189903, 
1711) 1037605442, 
1712) 1037748898, 
1713) 1038068586, 
1714) 1038784117, 
1715) 1040299604, 
1716) 1040702510, 
1717) 1042276016, 
1718) 1043913035, 
1719) 1044127610, 
1720) 1044551412, 
1721) 1044919087, 
1722) 1047990307, 
1723) 1049805627, 
1724) 1050096271, 
1725) 1050667684, 
1726) 1051215521, 
1727) 1051824172, 
1728) 1051861504, 
1729) 1051866366, 
1730) 1052010138, 
1731) 1052095715, 
1732) 1052256976, 
1733) 1052382369, 
1734) 1053278616, 
1735) 1053359887, 
1736) 1053705801, 
1737) 1054484703, 
1738) 1054839104, 
1739) 1055599364, 
1740) 1056245691, 
1741) 1056628283, 
1742) 1056785879, 
1743) 1057809358, 
1744) 1059100308, 
1745) 1060038013, 
1746) 1060482074, 
1747) 1060901532, 
1748) 1061430304, 
1749) 1062017826, 
1750) 1062466812, 
1751) 1062887694, 
1752) 1064490865, 
1753) 1064786035, 
1754) 1065330046, 
1755) 1066311148, 
1756) 1066362283, 
1757) 1068975005, 
1758) 1069043645, 
1759) 1069164522, 
1760) 1069490196, 
1761) 1070309588, 
1762) 1070455862, 
1763) 1070528630, 
1764) 1070618032, 
1765) 1072508821, 
1766) 1073025646, 
1767) 1074324157, 
1768) 1075540598, 
1769) 1076283711, 
1770) 1077372871, 
1771) 1077468151, 
1772) 1077657563, 
1773) 1078976210, 
1774) 1079547092, 
1775) 1080029989, 
1776) 1082429793, 
1777) 1082589007, 
1778) 1082673886, 
1779) 1083397637, 
1780) 1084234033, 
1781) 1084958397, 
1782) 1085819598, 
1783) 1086108474, 
1784) 1086162547, 
1785) 1086600184, 
1786) 1086764673, 
1787) 1086783302, 
1788) 1087161979, 
1789) 1088078660, 
1790) 1089024433, 
1791) 1090222079, 
1792) 1090438013, 
1793) 1091162763, 
1794) 1091554155, 
1795) 1092302115, 
1796) 1092304364, 
1797) 1092508592, 
1798) 1093517963, 
1799) 1093716809, 
1800) 1094303521, 
1801) 1094576675, 
1802) 1094758655, 
1803) 1095137444, 
1804) 1095884781, 
1805) 1096237450, 
1806) 1096902543, 
1807) 1097136835, 
1808) 1097387146, 
1809) 1097437607, 
1810) 1097900970, 
1811) 1098614030, 
1812) 1099336182, 
1813) 1099771258, 
1814) 1100352494, 
1815) 1100370298, 
1816) 1103493616, 
1817) 1104073860, 
1818) 1104110264, 
1819) 1104317477, 
1820) 1105224778, 
1821) 1105591717, 
1822) 1106519123, 
1823) 1107032714, 
1824) 1109824999, 
1825) 1110956296, 
1826) 1111881686, 
1827) 1112865539, 
1828) 1113417299, 
1829) 1113743046, 
1830) 1115440659, 
1831) 1116096596, 
1832) 1116335494, 
1833) 1116455811, 
1834) 1117404498, 
1835) 1119549095, 
1836) 1120529541, 
1837) 1120786095, 
1838) 1120855634, 
1839) 1122546344, 
1840) 1122590962, 
1841) 1122865821, 
1842) 1124811970, 
1843) 1127326185, 
1844) 1127376728, 
1845) 1128677673, 
1846) 1128704297, 
1847) 1129665249, 
1848) 1129989543, 
1849) 1132877623, 
1850) 1133690727, 
1851) 1136227749, 
1852) 1137976465, 
1853) 1140317192, 
1854) 1141192905, 
1855) 1142847471, 
1856) 1143199702, 
1857) 1143617286, 
1858) 1143874196, 
1859) 1145140531, 
1860) 1145917344, 
1861) 1146042784, 
1862) 1146539334, 
1863) 1146981135, 
1864) 1147980833, 
1865) 1148795442, 
1866) 1148930122, 
1867) 1149661722, 
1868) 1149861532, 
1869) 1151143897, 
1870) 1151989187, 
1871) 1152057655, 
1872) 1152204762, 
1873) 1152678157, 
1874) 1152990301, 
1875) 1153645303, 
1876) 1154225900, 
1877) 1154493085, 
1878) 1155877341, 
1879) 1156175654, 
1880) 1156637883, 
1881) 1157708932, 
1882) 1158293443, 
1883) 1159010363, 
1884) 1159129586, 
1885) 1160503856, 
1886) 1160540781, 
1887) 1161435132, 
1888) 1163093572, 
1889) 1164695546, 
1890) 1164962769, 
1891) 1164990851, 
1892) 1165479523, 
1893) 1166455956, 
1894) 1166628413, 
1895) 1167313385, 
1896) 1167449377, 
1897) 1167480809, 
1898) 1167687191, 
1899) 1168171734, 
1900) 1169349191, 
1901) 1169434831, 
1902) 1169614795, 
1903) 1169686571, 
1904) 1170437712, 
1905) 1170780824, 
1906) 1171158902, 
1907) 1171357346, 
1908) 1171437303, 
1909) 1171760337, 
1910) 1172433177, 
1911) 1172974462, 
1912) 1173962748, 
1913) 1174217645, 
1914) 1174609239, 
1915) 1174693357, 
1916) 1175225598, 
1917) 1175709981, 
1918) 1175735452, 
1919) 1176578831, 
1920) 1177477098, 
1921) 1177955971, 
1922) 1178561232, 
1923) 1179348420, 
1924) 1179563579, 
1925) 1179992630, 
1926) 1180097977, 
1927) 1180667327, 
1928) 1182374496, 
1929) 1182489369, 
1930) 1182673733, 
1931) 1182676208, 
1932) 1182678193, 
1933) 1182765211, 
1934) 1183031054, 
1935) 1183600536, 
1936) 1183722117, 
1937) 1183948881, 
1938) 1184258864, 
1939) 1184603817, 
1940) 1184674846, 
1941) 1185391427, 
1942) 1185893498, 
1943) 1186554299, 
1944) 1187016857, 
1945) 1188533319, 
1946) 1188803428, 
1947) 1188914639, 
1948) 1188999902, 
1949) 1189145315, 
1950) 1189190347, 
1951) 1189403865, 
1952) 1190420446, 
1953) 1190649486, 
1954) 1192416044, 
1955) 1192866287, 
1956) 1193812651, 
1957) 1195483159, 
1958) 1195810613, 
1959) 1196146413, 
1960) 1197257529, 
1961) 1197589112, 
1962) 1198581222, 
1963) 1198675978, 
1964) 1200216135, 
1965) 1201770920, 
1966) 1202800853, 
1967) 1202864619, 
1968) 1204020499, 
1969) 1204610068, 
1970) 1205325876, 
1971) 1205673770, 
1972) 1205927600, 
1973) 1206967967, 
1974) 1207034216, 
1975) 1208009094, 
1976) 1208255890, 
1977) 1210193425, 
1978) 1210609262, 
1979) 1212605525, 
1980) 1212724310, 
1981) 1213012158, 
1982) 1214298786, 
1983) 1214332289, 
1984) 1214545843, 
1985) 1216107915, 
1986) 1217983037, 
1987) 1218495028, 
1988) 1218684880, 
1989) 1218997387, 
1990) 1220608151, 
1991) 1220718276, 
1992) 1221394108, 
1993) 1221499548, 
1994) 1221531296, 
1995) 1221920024, 
1996) 1222240288, 
1997) 1222493661, 
1998) 1225070525, 
1999) 1225136855, 
2000) 1225305816, 
2001) 1225423089, 
2002) 1225976224, 
2003) 1226677942, 
2004) 1227090478, 
2005) 1228858451, 
2006) 1229463995, 
2007) 1230429922, 
2008) 1230566248, 
2009) 1233144313, 
2010) 1234141122, 
2011) 1234688476, 
2012) 1235189597, 
2013) 1235446060, 
2014) 1235812211, 
2015) 1236622596, 
2016) 1237528568, 
2017) 1237530574, 
2018) 1238021777, 
2019) 1238885439, 
2020) 1239045073, 
2021) 1240210145, 
2022) 1240520731, 
2023) 1242208097, 
2024) 1242842576, 
2025) 1243451941, 
2026) 1243862592, 
2027) 1245471330, 
2028) 1246656641, 
2029) 1248060030, 
2030) 1248175480, 
2031) 1248535116, 
2032) 1249211121, 
2033) 1249504922, 
2034) 1249573826, 
2035) 1249923995, 
2036) 1251090064, 
2037) 1252483122, 
2038) 1252603189, 
2039) 1253068001, 
2040) 1254463538, 
2041) 1254723725, 
2042) 1255664443, 
2043) 1256127627, 
2044) 1257203434, 
2045) 1257402404, 
2046) 1257443127, 
2047) 1258275471, 
2048) 1258718891, 
2049) 1258863729, 
2050) 1260259645, 
2051) 1261866541, 
2052) 1262779855, 
2053) 1263172893, 
2054) 1263304270, 
2055) 1263313144, 
2056) 1263325713, 
2057) 1263831062, 
2058) 1264207004, 
2059) 1265710237, 
2060) 1265923884, 
2061) 1266202265, 
2062) 1266273820, 
2063) 1266668152, 
2064) 1266870461, 
2065) 1266894679, 
2066) 1268935193, 
2067) 1269213614, 
2068) 1269490685, 
2069) 1269573846, 
2070) 1271224645, 
2071) 1272002293, 
2072) 1273050615, 
2073) 1273137619, 
2074) 1273580402, 
2075) 1273819911, 
2076) 1274162938, 
2077) 1274361990, 
2078) 1276150705, 
2079) 1277004111, 
2080) 1277519909, 
2081) 1278887142, 
2082) 1279941179, 
2083) 1280422901, 
2084) 1281123574, 
2085) 1282423078, 
2086) 1283014723, 
2087) 1284765648, 
2088) 1285463107, 
2089) 1287054683, 
2090) 1287897600, 
2091) 1289540071, 
2092) 1290344260, 
2093) 1290617920, 
2094) 1293007563, 
2095) 1293345925, 
2096) 1293779143, 
2097) 1294032054, 
2098) 1294678848, 
2099) 1296908979, 
2100) 1297610988, 
2101) 1299394034, 
2102) 1300326018, 
2103) 1300719288, 
2104) 1301757300, 
2105) 1301974550, 
2106) 1302270994, 
2107) 1303157185, 
2108) 1303926898, 
2109) 1304043744, 
2110) 1304524948, 
2111) 1304779779, 
2112) 1304910917, 
2113) 1305509352, 
2114) 1306983097, 
2115) 1307847482, 
2116) 1308164209, 
2117) 1308630028, 
2118) 1308648207, 
2119) 1308827908, 
2120) 1309214543, 
2121) 1311182342, 
2122) 1312372792, 
2123) 1313059822, 
2124) 1313360246, 
2125) 1313543965, 
2126) 1313649902, 
2127) 1314353019, 
2128) 1314410643, 
2129) 1315451704, 
2130) 1315646373, 
2131) 1315742876, 
2132) 1317929134, 
2133) 1318407824, 
2134) 1318578640, 
2135) 1318679909, 
2136) 1320114720, 
2137) 1320393623, 
2138) 1320873710, 
2139) 1321739733, 
2140) 1322314693, 
2141) 1322769416, 
2142) 1323177036, 
2143) 1324539965, 
2144) 1326081210, 
2145) 1326555350, 
2146) 1327844045, 
2147) 1328125508, 
2148) 1328442068, 
2149) 1329020476, 
2150) 1329617177, 
2151) 1329789910, 
2152) 1331165081, 
2153) 1332505634, 
2154) 1332573873, 
2155) 1332614996, 
2156) 1332783668, 
2157) 1333677889, 
2158) 1334023892, 
2159) 1334224774, 
2160) 1334257587, 
2161) 1334714395, 
2162) 1334835933, 
2163) 1335214852, 
2164) 1335759443, 
2165) 1336037275, 
2166) 1336354951, 
2167) 1336441001, 
2168) 1337130577, 
2169) 1338404644, 
2170) 1341116731, 
2171) 1341630948, 
2172) 1342501851, 
2173) 1344553455, 
2174) 1344639882, 
2175) 1345066104, 
2176) 1346966996, 
2177) 1348019087, 
2178) 1348451115, 
2179) 1348986176, 
2180) 1349550634, 
2181) 1349926777, 
2182) 1351303901, 
2183) 1352320865, 
2184) 1353865025, 
2185) 1354877781, 
2186) 1356322029, 
2187) 1356489614, 
2188) 1357492108, 
2189) 1358917544, 
2190) 1359261359, 
2191) 1359351288, 
2192) 1359863371, 
2193) 1359946140, 
2194) 1361198824, 
2195) 1361753905, 
2196) 1364225388, 
2197) 1364680598, 
2198) 1364791027, 
2199) 1365105033, 
2200) 1365406313, 
2201) 1365553073, 
2202) 1365679199, 
2203) 1365943403, 
2204) 1366580094, 
2205) 1366875808, 
2206) 1368952825, 
2207) 1370127287, 
2208) 1370521968, 
2209) 1370903249, 
2210) 1372130347, 
2211) 1373246996, 
2212) 1373932737, 
2213) 1375184104, 
2214) 1375428840, 
2215) 1376541879, 
2216) 1377255081, 
2217) 1378825999, 
2218) 1378864083, 
2219) 1379552994, 
2220) 1380756828, 
2221) 1381537792, 
2222) 1381903493, 
2223) 1381975777, 
2224) 1382010307, 
2225) 1383033226, 
2226) 1383555142, 
2227) 1384118848, 
2228) 1384781139, 
2229) 1385274976, 
2230) 1385705119, 
2231) 1386399172, 
2232) 1386923522, 
2233) 1386956049, 
2234) 1387510732, 
2235) 1388780288, 
2236) 1388797677, 
2237) 1390869045, 
2238) 1390954265, 
2239) 1391012580, 
2240) 1391926554, 
2241) 1392465025, 
2242) 1392467196, 
2243) 1393105823, 
2244) 1393373093, 
2245) 1394239362, 
2246) 1395063392, 
2247) 1395463397, 
2248) 1395526246, 
2249) 1395756260, 
2250) 1395923303, 
2251) 1396205728, 
2252) 1396859289, 
2253) 1397364400, 
2254) 1397610509, 
2255) 1397993845, 
2256) 1398582960, 
2257) 1399737909, 
2258) 1400929643, 
2259) 1401572827, 
2260) 1401844138, 
2261) 1402321015, 
2262) 1402936283, 
2263) 1403156582, 
2264) 1403503779, 
2265) 1403853710, 
2266) 1404246977, 
2267) 1404376970, 
2268) 1404841738, 
2269) 1405266238, 
2270) 1405906717, 
2271) 1406274760, 
2272) 1406401462, 
2273) 1407779934, 
2274) 1407827998, 
2275) 1408078677, 
2276) 1408164241, 
2277) 1408939818, 
2278) 1409518064, 
2279) 1410022782, 
2280) 1410122993, 
2281) 1410347122, 
2282) 1410555123, 
2283) 1411016048, 
2284) 1411551304, 
2285) 1413807865, 
2286) 1413883040, 
2287) 1413993922, 
2288) 1415259201, 
2289) 1415484709, 
2290) 1415500403, 
2291) 1416006564, 
2292) 1416591413, 
2293) 1417157686, 
2294) 1418780524, 
2295) 1419438577, 
2296) 1419473248, 
2297) 1419584194, 
2298) 1419661137, 
2299) 1420727802, 
2300) 1420778951, 
2301) 1421646503, 
2302) 1421867583, 
2303) 1422129920, 
2304) 1422164476, 
2305) 1422664780, 
2306) 1423281462, 
2307) 1423620498, 
2308) 1425454413, 
2309) 1428358863, 
2310) 1429399751, 
2311) 1430595944, 
2312) 1430713349, 
2313) 1430937266, 
2314) 1431245584, 
2315) 1431460230, 
2316) 1431799754, 
2317) 1432242649, 
2318) 1432453079, 
2319) 1432566906, 
2320) 1432595498, 
2321) 1433431963, 
2322) 1433451963, 
2323) 1434140492, 
2324) 1435154640, 
2325) 1435262969, 
2326) 1435937165, 
2327) 1436014810, 
2328) 1437078972, 
2329) 1437860495, 
2330) 1438883000, 
2331) 1439124243, 
2332) 1439359092, 
2333) 1439899761, 
2334) 1439899785, 
2335) 1440462089, 
2336) 1441100816, 
2337) 1441309045, 
2338) 1441476314, 
2339) 1441798860, 
2340) 1442245306, 
2341) 1442754677, 
2342) 1442863088, 
2343) 1443208915, 
2344) 1443493887, 
2345) 1445172688, 
2346) 1445747727, 
2347) 1446009160, 
2348) 1447119115, 
2349) 1447784546, 
2350) 1448074358, 
2351) 1448149904, 
2352) 1448596916, 
2353) 1450592719, 
2354) 1451477990, 
2355) 1451848795, 
2356) 1452827724, 
2357) 1453038110, 
2358) 1453544860, 
2359) 1453948116, 
2360) 1455822312, 
2361) 1456478731, 
2362) 1456848067, 
2363) 1457268116, 
2364) 1457387286, 
2365) 1457645789, 
2366) 1457876038, 
2367) 1457982350, 
2368) 1458251253, 
2369) 1458398463, 
2370) 1458402684, 
2371) 1459695397, 
2372) 1460303200, 
2373) 1460999324, 
2374) 1461487351, 
2375) 1462898757, 
2376) 1463246663, 
2377) 1464106449, 
2378) 1464152627, 
2379) 1464168595, 
2380) 1464915765, 
2381) 1465367006, 
2382) 1465437735, 
2383) 1465719283, 
2384) 1465752318, 
2385) 1466392865, 
2386) 1466585365, 
2387) 1466709755, 
2388) 1467540813, 
2389) 1468350590, 
2390) 1469065620, 
2391) 1472350249, 
2392) 1472635391, 
2393) 1473547535, 
2394) 1474325592, 
2395) 1474561765, 
2396) 1474777687, 
2397) 1475267219, 
2398) 1475725837, 
2399) 1476306832, 
2400) 1476823387, 
2401) 1477433443, 
2402) 1477513699, 
2403) 1477607132, 
2404) 1478571104, 
2405) 1478787238, 
2406) 1479712142, 
2407) 1480173527, 
2408) 1480352604, 
2409) 1481271968, 
2410) 1482067907, 
2411) 1482122727, 
2412) 1482738987, 
2413) 1484283710, 
2414) 1484865795, 
2415) 1485242441, 
2416) 1486549721, 
2417) 1486669612, 
2418) 1486995967, 
2419) 1487067567, 
2420) 1488217292, 
2421) 1489534883, 
2422) 1489596818, 
2423) 1489740472, 
2424) 1491422804, 
2425) 1491827627, 
2426) 1491836207, 
2427) 1492861247, 
2428) 1493124322, 
2429) 1493702703, 
2430) 1494280757, 
2431) 1494284576, 
2432) 1494381323, 
2433) 1494719452, 
2434) 1496045928, 
2435) 1496255864, 
2436) 1496296444, 
2437) 1497063348, 
2438) 1497249736, 
2439) 1497616163, 
2440) 1497786887, 
2441) 1498986760, 
2442) 1499979104, 
2443) 1500412521, 
2444) 1501437880, 
2445) 1502178833, 
2446) 1502712315, 
2447) 1502716715, 
2448) 1502978553, 
2449) 1503110480, 
2450) 1503187276, 
2451) 1503478322, 
2452) 1503621577, 
2453) 1504365243, 
2454) 1504675667, 
2455) 1504725844, 
2456) 1504856250, 
2457) 1505377349, 
2458) 1506158849, 
2459) 1506650914, 
2460) 1506988949, 
2461) 1507552103, 
2462) 1507740759, 
2463) 1508951183, 
2464) 1509720455, 
2465) 1509972530, 
2466) 1510064138, 
2467) 1511669750, 
2468) 1511837853, 
2469) 1512511149, 
2470) 1513393730, 
2471) 1513828958, 
2472) 1514484000, 
2473) 1514960208, 
2474) 1515270423, 
2475) 1515417153, 
2476) 1516196474, 
2477) 1517875907, 
2478) 1518870334, 
2479) 1520288708, 
2480) 1520299021, 
2481) 1520674975, 
2482) 1521414175, 
2483) 1522098840, 
2484) 1522370683, 
2485) 1522465749, 
2486) 1523193873, 
2487) 1523515139, 
2488) 1523886906, 
2489) 1524244161, 
2490) 1525049162, 
2491) 1526103049, 
2492) 1526761768, 
2493) 1527938117, 
2494) 1528761538, 
2495) 1529087645, 
2496) 1529864966, 
2497) 1530096008, 
2498) 1530301872, 
2499) 1531220860, 
2500) 1531775266, 
2501) 1532318015, 
2502) 1532813205, 
2503) 1533648008, 
2504) 1534343675, 
2505) 1534475206, 
2506) 1534902448, 
2507) 1535263629, 
2508) 1535272541, 
2509) 1535554892, 
2510) 1536398925, 
2511) 1536526373, 
2512) 1536611219, 
2513) 1537247653, 
2514) 1537371677, 
2515) 1537499646, 
2516) 1537750816, 
2517) 1538125046, 
2518) 1539273226, 
2519) 1539419936, 
2520) 1539436095, 
2521) 1539901214, 
2522) 1540135593, 
2523) 1542823247, 
2524) 1542869482, 
2525) 1543215515, 
2526) 1543255541, 
2527) 1543332961, 
2528) 1543907508, 
2529) 1544751518, 
2530) 1545501885, 
2531) 1545915688, 
2532) 1546794181, 
2533) 1551432477, 
2534) 1551879565, 
2535) 1551972320, 
2536) 1552280129, 
2537) 1552952864, 
2538) 1553501134, 
2539) 1553820207, 
2540) 1554176898, 
2541) 1554340609, 
2542) 1554960446, 
2543) 1555027154, 
2544) 1556340236, 
2545) 1556495165, 
2546) 1556844957, 
2547) 1557477592, 
2548) 1557766241, 
2549) 1558551854, 
2550) 1559135996, 
2551) 1559139440, 
2552) 1559176754, 
2553) 1561525159, 
2554) 1562253749, 
2555) 1562644798, 
2556) 1562696916, 
2557) 1562915561, 
2558) 1562916185, 
2559) 1562984970, 
2560) 1564194530, 
2561) 1565882258, 
2562) 1566875458, 
2563) 1567520377, 
2564) 1568098732, 
2565) 1569019701, 
2566) 1569799919, 
2567) 1570597527, 
2568) 1573048261, 
2569) 1574965886, 
2570) 1575792082, 
2571) 1577019595, 
2572) 1577210567, 
2573) 1577563490, 
2574) 1577879026, 
2575) 1578169582, 
2576) 1578723129, 
2577) 1578899642, 
2578) 1578976852, 
2579) 1579446079, 
2580) 1579793488, 
2581) 1579886044, 
2582) 1580461787, 
2583) 1581583019, 
2584) 1582014802, 
2585) 1582927568, 
2586) 1583631922, 
2587) 1583645387, 
2588) 1583935683, 
2589) 1584895089, 
2590) 1586084853, 
2591) 1587178566, 
2592) 1587507787, 
2593) 1587761454, 
2594) 1588355710, 
2595) 1588958058, 
2596) 1589037951, 
2597) 1589509248, 
2598) 1590092678, 
2599) 1590794047, 
2600) 1592796862, 
2601) 1593159197, 
2602) 1593453557, 
2603) 1593521905, 
2604) 1593667840, 
2605) 1594105142, 
2606) 1594327706, 
2607) 1595840468, 
2608) 1596068344, 
2609) 1596427505, 
2610) 1596462934, 
2611) 1596917683, 
2612) 1598111243, 
2613) 1598184717, 
2614) 1598337078, 
2615) 1598426750, 
2616) 1598474982, 
2617) 1599112407, 
2618) 1599560229, 
2619) 1599708559, 
2620) 1602198579, 
2621) 1602293224, 
2622) 1602416336, 
2623) 1602597462, 
2624) 1603615227, 
2625) 1603895612, 
2626) 1604048772, 
2627) 1606243738, 
2628) 1606348473, 
2629) 1608629253, 
2630) 1608728971, 
2631) 1610341740, 
2632) 1610860099, 
2633) 1611101323, 
2634) 1612326824, 
2635) 1613042048, 
2636) 1613878157, 
2637) 1615054457, 
2638) 1615614298, 
2639) 1616022804, 
2640) 1616152983, 
2641) 1616637847, 
2642) 1621979946, 
2643) 1622125459, 
2644) 1622148275, 
2645) 1622275106, 
2646) 1622852356, 
2647) 1623400530, 
2648) 1623821664, 
2649) 1623968743, 
2650) 1624492486, 
2651) 1627967971, 
2652) 1628258576, 
2653) 1629157463, 
2654) 1630446702, 
2655) 1630673970, 
2656) 1631040535, 
2657) 1631406671, 
2658) 1631767467, 
2659) 1632165159, 
2660) 1632172895, 
2661) 1632333570, 
2662) 1632618690, 
2663) 1632683359, 
2664) 1633218707, 
2665) 1634170043, 
2666) 1634188671, 
2667) 1634522828, 
2668) 1634834049, 
2669) 1634880434, 
2670) 1636332298, 
2671) 1636974523, 
2672) 1637153452, 
2673) 1638139610, 
2674) 1638310529, 
2675) 1639069767, 
2676) 1639190877, 
2677) 1640439277, 
2678) 1640655456, 
2679) 1640828839, 
2680) 1640872684, 
2681) 1641152454, 
2682) 1641242310, 
2683) 1641329979, 
2684) 1641723897, 
2685) 1641778770, 
2686) 1642612808, 
2687) 1643032539, 
2688) 1643220617, 
2689) 1643342169, 
2690) 1644176650, 
2691) 1644525877, 
2692) 1645641019, 
2693) 1646892894, 
2694) 1647488401, 
2695) 1648082477, 
2696) 1650042541, 
2697) 1650792195, 
2698) 1651020805, 
2699) 1651222093, 
2700) 1651378036, 
2701) 1651473584, 
2702) 1651923997, 
2703) 1654031013, 
2704) 1654045956, 
2705) 1654412802, 
2706) 1655055722, 
2707) 1655114046, 
2708) 1655391386, 
2709) 1655728335, 
2710) 1655793321, 
2711) 1656518453, 
2712) 1656556418, 
2713) 1657292020, 
2714) 1658046280, 
2715) 1658996473, 
2716) 1659154925, 
2717) 1659353061, 
2718) 1660610173, 
2719) 1660730149, 
2720) 1660915757, 
2721) 1661340326, 
2722) 1661969406, 
2723) 1662579775, 
2724) 1663165967, 
2725) 1665096809, 
2726) 1666084663, 
2727) 1666226366, 
2728) 1666651360, 
2729) 1667081429, 
2730) 1667132090, 
2731) 1667236358, 
2732) 1667360749, 
2733) 1668342123, 
2734) 1668492257, 
2735) 1668793344, 
2736) 1669590729, 
2737) 1671166803, 
2738) 1671366724, 
2739) 1671694280, 
2740) 1672631756, 
2741) 1673031457, 
2742) 1677075017, 
2743) 1677437931, 
2744) 1677803500, 
2745) 1679886521, 
2746) 1680526010, 
2747) 1680653426, 
2748) 1681556379, 
2749) 1681670620, 
2750) 1682418919, 
2751) 1683157364, 
2752) 1683245974, 
2753) 1683791198, 
2754) 1684694859, 
2755) 1684729054, 
2756) 1685247690, 
2757) 1685693290, 
2758) 1685942284, 
2759) 1686843236, 
2760) 1686968837, 
2761) 1686983135, 
2762) 1687324549, 
2763) 1687856473, 
2764) 1688231682, 
2765) 1688587856, 
2766) 1688737816, 
2767) 1688983355, 
2768) 1691777205, 
2769) 1691929758, 
2770) 1692597597, 
2771) 1694411487, 
2772) 1695020951, 
2773) 1695347137, 
2774) 1695366301, 
2775) 1695625137, 
2776) 1696732312, 
2777) 1697046657, 
2778) 1697602680, 
2779) 1697779447, 
2780) 1699076438, 
2781) 1699436415, 
2782) 1700041126, 
2783) 1700097982, 
2784) 1700225035, 
2785) 1700830263, 
2786) 1702336759, 
2787) 1702380182, 
2788) 1702566380, 
2789) 1702739138, 
2790) 1702948893, 
2791) 1703874922, 
2792) 1703911648, 
2793) 1704220167, 
2794) 1704507009, 
2795) 1704967090, 
2796) 1705122943, 
2797) 1708017321, 
2798) 1709173980, 
2799) 1709755371, 
2800) 1709935008, 
2801) 1711250861, 
2802) 1712253089, 
2803) 1714620349, 
2804) 1714989859, 
2805) 1715265501, 
2806) 1715791293, 
2807) 1715800059, 
2808) 1717096802, 
2809) 1717638579, 
2810) 1717761438, 
2811) 1717910872, 
2812) 1717934591, 
2813) 1718420992, 
2814) 1719915759, 
2815) 1720063517, 
2816) 1720538816, 
2817) 1720805173, 
2818) 1720816952, 
2819) 1721222588, 
2820) 1721608034, 
2821) 1721930668, 
2822) 1723267121, 
2823) 1723330710, 
2824) 1723880948, 
2825) 1724074053, 
2826) 1724134640, 
2827) 1724895052, 
2828) 1726154231, 
2829) 1726270786, 
2830) 1728949209, 
2831) 1728978724, 
2832) 1730344640, 
2833) 1731315916, 
2834) 1731798436, 
2835) 1733013588, 
2836) 1733318710, 
2837) 1733435113, 
2838) 1733803507, 
2839) 1734791158, 
2840) 1735011722, 
2841) 1735237453, 
2842) 1735467176, 
2843) 1736817181, 
2844) 1737446094, 
2845) 1737819113, 
2846) 1738200617, 
2847) 1740163542, 
2848) 1740273039, 
2849) 1740924805, 
2850) 1741296734, 
2851) 1741391606, 
2852) 1742049978, 
2853) 1742280736, 
2854) 1743737431, 
2855) 1745584045, 
2856) 1746558320, 
2857) 1746668755, 
2858) 1746736421, 
2859) 1747053793, 
2860) 1747796711, 
2861) 1747843846, 
2862) 1748368194, 
2863) 1748891119, 
2864) 1751668495, 
2865) 1752970473, 
2866) 1753093326, 
2867) 1753105538, 
2868) 1753255505, 
2869) 1753326452, 
2870) 1754407280, 
2871) 1754958239, 
2872) 1755409915, 
2873) 1755468800, 
2874) 1755596376, 
2875) 1755785728, 
2876) 1757304184, 
2877) 1758922123, 
2878) 1759388368, 
2879) 1759531019, 
2880) 1759893484, 
2881) 1759933896, 
2882) 1760232589, 
2883) 1760314235, 
2884) 1760837725, 
2885) 1762748785, 
2886) 1763470180, 
2887) 1763602426, 
2888) 1763746585, 
2889) 1764260137, 
2890) 1764542845, 
2891) 1765039754, 
2892) 1765266222, 
2893) 1765414562, 
2894) 1765909867, 
2895) 1766444418, 
2896) 1768744231, 
2897) 1768765929, 
2898) 1770825151, 
2899) 1770843596, 
2900) 1771208764, 
2901) 1771300380, 
2902) 1771418750, 
2903) 1773738403, 
2904) 1776117449, 
2905) 1776831163, 
2906) 1779557867, 
2907) 1780796729, 
2908) 1781265476, 
2909) 1781271327, 
2910) 1781328643, 
2911) 1781700245, 
2912) 1781958717, 
2913) 1782413853, 
2914) 1782785502, 
2915) 1783194091, 
2916) 1783753790, 
2917) 1783892440, 
2918) 1784680188, 
2919) 1785254576, 
2920) 1785850930, 
2921) 1786061596, 
2922) 1786169428, 
2923) 1786352604, 
2924) 1787509420, 
2925) 1787640950, 
2926) 1787884331, 
2927) 1788928149, 
2928) 1788943201, 
2929) 1789114696, 
2930) 1789692561, 
2931) 1789928039, 
2932) 1791863725, 
2933) 1792147362, 
2934) 1792798250, 
2935) 1793701917, 
2936) 1794915209, 
2937) 1796604036, 
2938) 1798478876, 
2939) 1798599456, 
2940) 1799140534, 
2941) 1800563866, 
2942) 1801870451, 
2943) 1802267939, 
2944) 1802825378, 
2945) 1803276165, 
2946) 1803781724, 
2947) 1804367654, 
2948) 1804915939, 
2949) 1805333397, 
2950) 1806072594, 
2951) 1807098864, 
2952) 1807322900, 
2953) 1809903368, 
2954) 1809951667, 
2955) 1810027129, 
2956) 1810153042, 
2957) 1810420026, 
2958) 1811058698, 
2959) 1811850832, 
2960) 1812216817, 
2961) 1812388828, 
2962) 1812400266, 
2963) 1812410186, 
2964) 1813062471, 
2965) 1813414207, 
2966) 1814509515, 
2967) 1814892649, 
2968) 1814929461, 
2969) 1815798281, 
2970) 1816196387, 
2971) 1816595329, 
2972) 1817026803, 
2973) 1818652843, 
2974) 1818836461, 
2975) 1818991174, 
2976) 1819423848, 
2977) 1819989620, 
2978) 1820514612, 
2979) 1821458609, 
2980) 1822114290, 
2981) 1822278863, 
2982) 1823960688, 
2983) 1824417305, 
2984) 1824533028, 
2985) 1824657603, 
2986) 1824921184, 
2987) 1825294160, 
2988) 1826335368, 
2989) 1826719433, 
2990) 1827584275, 
2991) 1827754775, 
2992) 1828267955, 
2993) 1829079036, 
2994) 1829844513, 
2995) 1830526239, 
2996) 1831888802, 
2997) 1832159472, 
2998) 1833366773, 
2999) 1833595985, 
3000) 1833868496, 
3001) 1833910628, 
3002) 1834218772, 
3003) 1834506458, 
3004) 1834930883, 
3005) 1834994498, 
3006) 1835235367, 
3007) 1835371614, 
3008) 1837004263, 
3009) 1838556295, 
3010) 1838920667, 
3011) 1840536545, 
3012) 1840639843, 
3013) 1841330902, 
3014) 1841456918, 
3015) 1841500551, 
3016) 1841948999, 
3017) 1843805322, 
3018) 1843928867, 
3019) 1844437250, 
3020) 1844860757, 
3021) 1846265254, 
3022) 1846371646, 
3023) 1846407053, 
3024) 1846441401, 
3025) 1846492307, 
3026) 1847006415, 
3027) 1847171928, 
3028) 1847373909, 
3029) 1848908243, 
3030) 1850182634, 
3031) 1851099534, 
3032) 1853572742, 
3033) 1853580849, 
3034) 1853749205, 
3035) 1853825838, 
3036) 1855934155, 
3037) 1856260159, 
3038) 1856457716, 
3039) 1857080882, 
3040) 1857491997, 
3041) 1857911441, 
3042) 1858137843, 
3043) 1858381194, 
3044) 1859424926, 
3045) 1859587002, 
3046) 1859657735, 
3047) 1860220471, 
3048) 1860476365, 
3049) 1860626305, 
3050) 1860627455, 
3051) 1861208707, 
3052) 1861406237, 
3053) 1863186854, 
3054) 1863284152, 
3055) 1863836294, 
3056) 1864307958, 
3057) 1864668302, 
3058) 1864798331, 
3059) 1865421663, 
3060) 1865973899, 
3061) 1866071450, 
3062) 1866586667, 
3063) 1867933069, 
3064) 1868058666, 
3065) 1868205331, 
3066) 1868374580, 
3067) 1868963900, 
3068) 1870770276, 
3069) 1872863412, 
3070) 1874930682, 
3071) 1875685726, 
3072) 1876419523, 
3073) 1880370932, 
3074) 1880405054, 
3075) 1880570166, 
3076) 1880575891, 
3077) 1880629207, 
3078) 1880995264, 
3079) 1881540801, 
3080) 1883649991, 
3081) 1883891456, 
3082) 1884602641, 
3083) 1884744377, 
3084) 1885197900, 
3085) 1886190284, 
3086) 1886658368, 
3087) 1889178831, 
3088) 1889704631, 
3089) 1890535839, 
3090) 1891205223, 
3091) 1892696253, 
3092) 1893234119, 
3093) 1893512724, 
3094) 1894507087, 
3095) 1894892134, 
3096) 1895178520, 
3097) 1895188125, 
3098) 1896640715, 
3099) 1897050775, 
3100) 1897625859, 
3101) 1897847332, 
3102) 1898098177, 
3103) 1898852546, 
3104) 1901176466, 
3105) 1902198634, 
3106) 1903003538, 
3107) 1903053091, 
3108) 1903830100, 
3109) 1903840340, 
3110) 1904208659, 
3111) 1904274933, 
3112) 1905682127, 
3113) 1906013213, 
3114) 1906531478, 
3115) 1906950446, 
3116) 1907071042, 
3117) 1907950027, 
3118) 1908499643, 
3119) 1909942010, 
3120) 1910545904, 
3121) 1910723905, 
3122) 1910735876, 
3123) 1911288385, 
3124) 1911453882, 
3125) 1911585154, 
3126) 1911640508, 
3127) 1911883161, 
3128) 1912686706, 
3129) 1913669263, 
3130) 1913675590, 
3131) 1914120134, 
3132) 1914279981, 
3133) 1917613093, 
3134) 1918013928, 
3135) 1918050652, 
3136) 1918684052, 
3137) 1918710075, 
3138) 1918899089, 
3139) 1919305000, 
3140) 1919496071, 
3141) 1919976482, 
3142) 1921633056, 
3143) 1921739964, 
3144) 1921750364, 
3145) 1921840225, 
3146) 1922762005, 
3147) 1923237023, 
3148) 1923576548, 
3149) 1923976385, 
3150) 1924180073, 
3151) 1924746318, 
3152) 1925315377, 
3153) 1925346556, 
3154) 1925597907, 
3155) 1926806547, 
3156) 1927226377, 
3157) 1927803074, 
3158) 1927866253, 
3159) 1928708532, 
3160) 1929076344, 
3161) 1929254399, 
3162) 1930214298, 
3163) 1930248840, 
3164) 1931578317, 
3165) 1931634579, 
3166) 1932472513, 
3167) 1933314715, 
3168) 1933392610, 
3169) 1933655639, 
3170) 1934462974, 
3171) 1934880399, 
3172) 1935605359, 
3173) 1937689714, 
3174) 1937761892, 
3175) 1937977702, 
3176) 1938429712, 
3177) 1939448860, 
3178) 1940057516, 
3179) 1941403284, 
3180) 1942102175, 
3181) 1942267412, 
3182) 1942339787, 
3183) 1942432351, 
3184) 1942552531, 
3185) 1942868368, 
3186) 1943521800, 
3187) 1943782690, 
3188) 1944151947, 
3189) 1944506433, 
3190) 1944695987, 
3191) 1945448865, 
3192) 1945857249, 
3193) 1946632155, 
3194) 1947183834, 
3195) 1947500963, 
3196) 1949840244, 
3197) 1950003185, 
3198) 1951143375, 
3199) 1951651767, 
3200) 1951747908, 
3201) 1952375496, 
3202) 1952620068, 
3203) 1952886391, 
3204) 1953117463, 
3205) 1955610335, 
3206) 1956290626, 
3207) 1956528240, 
3208) 1957037361, 
3209) 1957920130, 
3210) 1958054961, 
3211) 1958290304, 
3212) 1958691311, 
3213) 1959211626, 
3214) 1959322256, 
3215) 1959716152, 
3216) 1959801764, 
3217) 1960873178, 
3218) 1962495795, 
3219) 1962727918, 
3220) 1963097231, 
3221) 1964201168, 
3222) 1964364486, 
3223) 1964968470, 
3224) 1965140531, 
3225) 1966865258, 
3226) 1966917589, 
3227) 1967170898, 
3228) 1968254001, 
3229) 1968358722, 
3230) 1969039121, 
3231) 1970065276, 
3232) 1970149021, 
3233) 1974007940, 
3234) 1974104287, 
3235) 1975174222, 
3236) 1975500378, 
3237) 1976025542, 
3238) 1976410265, 
3239) 1976746512, 
3240) 1977169339, 
3241) 1978302972, 
3242) 1980518705, 
3243) 1981092829, 
3244) 1981137924, 
3245) 1981344103, 
3246) 1981611414, 
3247) 1985003505, 
3248) 1985943278, 
3249) 1986156325, 
3250) 1988015270, 
3251) 1988058957, 
3252) 1988395908, 
3253) 1988956100, 
3254) 1989610830, 
3255) 1989948379, 
3256) 1990039053, 
3257) 1990332314, 
3258) 1991669729, 
3259) 1992034642, 
3260) 1992544759, 
3261) 1993224033, 
3262) 1993336353, 
3263) 1993609012, 
3264) 1993862967, 
3265) 1994182128, 
3266) 1994250687, 
3267) 1994278419, 
3268) 1994349645, 
3269) 1994585324, 
3270) 1994689129, 
3271) 1996492516, 
3272) 1996582511, 
3273) 1998098689, 
3274) 1998380064, 
3275) 1999054698, 
3276) 1999723789, 
3277) 1999930363, 
3278) 2000433995, 
3279) 2001173588, 
3280) 2001692908, 
3281) 2002350555, 
3282) 2002380555, 
3283) 2003307725, 
3284) 2003317079, 
3285) 2004463680, 
3286) 2004937051, 
3287) 2005045732, 
3288) 2005162415, 
3289) 2006298462, 
3290) 2007365342, 
3291) 2007987814, 
3292) 2010023337, 
3293) 2010685098, 
3294) 2010750032, 
3295) 2010799912, 
3296) 2011998916, 
3297) 2012669953, 
3298) 2012913977, 
3299) 2012915434, 
3300) 2013282110, 
3301) 2013837965, 
3302) 2016599077, 
3303) 2017068376, 
3304) 2017112179, 
3305) 2017968270, 
3306) 2017994123, 
3307) 2018125075, 
3308) 2018524948, 
3309) 2019536565, 
3310) 2019620685, 
3311) 2019769594, 
3312) 2019816158, 
3313) 2020951148, 
3314) 2020988330, 
3315) 2021828404, 
3316) 2021887096, 
3317) 2021901327, 
3318) 2022467498, 
3319) 2024380582, 
3320) 2025008251, 
3321) 2025207541, 
3322) 2025223594, 
3323) 2025458223, 
3324) 2025577682, 
3325) 2026200240, 
3326) 2028349442, 
3327) 2028575579, 
3328) 2030486444, 
3329) 2030517306, 
3330) 2030568915, 
3331) 2030592659, 
3332) 2030803715, 
3333) 2031083619, 
3334) 2031745084, 
3335) 2031753617, 
3336) 2032555452, 
3337) 2033082023, 
3338) 2033098123, 
3339) 2033551590, 
3340) 2033614740, 
3341) 2033794018, 
3342) 2034291259, 
3343) 2034760399, 
3344) 2034986039, 
3345) 2035175202, 
3346) 2035508166, 
3347) 2035568602, 
3348) 2037530913, 
3349) 2037574930, 
3350) 2037982911, 
3351) 2038154833, 
3352) 2039004515, 
3353) 2039376198, 
3354) 2039838101, 
3355) 2040428005, 
3356) 2041196768, 
3357) 2041492671, 
3358) 2042350157, 
3359) 2042571768, 
3360) 2042597454, 
3361) 2042981748, 
3362) 2043960881, 
3363) 2044505694, 
3364) 2045471113, 
3365) 2046029637, 
3366) 2046104428, 
3367) 2046235461, 
3368) 2047251573, 
3369) 2047810863, 
3370) 2047884526, 
3371) 2048476498, 
3372) 2048692821, 
3373) 2049044877, 
3374) 2049844352, 
3375) 2049854560, 
3376) 2050262337, 
3377) 2050503894, 
3378) 2050921854, 
3379) 2051441627, 
3380) 2052013794, 
3381) 2054010263, 
3382) 2054384813, 
3383) 2054679615, 
3384) 2055305473, 
3385) 2055383424, 
3386) 2055507158, 
3387) 2055848727, 
3388) 2055935942, 
3389) 2056379821, 
3390) 2056404487, 
3391) 2058155061, 
3392) 2058643864, 
3393) 2059003246, 
3394) 2061011438, 
3395) 2061686195, 
3396) 2062137023, 
3397) 2062552995, 
3398) 2062888653, 
3399) 2065283126, 
3400) 2065294368, 
3401) 2066344019, 
3402) 2066945920, 
3403) 2068285173, 
3404) 2068708190, 
3405) 2068779607, 
3406) 2069111690, 
3407) 2069429285, 
3408) 2069601794, 
3409) 2069949950, 
3410) 2070755027, 
3411) 2070846929, 
3412) 2070980435, 
3413) 2071245889, 
3414) 2071698818, 
3415) 2072554840, 
3416) 2073275160, 
3417) 2073669247, 
3418) 2074556604, 
3419) 2075131570, 
3420) 2077645900, 
3421) 2077848657, 
3422) 2078972503, 
3423) 2079372246, 
3424) 2079655673, 
3425) 2079725266, 
3426) 2079761711, 
3427) 2081359340, 
3428) 2081990622, 
3429) 2082561356, 
3430) 2083010760, 
3431) 2083025848, 
3432) 2084191211, 
3433) 2084801484, 
3434) 2085682802, 
3435) 2085936800, 
3436) 2086244152, 
3437) 2086433502, 
3438) 2086498953, 
3439) 2086518256, 
3440) 2087260642, 
3441) 2087331087, 
3442) 2087335206, 
3443) 2088045101, 
3444) 2088792532, 
3445) 2089029204, 
3446) 2089212253, 
3447) 2089291446, 
3448) 2090794939, 
3449) 2093244868, 
3450) 2093295479, 
3451) 2093445288, 
3452) 2093785737, 
3453) 2093924644, 
3454) 2094016777, 
3455) 2094427711, 
3456) 2094786373, 
3457) 2095067453, 
3458) 2096678555, 
3459) 2096813584, 
3460) 2097963502, 
3461) 2098466178, 
3462) 2098514653, 
3463) 2100241338, 
3464) 2100962087, 
3465) 2101202800, 
3466) 2101344628, 
3467) 2101977616, 
3468) 2103165862, 
3469) 2103288035, 
3470) 2104788901, 
3471) 2105305570, 
3472) 2105878341, 
3473) 2106156404, 
3474) 2106387911, 
3475) 2107939324, 
3476) 2109070435, 
3477) 2109532360, 
3478) 2109651017, 
3479) 2111863347, 
3480) 2112342768, 
3481) 2112988062, 
3482) 2113042831, 
3483) 2113352614, 
3484) 2114387298, 
3485) 2114658826, 
3486) 2115809545, 
3487) 2116187514, 
3488) 2116589860, 
3489) 2117355173, 
3490) 2117557642, 
3491) 2118007371, 
3492) 2119365149, 
3493) 2119466053, 
3494) 2119612122, 
3495) 2119830531, 
3496) 2120709181, 
3497) 2122094099, 
3498) 2122147287, 
3499) 2122688802, 
3500) 2123153767, 
3501) 2123165655, 
3502) 2123176122, 
3503) 2124750814, 
3504) 2124918229, 
3505) 2127652698, 
3506) 2128048577, 
3507) 2128222320, 
3508) 2128875200, 
3509) 2128905406, 
3510) 2129732598, 
3511) 2130034698, 
3512) 2130277566, 
3513) 2130915744, 
3514) 2131812834, 
3515) 2132459075, 
3516) 2133303050, 
3517) 2133398431, 
3518) 2133756785, 
3519) 2134097021, 
3520) 2134359724, 
3521) 2135273081, 
3522) 2137370960, 
3523) 2137773088, 
3524) 2137865206, 
3525) 2138296055, 
3526) 2138497694, 
3527) 2139407431, 
3528) 2139449772, 
3529) 2139826343, 
3530) 2141770056, 
3531) 2141907911, 
3532) 2142217111, 
3533) 2143769930, 
3534) 2144217433, 
3535) 2144263019, 
3536) 2144413521, 
3537) 2144661838, 
3538) 2144697090, 
3539) 2146694987, 
3540) 2148261541, 
3541) 2150055089, 
3542) 2150191952, 
3543) 2150530967, 
3544) 2152991012, 
3545) 2153166511, 
3546) 2154508241, 
3547) 2155898223, 
3548) 2156433936, 
3549) 2157585534, 
3550) 2158674069, 
3551) 2159371622, 
3552) 2159462156, 
3553) 2159525562, 
3554) 2159661282, 
3555) 2159711396, 
3556) 2159901739, 
3557) 2161280598, 
3558) 2161659844, 
3559) 2161872785, 
3560) 2163341468, 
3561) 2163544432, 
3562) 2163787037, 
3563) 2164165114, 
3564) 2164578340, 
3565) 2165078779, 
3566) 2165171467, 
3567) 2165354481, 
3568) 2165726263, 
3569) 2166587568, 
3570) 2167184581, 
3571) 2167831912, 
3572) 2168203357, 
3573) 2170050261, 
3574) 2170103013, 
3575) 2171648416, 
3576) 2172573540, 
3577) 2173012959, 
3578) 2173375991, 
3579) 2173400769, 
3580) 2173660492, 
3581) 2173672068, 
3582) 2173909132, 
3583) 2173913848, 
3584) 2173993939, 
3585) 2174828757, 
3586) 2175649133, 
3587) 2175719630, 
3588) 2176015210, 
3589) 2176395453, 
3590) 2176762485, 
3591) 2177129178, 
3592) 2178166489, 
3593) 2178873810, 
3594) 2182855921, 
3595) 2183029721, 
3596) 2183407107, 
3597) 2183687594, 
3598) 2185537458, 
3599) 2185582858, 
3600) 2186238313, 
3601) 2186892890, 
3602) 2187678673, 
3603) 2187888994, 
3604) 2189165872, 
3605) 2190521054, 
3606) 2192579530, 
3607) 2192950956, 
3608) 2193471696, 
3609) 2194671497, 
3610) 2195112241, 
3611) 2195544307, 
3612) 2196465955, 
3613) 2197129583, 
3614) 2197366989, 
3615) 2197456160, 
3616) 2198006023, 
3617) 2198054637, 
3618) 2198307431, 
3619) 2198659151, 
3620) 2198899437, 
3621) 2199189973, 
3622) 2199600960, 
3623) 2201799312, 
3624) 2203247216, 
3625) 2203371807, 
3626) 2203406930, 
3627) 2204111902, 
3628) 2204805758, 
3629) 2205607308, 
3630) 2205858676, 
3631) 2205881387, 
3632) 2206471814, 
3633) 2207159680, 
3634) 2207334064, 
3635) 2208654430, 
3636) 2208943234, 
3637) 2208958193, 
3638) 2209486705, 
3639) 2210568839, 
3640) 2210700824, 
3641) 2212740973, 
3642) 2213732003, 
3643) 2214447318, 
3644) 2216657749, 
3645) 2216800082, 
3646) 2218092137, 
3647) 2218773961, 
3648) 2219804649, 
3649) 2219891360, 
3650) 2221075984, 
3651) 2221614484, 
3652) 2223252216, 
3653) 2224493963, 
3654) 2224689700, 
3655) 2225081072, 
3656) 2225124717, 
3657) 2225854581, 
3658) 2226049358, 
3659) 2226179362, 
3660) 2226248652, 
3661) 2226584408, 
3662) 2227501122, 
3663) 2227984864, 
3664) 2228187223, 
3665) 2229072227, 
3666) 2229290282, 
3667) 2229534162, 
3668) 2229754356, 
3669) 2229842194, 
3670) 2229881369, 
3671) 2231597013, 
3672) 2231764376, 
3673) 2231820148, 
3674) 2231915686, 
3675) 2232435019, 
3676) 2232954312, 
3677) 2233077113, 
3678) 2233696971, 
3679) 2235435372, 
3680) 2236276854, 
3681) 2236367083, 
3682) 2236396494, 
3683) 2236485300, 
3684) 2237496286, 
3685) 2238746712, 
3686) 2238752048, 
3687) 2238871664, 
3688) 2239173394, 
3689) 2239790325, 
3690) 2240494812, 
3691) 2240696103, 
3692) 2241766927, 
3693) 2246866562, 
3694) 2248543122, 
3695) 2249272102, 
3696) 2250513253, 
3697) 2250944953, 
3698) 2251550693, 
3699) 2253126684, 
3700) 2253634100, 
3701) 2253717144, 
3702) 2255563711, 
3703) 2255705956, 
3704) 2255780459, 
3705) 2256141121, 
3706) 2256530852, 
3707) 2257459169, 
3708) 2257481856, 
3709) 2257599648, 
3710) 2257877306, 
3711) 2257971533, 
3712) 2258386360, 
3713) 2258634293, 
3714) 2259559676, 
3715) 2259669951, 
3716) 2260532894, 
3717) 2261387107, 
3718) 2262096527, 
3719) 2262506519, 
3720) 2262851057, 
3721) 2263871578, 
3722) 2264145416, 
3723) 2265021237, 
3724) 2265968493, 
3725) 2267225821, 
3726) 2267503661, 
3727) 2267962548, 
3728) 2268288369, 
3729) 2268516936, 
3730) 2268942397, 
3731) 2270168334, 
3732) 2270539494, 
3733) 2270547296, 
3734) 2271613604, 
3735) 2271748041, 
3736) 2273403686, 
3737) 2273843289, 
3738) 2274490648, 
3739) 2275272265, 
3740) 2275381854, 
3741) 2275724241, 
3742) 2275987316, 
3743) 2277038471, 
3744) 2277443499, 
3745) 2277707669, 
3746) 2278439813, 
3747) 2278527542, 
3748) 2278645790, 
3749) 2278976494, 
3750) 2279266991, 
3751) 2279324779, 
3752) 2279834727, 
3753) 2279871350, 
3754) 2280524623, 
3755) 2281156578, 
3756) 2281428983, 
3757) 2281845223, 
3758) 2281945156, 
3759) 2282318590, 
3760) 2283153447, 
3761) 2284064492, 
3762) 2285212820, 
3763) 2285459776, 
3764) 2285995708, 
3765) 2286195442, 
3766) 2286362578, 
3767) 2286858044, 
3768) 2288028580, 
3769) 2289206683, 
3770) 2289436097, 
3771) 2289808866, 
3772) 2290124064, 
3773) 2290304445, 
3774) 2290436940, 
3775) 2290677444, 
3776) 2290901565, 
3777) 2291367517, 
3778) 2291613989, 
3779) 2292102925, 
3780) 2292260713, 
3781) 2293026796, 
3782) 2293707042, 
3783) 2294344260, 
3784) 2294395239, 
3785) 2294477311, 
3786) 2294980922, 
3787) 2295289286, 
3788) 2295797951, 
3789) 2296129984, 
3790) 2296316325, 
3791) 2296699750, 
3792) 2297567691, 
3793) 2299863840, 
3794) 2300145335, 
3795) 2300530336, 
3796) 2301294627, 
3797) 2301592646, 
3798) 2302284859, 
3799) 2302581252, 
3800) 2302665641, 
3801) 2305245380, 
3802) 2305890237, 
3803) 2305903113, 
3804) 2306327861, 
3805) 2307896197, 
3806) 2309061343, 
3807) 2309207568, 
3808) 2309705954, 
3809) 2310190829, 
3810) 2311294572, 
3811) 2312041185, 
3812) 2312789123, 
3813) 2313267392, 
3814) 2313563908, 
3815) 2313792729, 
3816) 2314409990, 
3817) 2314912157, 
3818) 2315005000, 
3819) 2315088013, 
3820) 2315295136, 
3821) 2315377281, 
3822) 2315803732, 
3823) 2316494991, 
3824) 2316721141, 
3825) 2317002552, 
3826) 2317274958, 
3827) 2317379382, 
3828) 2318939064, 
3829) 2319172499, 
3830) 2320585767, 
3831) 2320660539, 
3832) 2321559679, 
3833) 2322149439, 
3834) 2322984667, 
3835) 2323163092, 
3836) 2323937674, 
3837) 2324304011, 
3838) 2325248184, 
3839) 2326301353, 
3840) 2326399391, 
3841) 2326621796, 
3842) 2326766408, 
3843) 2327140663, 
3844) 2330136495, 
3845) 2330639506, 
3846) 2330784788, 
3847) 2333073727, 
3848) 2333684249, 
3849) 2334495841, 
3850) 2334570425, 
3851) 2334711675, 
3852) 2335788404, 
3853) 2337027377, 
3854) 2337244979, 
3855) 2337369014, 
3856) 2337587936, 
3857) 2338691149, 
3858) 2339245459, 
3859) 2339281653, 
3860) 2339315972, 
3861) 2339589790, 
3862) 2340002782, 
3863) 2340956130, 
3864) 2341015989, 
3865) 2341386396, 
3866) 2342329349, 
3867) 2342908751, 
3868) 2343436243, 
3869) 2343698387, 
3870) 2344184645, 
3871) 2344818908, 
3872) 2345406786, 
3873) 2346424633, 
3874) 2347726828, 
3875) 2348596312, 
3876) 2348989538, 
3877) 2349083541, 
3878) 2349198114, 
3879) 2349205358, 
3880) 2349299554, 
3881) 2349881995, 
3882) 2349912490, 
3883) 2351391534, 
3884) 2352482296, 
3885) 2353042838, 
3886) 2353583587, 
3887) 2353937495, 
3888) 2354371037, 
3889) 2355445676, 
3890) 2355561595, 
3891) 2355685790, 
3892) 2355724089, 
3893) 2356623492, 
3894) 2360310456, 
3895) 2360471710, 
3896) 2360731834, 
3897) 2361114045, 
3898) 2361232125, 
3899) 2361885575, 
3900) 2362405994, 
3901) 2363263893, 
3902) 2363376556, 
3903) 2363923198, 
3904) 2366190960, 
3905) 2366465786, 
3906) 2368139741, 
3907) 2368374128, 
3908) 2369118196, 
3909) 2373223724, 
3910) 2373227788, 
3911) 2374613801, 
3912) 2376023607, 
3913) 2376167263, 
3914) 2376553458, 
3915) 2376982814, 
3916) 2377079169, 
3917) 2377380999, 
3918) 2377660221, 
3919) 2377749695, 
3920) 2378510375, 
3921) 2378765704, 
3922) 2379006366, 
3923) 2379047123, 
3924) 2379174212, 
3925) 2379692855, 
3926) 2379988513, 
3927) 2380795875, 
3928) 2380977616, 
3929) 2381546588, 
3930) 2381578997, 
3931) 2382506050, 
3932) 2382652893, 
3933) 2383275840, 
3934) 2384213204, 
3935) 2384327863, 
3936) 2385123495, 
3937) 2385242514, 
3938) 2385871339, 
3939) 2386342369, 
3940) 2386356372, 
3941) 2386391218, 
3942) 2386470779, 
3943) 2387814400, 
3944) 2387857485, 
3945) 2389366208, 
3946) 2389634243, 
3947) 2390895223, 
3948) 2390916338, 
3949) 2391505383, 
3950) 2391948209, 
3951) 2392370681, 
3952) 2393219489, 
3953) 2393245063, 
3954) 2393560759, 
3955) 2393776493, 
3956) 2394924893, 
3957) 2395246708, 
3958) 2395303327, 
3959) 2395343286, 
3960) 2395434975, 
3961) 2397653702, 
3962) 2398025739, 
3963) 2398522760, 
3964) 2399781265, 
3965) 2400947984, 
3966) 2401304696, 
3967) 2402049016, 
3968) 2402732830, 
3969) 2402967009, 
3970) 2403425777, 
3971) 2404403782, 
3972) 2405191245, 
3973) 2405382701, 
3974) 2405507893, 
3975) 2405669660, 
3976) 2406244248, 
3977) 2406416564, 
3978) 2407058130, 
3979) 2407363045, 
3980) 2407708612, 
3981) 2408018245, 
3982) 2409238133, 
3983) 2409825181, 
3984) 2410196018, 
3985) 2410473686, 
3986) 2410759588, 
3987) 2411037313, 
3988) 2411555575, 
3989) 2411611481, 
3990) 2412838156, 
3991) 2413089304, 
3992) 2413349236, 
3993) 2413865899, 
3994) 2414177603, 
3995) 2414734570, 
3996) 2415110702, 
3997) 2415293521, 
3998) 2415651862, 
3999) 2415855442, 
4000) 2416043037, 
4001) 2416066641, 
4002) 2416135143, 
4003) 2416373651, 
4004) 2416902359, 
4005) 2418049767, 
4006) 2418210605, 
4007) 2418437973, 
4008) 2418942085, 
4009) 2420163192, 
4010) 2421007870, 
4011) 2421539279, 
4012) 2422343204, 
4013) 2422643976, 
4014) 2422780781, 
4015) 2422851323, 
4016) 2423691575, 
4017) 2424431433, 
4018) 2427062756, 
4019) 2427761119, 
4020) 2428365730, 
4021) 2429061241, 
4022) 2430685327, 
4023) 2435123320, 
4024) 2436598951, 
4025) 2437525678, 
4026) 2438464998, 
4027) 2439261780, 
4028) 2439772413, 
4029) 2440029976, 
4030) 2440597816, 
4031) 2441478194, 
4032) 2441723668, 
4033) 2441727642, 
4034) 2444119082, 
4035) 2444187214, 
4036) 2444418406, 
4037) 2445236564, 
4038) 2445678095, 
4039) 2446445620, 
4040) 2448079682, 
4041) 2448372631, 
4042) 2448389732, 
4043) 2449090367, 
4044) 2450558034, 
4045) 2452067725, 
4046) 2452642453, 
4047) 2452727995, 
4048) 2453226273, 
4049) 2453765218, 
4050) 2453883801, 
4051) 2453921657, 
4052) 2455533471, 
4053) 2456481469, 
4054) 2458224893, 
4055) 2458492855, 
4056) 2459817030, 
4057) 2460539013, 
4058) 2461075077, 
4059) 2461202756, 
4060) 2461558771, 
4061) 2461860182, 
4062) 2464906776, 
4063) 2466174565, 
4064) 2466588642, 
4065) 2467697864, 
4066) 2467914684, 
4067) 2468264026, 
4068) 2468284762, 
4069) 2468794105, 
4070) 2469905647, 
4071) 2470006486, 
4072) 2470969074, 
4073) 2471060269, 
4074) 2471087184, 
4075) 2471637511, 
4076) 2472105560, 
4077) 2472266763, 
4078) 2472581104, 
4079) 2474288197, 
4080) 2475625685, 
4081) 2476024294, 
4082) 2478455944, 
4083) 2478532160, 
4084) 2478912785, 
4085) 2480931292, 
4086) 2481096190, 
4087) 2481651986, 
4088) 2482209796, 
4089) 2482304366, 
4090) 2482416070, 
4091) 2483157297, 
4092) 2483948735, 
4093) 2484438769, 
4094) 2484805765, 
4095) 2485761340, 
4096) 2486434645, 
4097) 2488076520, 
4098) 2488125520, 
4099) 2488788040, 
4100) 2489526872, 
4101) 2491299754, 
4102) 2492357805, 
4103) 2492492883, 
4104) 2492639764, 
4105) 2492825700, 
4106) 2492962385, 
4107) 2494171116, 
4108) 2494925094, 
4109) 2495527537, 
4110) 2495552638, 
4111) 2496045293, 
4112) 2496330344, 
4113) 2496751270, 
4114) 2498133000, 
4115) 2498249687, 
4116) 2498398575, 
4117) 2499035340, 
4118) 2499119977, 
4119) 2499294899, 
4120) 2499701188, 
4121) 2499746209, 
4122) 2502901338, 
4123) 2504525939, 
4124) 2504746238, 
4125) 2505560619, 
4126) 2506000470, 
4127) 2506160880, 
4128) 2506758075, 
4129) 2507976874, 
4130) 2508334515, 
4131) 2508412345, 
4132) 2508668183, 
4133) 2508970080, 
4134) 2510461812, 
4135) 2510771784, 
4136) 2510863285, 
4137) 2511239961, 
4138) 2511859801, 
4139) 2512480719, 
4140) 2512769894, 
4141) 2512832002, 
4142) 2513469313, 
4143) 2514279574, 
4144) 2514457871, 
4145) 2514701366, 
4146) 2515080163, 
4147) 2517305480, 
4148) 2518076276, 
4149) 2518168750, 
4150) 2518314862, 
4151) 2518999884, 
4152) 2519343294, 
4153) 2521118532, 
4154) 2521373400, 
4155) 2525263389, 
4156) 2525873636, 
4157) 2526276308, 
4158) 2526463045, 
4159) 2527828827, 
4160) 2528629208, 
4161) 2529978641, 
4162) 2532374777, 
4163) 2532800719, 
4164) 2533006748, 
4165) 2535709513, 
4166) 2536287207, 
4167) 2536348169, 
4168) 2536695224, 
4169) 2536752555, 
4170) 2537692220, 
4171) 2537927563, 
4172) 2538733254, 
4173) 2539100919, 
4174) 2539647746, 
4175) 2539818421, 
4176) 2541665716, 
4177) 2541986018, 
4178) 2542128349, 
4179) 2542137692, 
4180) 2542494031, 
4181) 2542618188, 
4182) 2542760040, 
4183) 2542794751, 
4184) 2543014977, 
4185) 2543382369, 
4186) 2543477658, 
4187) 2543483443, 
4188) 2544336924, 
4189) 2544609553, 
4190) 2544730677, 
4191) 2545264837, 
4192) 2546898378, 
4193) 2549292948, 
4194) 2549348139, 
4195) 2549672694, 
4196) 2550238994, 
4197) 2550643489, 
4198) 2551295736, 
4199) 2551881792, 
4200) 2552225610, 
4201) 2553363224, 
4202) 2553718843, 
4203) 2553805180, 
4204) 2554152020, 
4205) 2556690508, 
4206) 2558833395, 
4207) 2558917850, 
4208) 2559088134, 
4209) 2560135286, 
4210) 2560244562, 
4211) 2561305092, 
4212) 2562505092, 
4213) 2562793923, 
4214) 2563332055, 
4215) 2563807648, 
4216) 2565471265, 
4217) 2565890201, 
4218) 2566340522, 
4219) 2566822338, 
4220) 2567688685, 
4221) 2569227603, 
4222) 2569964245, 
4223) 2570021342, 
4224) 2570881498, 
4225) 2571144515, 
4226) 2572673490, 
4227) 2572794198, 
4228) 2572890323, 
4229) 2574085890, 
4230) 2574371974, 
4231) 2574837297, 
4232) 2575282272, 
4233) 2577612201, 
4234) 2577789840, 
4235) 2578025759, 
4236) 2578156875, 
4237) 2578368869, 
4238) 2579187706, 
4239) 2580922519, 
4240) 2581046173, 
4241) 2584231649, 
4242) 2584430733, 
4243) 2584528122, 
4244) 2584733236, 
4245) 2584917182, 
4246) 2585157698, 
4247) 2585705929, 
4248) 2586651956, 
4249) 2586927773, 
4250) 2588681028, 
4251) 2588827290, 
4252) 2589179243, 
4253) 2591431207, 
4254) 2592437357, 
4255) 2592555746, 
4256) 2593434495, 
4257) 2594110842, 
4258) 2594352904, 
4259) 2595809425, 
4260) 2595942918, 
4261) 2596864493, 
4262) 2597445651, 
4263) 2597478915, 
4264) 2598142535, 
4265) 2598148988, 
4266) 2598330487, 
4267) 2598918181, 
4268) 2599336151, 
4269) 2600378987, 
4270) 2600737023, 
4271) 2600846335, 
4272) 2601892419, 
4273) 2602662225, 
4274) 2602747804, 
4275) 2603073148, 
4276) 2604429648, 
4277) 2604485119, 
4278) 2604536101, 
4279) 2604904246, 
4280) 2605402204, 
4281) 2605847784, 
4282) 2606066610, 
4283) 2607067405, 
4284) 2607662531, 
4285) 2608412069, 
4286) 2608519307, 
4287) 2608668665, 
4288) 2609386701, 
4289) 2609837197, 
4290) 2610028023, 
4291) 2610858742, 
4292) 2611686535, 
4293) 2612336335, 
4294) 2613306097, 
4295) 2613434953, 
4296) 2614009662, 
4297) 2616663081, 
4298) 2617155432, 
4299) 2617168498, 
4300) 2617384275, 
4301) 2617536361, 
4302) 2617893698, 
4303) 2618636623, 
4304) 2618835879, 
4305) 2619495742, 
4306) 2619658637, 
4307) 2619988824, 
4308) 2620360118, 
4309) 2621296194, 
4310) 2621483068, 
4311) 2621721045, 
4312) 2621757731, 
4313) 2621970905, 
4314) 2622585676, 
4315) 2622776511, 
4316) 2622987359, 
4317) 2624339280, 
4318) 2624407687, 
4319) 2624589692, 
4320) 2624637981, 
4321) 2625177918, 
4322) 2626563296, 
4323) 2626580197, 
4324) 2627639278, 
4325) 2627821215, 
4326) 2628090740, 
4327) 2628257790, 
4328) 2628262215, 
4329) 2628927233, 
4330) 2629132605, 
4331) 2630010717, 
4332) 2630489222, 
4333) 2630513754, 
4334) 2630597334, 
4335) 2630625017, 
4336) 2631202144, 
4337) 2631769841, 
4338) 2631886430, 
4339) 2632093737, 
4340) 2632480130, 
4341) 2633085139, 
4342) 2633342457, 
4343) 2634637824, 
4344) 2635044711, 
4345) 2635592648, 
4346) 2635699440, 
4347) 2635701715, 
4348) 2635931982, 
4349) 2637064022, 
4350) 2637474485, 
4351) 2637780225, 
4352) 2638880861, 
4353) 2639424461, 
4354) 2639466564, 
4355) 2639626197, 
4356) 2639997200, 
4357) 2641318103, 
4358) 2641419252, 
4359) 2642245786, 
4360) 2644061133, 
4361) 2644470237, 
4362) 2646408722, 
4363) 2646977669, 
4364) 2647167158, 
4365) 2647213806, 
4366) 2647507947, 
4367) 2647608095, 
4368) 2648031467, 
4369) 2648708669, 
4370) 2648770626, 
4371) 2649789516, 
4372) 2650207771, 
4373) 2650739143, 
4374) 2650780714, 
4375) 2650810030, 
4376) 2651077749, 
4377) 2652029595, 
4378) 2652871066, 
4379) 2653320248, 
4380) 2653600208, 
4381) 2653795303, 
4382) 2653888252, 
4383) 2654801443, 
4384) 2655762120, 
4385) 2656257784, 
4386) 2657306806, 
4387) 2658079753, 
4388) 2658227312, 
4389) 2658529872, 
4390) 2659001292, 
4391) 2659815050, 
4392) 2659948654, 
4393) 2660208340, 
4394) 2661146286, 
4395) 2661232381, 
4396) 2661317115, 
4397) 2661449082, 
4398) 2662581471, 
4399) 2663598125, 
4400) 2663896439, 
4401) 2664342441, 
4402) 2664352047, 
4403) 2664834847, 
4404) 2669305744, 
4405) 2669579844, 
4406) 2670247266, 
4407) 2670689702, 
4408) 2670774844, 
4409) 2671403162, 
4410) 2672947250, 
4411) 2673443701, 
4412) 2674657471, 
4413) 2675951451, 
4414) 2676101994, 
4415) 2676223026, 
4416) 2676339511, 
4417) 2676435927, 
4418) 2676779065, 
4419) 2677259386, 
4420) 2677503492, 
4421) 2678325838, 
4422) 2678793504, 
4423) 2679401802, 
4424) 2681829447, 
4425) 2681837700, 
4426) 2682879868, 
4427) 2683118696, 
4428) 2683497316, 
4429) 2683750044, 
4430) 2684855496, 
4431) 2684960938, 
4432) 2685472920, 
4433) 2685598972, 
4434) 2685679661, 
4435) 2687295254, 
4436) 2687329012, 
4437) 2687726369, 
4438) 2687771383, 
4439) 2687948600, 
4440) 2687976190, 
4441) 2688613266, 
4442) 2689698711, 
4443) 2689830740, 
4444) 2690384768, 
4445) 2691206382, 
4446) 2692028742, 
4447) 2692885891, 
4448) 2693121635, 
4449) 2693254115, 
4450) 2693429098, 
4451) 2694962299, 
4452) 2695333865, 
4453) 2695381867, 
4454) 2696792497, 
4455) 2697588838, 
4456) 2698973243, 
4457) 2699101819, 
4458) 2700274040, 
4459) 2700512266, 
4460) 2700841089, 
4461) 2701145906, 
4462) 2701263825, 
4463) 2701695786, 
4464) 2702400097, 
4465) 2702858575, 
4466) 2704181025, 
4467) 2704465068, 
4468) 2705595624, 
4469) 2705601238, 
4470) 2706017053, 
4471) 2706549006, 
4472) 2706587083, 
4473) 2706670852, 
4474) 2708278338, 
4475) 2708363412, 
4476) 2709370638, 
4477) 2709662448, 
4478) 2711690013, 
4479) 2711735328, 
4480) 2712414278, 
4481) 2712513757, 
4482) 2713014241, 
4483) 2713148892, 
4484) 2713524631, 
4485) 2713697030, 
4486) 2713740596, 
4487) 2713807456, 
4488) 2714031497, 
4489) 2714539876, 
4490) 2715359636, 
4491) 2716015119, 
4492) 2716666951, 
4493) 2716700285, 
4494) 2717612457, 
4495) 2718054133, 
4496) 2718484170, 
4497) 2719957852, 
4498) 2720411078, 
4499) 2720480543, 
4500) 2720679188, 
4501) 2721151627, 
4502) 2721279531, 
4503) 2721699630, 
4504) 2721814751, 
4505) 2722131327, 
4506) 2722208731, 
4507) 2722490555, 
4508) 2722800811, 
4509) 2723103408, 
4510) 2723631853, 
4511) 2724766566, 
4512) 2725878420, 
4513) 2727470698, 
4514) 2727855437, 
4515) 2728787485, 
4516) 2729222200, 
4517) 2729599699, 
4518) 2730194125, 
4519) 2730268756, 
4520) 2730326498, 
4521) 2730557523, 
4522) 2731643455, 
4523) 2732197828, 
4524) 2733584478, 
4525) 2734638314, 
4526) 2736699945, 
4527) 2737077837, 
4528) 2737845057, 
4529) 2738088385, 
4530) 2738348866, 
4531) 2738491002, 
4532) 2738778927, 
4533) 2739006653, 
4534) 2740128869, 
4535) 2740694751, 
4536) 2741322870, 
4537) 2742406301, 
4538) 2742977314, 
4539) 2743130438, 
4540) 2743501143, 
4541) 2744857331, 
4542) 2745225020, 
4543) 2745530144, 
4544) 2746203672, 
4545) 2748136679, 
4546) 2748446865, 
4547) 2748526156, 
4548) 2748573926, 
4549) 2749011402, 
4550) 2749077396, 
4551) 2749517802, 
4552) 2749576802, 
4553) 2749732618, 
4554) 2749919044, 
4555) 2750083694, 
4556) 2750166470, 
4557) 2750287120, 
4558) 2751351600, 
4559) 2751619264, 
4560) 2751774432, 
4561) 2751780813, 
4562) 2753839500, 
4563) 2754391954, 
4564) 2754938125, 
4565) 2755197399, 
4566) 2755573013, 
4567) 2755657133, 
4568) 2755890034, 
4569) 2756293725, 
4570) 2756295277, 
4571) 2756920739, 
4572) 2757472726, 
4573) 2757509176, 
4574) 2757895123, 
4575) 2758131778, 
4576) 2758385401, 
4577) 2758399239, 
4578) 2758510747, 
4579) 2758538617, 
4580) 2759622236, 
4581) 2760178586, 
4582) 2760599235, 
4583) 2761440897, 
4584) 2762142644, 
4585) 2762270404, 
4586) 2762378894, 
4587) 2762586840, 
4588) 2763215941, 
4589) 2763952428, 
4590) 2764758410, 
4591) 2764889238, 
4592) 2765650842, 
4593) 2768309852, 
4594) 2768312514, 
4595) 2768631877, 
4596) 2768699733, 
4597) 2768703293, 
4598) 2768807170, 
4599) 2768887392, 
4600) 2769091178, 
4601) 2769543719, 
4602) 2770299558, 
4603) 2770694461, 
4604) 2771217957, 
4605) 2771755920, 
4606) 2772562232, 
4607) 2772780228, 
4608) 2773124983, 
4609) 2774567594, 
4610) 2775562587, 
4611) 2775590070, 
4612) 2777042069, 
4613) 2777136664, 
4614) 2777621813, 
4615) 2778828431, 
4616) 2780105293, 
4617) 2780612039, 
4618) 2781816425, 
4619) 2782190360, 
4620) 2782962714, 
4621) 2783391820, 
4622) 2783634849, 
4623) 2784659795, 
4624) 2784781553, 
4625) 2787487963, 
4626) 2789236466, 
4627) 2790370382, 
4628) 2790742511, 
4629) 2790788683, 
4630) 2791159486, 
4631) 2792563333, 
4632) 2792882399, 
4633) 2792974389, 
4634) 2793413335, 
4635) 2795264479, 
4636) 2795521943, 
4637) 2795554877, 
4638) 2795592071, 
4639) 2796635946, 
4640) 2797232940, 
4641) 2798370668, 
4642) 2799093539, 
4643) 2799481555, 
4644) 2799697452, 
4645) 2800228740, 
4646) 2800773205, 
4647) 2801251326, 
4648) 2801516827, 
4649) 2801895673, 
4650) 2802440915, 
4651) 2802487354, 
4652) 2802698681, 
4653) 2803156301, 
4654) 2803611476, 
4655) 2803992571, 
4656) 2805415947, 
4657) 2806363168, 
4658) 2807237245, 
4659) 2807450309, 
4660) 2808982174, 
4661) 2809233920, 
4662) 2809359030, 
4663) 2809567772, 
4664) 2810037783, 
4665) 2810267242, 
4666) 2810565292, 
4667) 2811373574, 
4668) 2811944606, 
4669) 2812199678, 
4670) 2812424193, 
4671) 2815507346, 
4672) 2816681136, 
4673) 2817097255, 
4674) 2817256308, 
4675) 2818879582, 
4676) 2819037951, 
4677) 2820322002, 
4678) 2820400859, 
4679) 2820797785, 
4680) 2820831757, 
4681) 2820937439, 
4682) 2822968232, 
4683) 2823203515, 
4684) 2825079670, 
4685) 2825226785, 
4686) 2825327868, 
4687) 2825714415, 
4688) 2826634891, 
4689) 2827465194, 
4690) 2829794418, 
4691) 2830014080, 
4692) 2831395736, 
4693) 2831714874, 
4694) 2831887759, 
4695) 2832896289, 
4696) 2833854724, 
4697) 2834068935, 
4698) 2834789642, 
4699) 2835486686, 
4700) 2836426488, 
4701) 2837846626, 
4702) 2837902699, 
4703) 2838369140, 
4704) 2839087587, 
4705) 2839158889, 
4706) 2840469309, 
4707) 2840955358, 
4708) 2841472826, 
4709) 2842677238, 
4710) 2843155336, 
4711) 2845004114, 
4712) 2845042293, 
4713) 2846472907, 
4714) 2846490943, 
4715) 2846592313, 
4716) 2846836381, 
4717) 2846888109, 
4718) 2847069613, 
4719) 2847557932, 
4720) 2847613618, 
4721) 2847721350, 
4722) 2847725710, 
4723) 2847970673, 
4724) 2847992837, 
4725) 2848967125, 
4726) 2849135968, 
4727) 2850985173, 
4728) 2852045777, 
4729) 2852612419, 
4730) 2853803984, 
4731) 2853916462, 
4732) 2854116966, 
4733) 2855629224, 
4734) 2855798712, 
4735) 2856289359, 
4736) 2857726208, 
4737) 2857993501, 
4738) 2858535134, 
4739) 2858703907, 
4740) 2859026999, 
4741) 2859898681, 
4742) 2860185096, 
4743) 2861460138, 
4744) 2862102053, 
4745) 2862735065, 
4746) 2862791608, 
4747) 2863700339, 
4748) 2863855622, 
4749) 2863959063, 
4750) 2864270662, 
4751) 2864821047, 
4752) 2864912278, 
4753) 2865116006, 
4754) 2865717104, 
4755) 2866098035, 
4756) 2866442712, 
4757) 2866534473, 
4758) 2867087858, 
4759) 2868367955, 
4760) 2868811923, 
4761) 2868943334, 
4762) 2869508736, 
4763) 2870318937, 
4764) 2870924571, 
4765) 2871427833, 
4766) 2872852786, 
4767) 2873533751, 
4768) 2874057145, 
4769) 2874892123, 
4770) 2875488681, 
4771) 2875652750, 
4772) 2876382771, 
4773) 2876572041, 
4774) 2876908667, 
4775) 2877123763, 
4776) 2877241988, 
4777) 2879730286, 
4778) 2880258219, 
4779) 2880813663, 
4780) 2881220645, 
4781) 2881264870, 
4782) 2881389677, 
4783) 2881681780, 
4784) 2882494096, 
4785) 2882621075, 
4786) 2882875454, 
4787) 2883265121, 
4788) 2884138894, 
4789) 2884848670, 
4790) 2885666048, 
4791) 2886420022, 
4792) 2886579266, 
4793) 2886666577, 
4794) 2886721928, 
4795) 2887019633, 
4796) 2888140578, 
4797) 2888142929, 
4798) 2889031951, 
4799) 2889060921, 
4800) 2890856679, 
4801) 2891514022, 
4802) 2891929897, 
4803) 2892078293, 
4804) 2892081758, 
4805) 2893043617, 
4806) 2893340892, 
4807) 2894419094, 
4808) 2894665097, 
4809) 2894922326, 
4810) 2895487727, 
4811) 2895863371, 
4812) 2896233492, 
4813) 2896632355, 
4814) 2896950277, 
4815) 2897966350, 
4816) 2899263691, 
4817) 2900160611, 
4818) 2900311552, 
4819) 2900651051, 
4820) 2900683260, 
4821) 2900847759, 
4822) 2901245980, 
4823) 2901398680, 
4824) 2902271724, 
4825) 2902319474, 
4826) 2902479859, 
4827) 2902852354, 
4828) 2903303220, 
4829) 2903518996, 
4830) 2903786928, 
4831) 2903838311, 
4832) 2904892439, 
4833) 2904912304, 
4834) 2905497079, 
4835) 2907081743, 
4836) 2907331410, 
4837) 2907351850, 
4838) 2908790345, 
4839) 2908899121, 
4840) 2909322344, 
4841) 2912150114, 
4842) 2912390724, 
4843) 2912602185, 
4844) 2913461804, 
4845) 2913463798, 
4846) 2913738581, 
4847) 2913744113, 
4848) 2914619486, 
4849) 2915022910, 
4850) 2915636169, 
4851) 2915768704, 
4852) 2916147530, 
4853) 2916550947, 
4854) 2916564271, 
4855) 2916888601, 
4856) 2917074228, 
4857) 2917582892, 
4858) 2917628653, 
4859) 2917703185, 
4860) 2918033647, 
4861) 2918180006, 
4862) 2918292121, 
4863) 2919943617, 
4864) 2920617455, 
4865) 2921042121, 
4866) 2921589243, 
4867) 2921762050, 
4868) 2922088003, 
4869) 2922355963, 
4870) 2922896638, 
4871) 2923751978, 
4872) 2924983874, 
4873) 2925608848, 
4874) 2926098168, 
4875) 2926705318, 
4876) 2927143987, 
4877) 2928857322, 
4878) 2928925726, 
4879) 2928985301, 
4880) 2929362796, 
4881) 2929747908, 
4882) 2930236330, 
4883) 2930336576, 
4884) 2930671024, 
4885) 2931184067, 
4886) 2932429042, 
4887) 2932806477, 
4888) 2933076897, 
4889) 2934073554, 
4890) 2934094114, 
4891) 2934883541, 
4892) 2935312639, 
4893) 2936145885, 
4894) 2937339898, 
4895) 2937559053, 
4896) 2939951383, 
4897) 2940348235, 
4898) 2940537589, 
4899) 2941709721, 
4900) 2942200998, 
4901) 2942544612, 
4902) 2943193950, 
4903) 2943695491, 
4904) 2944183026, 
4905) 2945843183, 
4906) 2946529639, 
4907) 2947863663, 
4908) 2949000973, 
4909) 2949269086, 
4910) 2950032358, 
4911) 2950190698, 
4912) 2950383747, 
4913) 2950435884, 
4914) 2950670208, 
4915) 2950754710, 
4916) 2951079286, 
4917) 2951582247, 
4918) 2951890035, 
4919) 2952515990, 
4920) 2954543078, 
4921) 2956098430, 
4922) 2956599363, 
4923) 2956867681, 
4924) 2957048574, 
4925) 2957178923, 
4926) 2957424758, 
4927) 2958757112, 
4928) 2959186354, 
4929) 2959410743, 
4930) 2961462229, 
4931) 2962168124, 
4932) 2962187891, 
4933) 2964006706, 
4934) 2964336277, 
4935) 2964567929, 
4936) 2964843818, 
4937) 2965382275, 
4938) 2965583139, 
4939) 2965813770, 
4940) 2965870407, 
4941) 2965882059, 
4942) 2966609331, 
4943) 2967038690, 
4944) 2967180927, 
4945) 2967603259, 
4946) 2968326695, 
4947) 2968342371, 
4948) 2968370468, 
4949) 2970192708, 
4950) 2970379212, 
4951) 2970423355, 
4952) 2971405116, 
4953) 2972350193, 
4954) 2972698260, 
4955) 2973176161, 
4956) 2973834465, 
4957) 2974132780, 
4958) 2974436609, 
4959) 2975547049, 
4960) 2975735014, 
4961) 2976068424, 
4962) 2977512849, 
4963) 2977849924, 
4964) 2978780741, 
4965) 2979524714, 
4966) 2980253411, 
4967) 2980299577, 
4968) 2980645301, 
4969) 2981068122, 
4970) 2981480029, 
4971) 2982710570, 
4972) 2984682835, 
4973) 2985903294, 
4974) 2986469854, 
4975) 2986762657, 
4976) 2986937869, 
4977) 2989067115, 
4978) 2989416397, 
4979) 2989660432, 
4980) 2989858517, 
4981) 2990116131, 
4982) 2990157438, 
4983) 2990379911, 
4984) 2990420350, 
4985) 2991092345, 
4986) 2991236611, 
4987) 2992437776, 
4988) 2992771280, 
4989) 2993258746, 
4990) 2993456688, 
4991) 2993773233, 
4992) 2994040180, 
4993) 2994668736, 
4994) 2994943887, 
4995) 2995085061, 
4996) 2995727761, 
4997) 2997743483, 
4998) 2998810652, 
4999) 2999357529, 
