Number of elements is 100
Type of array is sorted
Sorting algorithm - merge
Running time of sorting algorithm is 72ms
0) 11475401, 
1) 25283569, 
2) 64573027, 
3) 155891899, 
4) 175743821, 
5) 200808316, 
6) 232934489, 
7) 268560333, 
8) 318036668, 
9) 403879442, 
10) 410859290, 
11) 411647434, 
12) 447813673, 
13) 486883851, 
14) 510602895, 
15) 556854049, 
16) 571844426, 
17) 578534264, 
18) 624544379, 
19) 628103479, 
20) 641729612, 
21) 643226286, 
22) 654145096, 
23) 658452551, 
24) 661123298, 
25) 665839051, 
26) 734680796, 
27) 752263437, 
28) 798171939, 
29) 798774928, 
30) 868883265, 
31) 877591544, 
32) 878565528, 
33) 885685129, 
34) 899190559, 
35) 913283566, 
36) 946969135, 
37) 983941871, 
38) 1013178754, 
39) 1064367630, 
40) 1074603182, 
41) 1107585580, 
42) 1122669854, 
43) 1125556433, 
44) 1134758392, 
45) 1177071222, 
46) 1194816441, 
47) 1238992923, 
48) 1268103395, 
49) 1295775033, 
50) 1307815783, 
51) 1355453346, 
52) 1360823050, 
53) 1430226979, 
54) 1442866292, 
55) 1452669096, 
56) 1458975862, 
57) 1465075693, 
58) 1481568413, 
59) 1535400073, 
60) 1558703044, 
61) 1641976608, 
62) 1642272064, 
63) 1643237151, 
64) 1657697483, 
65) 1748944383, 
66) 1791999576, 
67) 1817088000, 
68) 1938288819, 
69) 1945492427, 
70) 1959285679, 
71) 1963593573, 
72) 1985107443, 
73) 2156652146, 
74) 2181048120, 
75) 2287938011, 
76) 2293887434, 
77) 2311268764, 
78) 2356046759, 
79) 2356450719, 
80) 2369273734, 
81) 2403513672, 
82) 2495426161, 
83) 2525373503, 
84) 2528962271, 
85) 2553056741, 
86) 2572156146, 
87) 2623370184, 
88) 2637391319, 
89) 2674519815, 
90) 2719905638, 
91) 2755714946, 
92) 2778201871, 
93) 2848032943, 
94) 2852224893, 
95) 2876751574, 
96) 2886674900, 
97) 2908418945, 
98) 2915469369, 
99) 2992307950, 
