Number of elements is 500
Type of array is rendomized
Sorting algorithm - merge
Running time of sorting algorithm is 204ms
0) 5479272, 
1) 12678106, 
2) 22852693, 
3) 27216774, 
4) 34283192, 
5) 40781888, 
6) 57763901, 
7) 59520813, 
8) 61839484, 
9) 65076265, 
10) 68058415, 
11) 87955820, 
12) 112670466, 
13) 120876544, 
14) 121513446, 
15) 124150957, 
16) 124542558, 
17) 130204949, 
18) 134733301, 
19) 142421712, 
20) 144325295, 
21) 153145960, 
22) 153756879, 
23) 163041753, 
24) 164137364, 
25) 190991685, 
26) 192184564, 
27) 197322768, 
28) 198182693, 
29) 202801995, 
30) 205568556, 
31) 208373978, 
32) 213266325, 
33) 234400281, 
34) 247499551, 
35) 252610417, 
36) 254411959, 
37) 254650116, 
38) 263182915, 
39) 263307460, 
40) 264259059, 
41) 268881957, 
42) 276657390, 
43) 283828733, 
44) 287842487, 
45) 295034982, 
46) 302607131, 
47) 336377742, 
48) 340232940, 
49) 345231168, 
50) 347205064, 
51) 348210426, 
52) 354822841, 
53) 360075466, 
54) 364759854, 
55) 365082076, 
56) 377451249, 
57) 389365772, 
58) 390160970, 
59) 392293272, 
60) 399830653, 
61) 409213815, 
62) 412018356, 
63) 418695805, 
64) 426979956, 
65) 430794510, 
66) 435175859, 
67) 438434947, 
68) 438507190, 
69) 440496229, 
70) 446943563, 
71) 463549021, 
72) 473718784, 
73) 478184722, 
74) 481771603, 
75) 501318262, 
76) 515736344, 
77) 518975408, 
78) 525533365, 
79) 553221694, 
80) 558336667, 
81) 565300211, 
82) 566399082, 
83) 571463091, 
84) 571535990, 
85) 579208824, 
86) 583069172, 
87) 592745616, 
88) 593814521, 
89) 595426955, 
90) 596656414, 
91) 598428580, 
92) 599222207, 
93) 603888908, 
94) 611530389, 
95) 614777397, 
96) 614947503, 
97) 616704290, 
98) 617135408, 
99) 625687726, 
100) 635401363, 
101) 652686773, 
102) 653793488, 
103) 654736086, 
104) 655004917, 
105) 655648534, 
106) 656236284, 
107) 659076877, 
108) 661273761, 
109) 667137981, 
110) 668862423, 
111) 684358278, 
112) 692126557, 
113) 695404678, 
114) 708069462, 
115) 711533336, 
116) 713921409, 
117) 719530700, 
118) 726799343, 
119) 737736804, 
120) 737820371, 
121) 741579307, 
122) 751620259, 
123) 755100291, 
124) 763453661, 
125) 766882568, 
126) 767780733, 
127) 774638094, 
128) 790116389, 
129) 793339081, 
130) 799288178, 
131) 805255673, 
132) 815131786, 
133) 816152689, 
134) 818547135, 
135) 821016896, 
136) 825674353, 
137) 830379853, 
138) 836235283, 
139) 837215546, 
140) 838978367, 
141) 840758986, 
142) 847399014, 
143) 854857107, 
144) 872007637, 
145) 872770587, 
146) 875378366, 
147) 876331775, 
148) 885194979, 
149) 890923052, 
150) 899121315, 
151) 900950057, 
152) 914771397, 
153) 916056481, 
154) 921384199, 
155) 923321082, 
156) 934019152, 
157) 934627999, 
158) 955257045, 
159) 955424258, 
160) 955593876, 
161) 959380226, 
162) 960443438, 
163) 960491520, 
164) 971850401, 
165) 986512382, 
166) 993582757, 
167) 999346582, 
168) 1001075154, 
169) 1002269364, 
170) 1010245409, 
171) 1017710866, 
172) 1028144272, 
173) 1034540511, 
174) 1044175038, 
175) 1054663881, 
176) 1056029959, 
177) 1056168092, 
178) 1056581357, 
179) 1060541330, 
180) 1061893530, 
181) 1066929662, 
182) 1075449433, 
183) 1084263416, 
184) 1085738546, 
185) 1097873300, 
186) 1103306541, 
187) 1107807746, 
188) 1108850039, 
189) 1112266507, 
190) 1114921662, 
191) 1123161509, 
192) 1124318470, 
193) 1126671421, 
194) 1129692335, 
195) 1134714837, 
196) 1136287486, 
197) 1144763742, 
198) 1152211602, 
199) 1155036554, 
200) 1160676259, 
201) 1168213807, 
202) 1169118629, 
203) 1173098910, 
204) 1174416063, 
205) 1177563854, 
206) 1178744803, 
207) 1199308658, 
208) 1211486167, 
209) 1216712655, 
210) 1217059673, 
211) 1221512219, 
212) 1226293317, 
213) 1229202264, 
214) 1229624519, 
215) 1238672896, 
216) 1243872919, 
217) 1254103150, 
218) 1255319876, 
219) 1258253443, 
220) 1263347160, 
221) 1267514005, 
222) 1268236861, 
223) 1275866297, 
224) 1278299535, 
225) 1278751729, 
226) 1280787112, 
227) 1287578284, 
228) 1293072924, 
229) 1305224567, 
230) 1309098236, 
231) 1325006280, 
232) 1327443753, 
233) 1330620244, 
234) 1338639912, 
235) 1354471714, 
236) 1358854936, 
237) 1370861182, 
238) 1376968453, 
239) 1380768597, 
240) 1381459386, 
241) 1384449518, 
242) 1388965632, 
243) 1405452815, 
244) 1412022782, 
245) 1420022680, 
246) 1420768923, 
247) 1423562748, 
248) 1425426325, 
249) 1426927365, 
250) 1427844462, 
251) 1430196811, 
252) 1441138897, 
253) 1450453256, 
254) 1454581702, 
255) 1455067007, 
256) 1462917738, 
257) 1476150381, 
258) 1481525555, 
259) 1484552630, 
260) 1504641897, 
261) 1518180566, 
262) 1518470566, 
263) 1532156615, 
264) 1534930228, 
265) 1541975891, 
266) 1543591354, 
267) 1547910694, 
268) 1555163814, 
269) 1555617460, 
270) 1556967746, 
271) 1570294818, 
272) 1582623661, 
273) 1586571375, 
274) 1626202335, 
275) 1628087003, 
276) 1647064177, 
277) 1649124302, 
278) 1652298569, 
279) 1656764094, 
280) 1659692686, 
281) 1666272485, 
282) 1669003750, 
283) 1671605275, 
284) 1678795044, 
285) 1695932505, 
286) 1702125047, 
287) 1704592685, 
288) 1704644861, 
289) 1717388124, 
290) 1722317160, 
291) 1726862437, 
292) 1727578865, 
293) 1734854813, 
294) 1744703253, 
295) 1747445835, 
296) 1759604073, 
297) 1794889392, 
298) 1796478464, 
299) 1800348484, 
300) 1802083409, 
301) 1808344676, 
302) 1811332032, 
303) 1813586945, 
304) 1823086523, 
305) 1833453928, 
306) 1843044413, 
307) 1846459724, 
308) 1853907689, 
309) 1857001139, 
310) 1869046003, 
311) 1872099148, 
312) 1873994314, 
313) 1875282112, 
314) 1880618331, 
315) 1884569609, 
316) 1884870638, 
317) 1887445162, 
318) 1889287223, 
319) 1901559341, 
320) 1906969014, 
321) 1910065808, 
322) 1910837984, 
323) 1914647898, 
324) 1933457870, 
325) 1934051569, 
326) 1938884754, 
327) 1939709102, 
328) 1945341269, 
329) 1945761498, 
330) 1950916896, 
331) 1952026714, 
332) 1952083917, 
333) 1963177963, 
334) 1966140595, 
335) 1967840521, 
336) 1979255766, 
337) 1981346090, 
338) 1988179469, 
339) 1989040656, 
340) 1990431715, 
341) 1992114978, 
342) 1993794054, 
343) 2006825582, 
344) 2020215111, 
345) 2025383980, 
346) 2030899452, 
347) 2031031513, 
348) 2036371277, 
349) 2042442409, 
350) 2057992551, 
351) 2059342791, 
352) 2086605798, 
353) 2086646794, 
354) 2091866884, 
355) 2092200586, 
356) 2108604873, 
357) 2112584560, 
358) 2113069286, 
359) 2120600899, 
360) 2130000710, 
361) 2131427984, 
362) 2133364010, 
363) 2134372814, 
364) 2144259296, 
365) 2147858877, 
366) 2150965843, 
367) 2152652252, 
368) 2152849897, 
369) 2153371364, 
370) 2156045952, 
371) 2170255617, 
372) 2170981049, 
373) 2174187613, 
374) 2174807743, 
375) 2183661670, 
376) 2184189686, 
377) 2200047441, 
378) 2213703780, 
379) 2218595795, 
380) 2223874797, 
381) 2223977084, 
382) 2225771365, 
383) 2226502923, 
384) 2229571419, 
385) 2244066450, 
386) 2247329496, 
387) 2252311455, 
388) 2255081770, 
389) 2262494641, 
390) 2274072250, 
391) 2287082899, 
392) 2294868722, 
393) 2305355586, 
394) 2311900711, 
395) 2314796921, 
396) 2316401094, 
397) 2328348193, 
398) 2330129938, 
399) 2331729964, 
400) 2334395334, 
401) 2335722396, 
402) 2342342906, 
403) 2353777861, 
404) 2356191457, 
405) 2356414521, 
406) 2356637742, 
407) 2358066769, 
408) 2359830936, 
409) 2360139229, 
410) 2360847383, 
411) 2370979075, 
412) 2377154919, 
413) 2381291918, 
414) 2383497876, 
415) 2384837835, 
416) 2389450939, 
417) 2392501321, 
418) 2396839622, 
419) 2407355316, 
420) 2409455513, 
421) 2411346754, 
422) 2411769257, 
423) 2418416622, 
424) 2423699632, 
425) 2430765099, 
426) 2432017365, 
427) 2432040111, 
428) 2434876197, 
429) 2443896359, 
430) 2453825417, 
431) 2476017739, 
432) 2484201043, 
433) 2515716495, 
434) 2520625594, 
435) 2523424733, 
436) 2525942414, 
437) 2537721685, 
438) 2538135858, 
439) 2567182351, 
440) 2573480450, 
441) 2594125981, 
442) 2595262797, 
443) 2615943321, 
444) 2622988839, 
445) 2632157359, 
446) 2640494926, 
447) 2643919502, 
448) 2662842950, 
449) 2664616742, 
450) 2674638536, 
451) 2675090659, 
452) 2675542072, 
453) 2677634832, 
454) 2684733241, 
455) 2697080790, 
456) 2701865215, 
457) 2703961819, 
458) 2711759302, 
459) 2720036261, 
460) 2727098580, 
461) 2732341969, 
462) 2741603699, 
463) 2746490346, 
464) 2766064934, 
465) 2770381873, 
466) 2785196193, 
467) 2790163807, 
468) 2798416913, 
469) 2800545514, 
470) 2805315370, 
471) 2812459741, 
472) 2812480681, 
473) 2832745629, 
474) 2841403685, 
475) 2844865408, 
476) 2846647856, 
477) 2849788055, 
478) 2850640597, 
479) 2855523151, 
480) 2857341595, 
481) 2861387977, 
482) 2863159885, 
483) 2874783466, 
484) 2881601780, 
485) 2886202452, 
486) 2890572254, 
487) 2892350949, 
488) 2894999373, 
489) 2896915635, 
490) 2907725810, 
491) 2932570905, 
492) 2941785676, 
493) 2951296008, 
494) 2956264224, 
495) 2963690938, 
496) 2984282471, 
497) 2996100427, 
498) 2997851942, 
499) 2998194675, 
