Number of elements is 1000
Type of array is reversed
Sorting algorithm - merge
Running time of sorting algorithm is 428ms
0) 1221561, 
1) 6507319, 
2) 6896981, 
3) 23593523, 
4) 24008501, 
5) 24396000, 
6) 24546191, 
7) 25240623, 
8) 25774300, 
9) 27900087, 
10) 31744115, 
11) 33506032, 
12) 37821294, 
13) 39092572, 
14) 39535581, 
15) 45954989, 
16) 46745590, 
17) 48037744, 
18) 54645226, 
19) 58607332, 
20) 64079296, 
21) 71532820, 
22) 72153337, 
23) 72404006, 
24) 73319053, 
25) 76200708, 
26) 77915601, 
27) 81300820, 
28) 81528698, 
29) 84459680, 
30) 92422756, 
31) 94724185, 
32) 95733409, 
33) 96180186, 
34) 100864945, 
35) 102281126, 
36) 103920337, 
37) 119534097, 
38) 128506341, 
39) 129928689, 
40) 130348067, 
41) 135633125, 
42) 136675125, 
43) 137447368, 
44) 137845145, 
45) 140623222, 
46) 141080196, 
47) 143995233, 
48) 146081148, 
49) 158538745, 
50) 161175732, 
51) 163812495, 
52) 166522033, 
53) 175911088, 
54) 176068862, 
55) 179124632, 
56) 181001585, 
57) 183468668, 
58) 186710011, 
59) 186805863, 
60) 186916849, 
61) 187034305, 
62) 191338187, 
63) 191554694, 
64) 194606375, 
65) 195162644, 
66) 195661461, 
67) 196137478, 
68) 196191042, 
69) 199439553, 
70) 201126188, 
71) 205860676, 
72) 211727587, 
73) 213060976, 
74) 221997337, 
75) 224130990, 
76) 230796922, 
77) 232816751, 
78) 233463889, 
79) 236367904, 
80) 238987930, 
81) 239556298, 
82) 239860652, 
83) 245357304, 
84) 245396892, 
85) 249270579, 
86) 251209234, 
87) 251869343, 
88) 252914553, 
89) 254785801, 
90) 255047630, 
91) 256029682, 
92) 256287111, 
93) 257266643, 
94) 260540986, 
95) 265918061, 
96) 270655746, 
97) 274465507, 
98) 275722449, 
99) 279245098, 
100) 279401553, 
101) 279965543, 
102) 280844376, 
103) 285192085, 
104) 289581972, 
105) 290413467, 
106) 292365720, 
107) 294347650, 
108) 295035239, 
109) 296240925, 
110) 299687470, 
111) 302037700, 
112) 302750510, 
113) 303971396, 
114) 311578709, 
115) 311872905, 
116) 311959442, 
117) 312667564, 
118) 313458568, 
119) 318324640, 
120) 321393228, 
121) 322566709, 
122) 325195212, 
123) 325531902, 
124) 328507917, 
125) 331776071, 
126) 335471965, 
127) 336280689, 
128) 338086384, 
129) 341380169, 
130) 343250391, 
131) 343664812, 
132) 350553589, 
133) 353967111, 
134) 355105950, 
135) 355247278, 
136) 357732461, 
137) 361966854, 
138) 365776947, 
139) 368435540, 
140) 371795031, 
141) 379603630, 
142) 383325126, 
143) 384641634, 
144) 389688584, 
145) 391159076, 
146) 392137116, 
147) 392629267, 
148) 392917212, 
149) 393952581, 
150) 401910332, 
151) 403975308, 
152) 404657725, 
153) 405958232, 
154) 415018844, 
155) 419926572, 
156) 421594007, 
157) 422591927, 
158) 425976412, 
159) 446276170, 
160) 448414568, 
161) 451259392, 
162) 452474599, 
163) 465255539, 
164) 476245561, 
165) 476919545, 
166) 484350330, 
167) 484435653, 
168) 484999503, 
169) 487288094, 
170) 488395655, 
171) 492249983, 
172) 493748917, 
173) 494800784, 
174) 495111723, 
175) 508440370, 
176) 509436458, 
177) 510258408, 
178) 514546312, 
179) 514553747, 
180) 515515835, 
181) 520470858, 
182) 522972375, 
183) 524597177, 
184) 532444356, 
185) 533232390, 
186) 535210599, 
187) 535969603, 
188) 543657166, 
189) 548192407, 
190) 550214650, 
191) 551181134, 
192) 558649060, 
193) 559649567, 
194) 566262857, 
195) 570514844, 
196) 572255990, 
197) 575195900, 
198) 576988109, 
199) 578848260, 
200) 582813419, 
201) 583762870, 
202) 588693435, 
203) 595761088, 
204) 598844075, 
205) 607114515, 
206) 612159444, 
207) 615534817, 
208) 617217221, 
209) 621156784, 
210) 623399703, 
211) 624832896, 
212) 625450045, 
213) 625909407, 
214) 631489201, 
215) 631716048, 
216) 634792211, 
217) 635477186, 
218) 635636444, 
219) 637945351, 
220) 641870666, 
221) 650256967, 
222) 659584276, 
223) 663444839, 
224) 665441491, 
225) 665576560, 
226) 671311736, 
227) 671668524, 
228) 671871787, 
229) 677172629, 
230) 677711690, 
231) 684372040, 
232) 686629261, 
233) 688476254, 
234) 705645305, 
235) 707001495, 
236) 707549342, 
237) 707827108, 
238) 714671874, 
239) 715108316, 
240) 715507246, 
241) 717369290, 
242) 726922454, 
243) 727186743, 
244) 732785855, 
245) 733550045, 
246) 735706809, 
247) 737674675, 
248) 739619915, 
249) 740516005, 
250) 741564206, 
251) 743531128, 
252) 746848678, 
253) 748663387, 
254) 749331889, 
255) 754440086, 
256) 755294478, 
257) 756209063, 
258) 756527919, 
259) 759342469, 
260) 759436682, 
261) 760270415, 
262) 762111971, 
263) 763557966, 
264) 764994184, 
265) 765073276, 
266) 765540375, 
267) 765735726, 
268) 767319326, 
269) 778054390, 
270) 785480403, 
271) 796961762, 
272) 800014563, 
273) 801363488, 
274) 807395203, 
275) 807636276, 
276) 808376173, 
277) 812708142, 
278) 813418987, 
279) 815772135, 
280) 818606019, 
281) 827245476, 
282) 829130876, 
283) 835331733, 
284) 844089735, 
285) 861628909, 
286) 862611087, 
287) 866972847, 
288) 867856043, 
289) 869676066, 
290) 872381265, 
291) 872904365, 
292) 873728613, 
293) 873817547, 
294) 873936466, 
295) 874380556, 
296) 877703643, 
297) 877781158, 
298) 881610627, 
299) 885244139, 
300) 885310803, 
301) 885812617, 
302) 888863093, 
303) 890173461, 
304) 894091906, 
305) 895553339, 
306) 896228611, 
307) 898789806, 
308) 900921117, 
309) 906734528, 
310) 908005848, 
311) 909577478, 
312) 910803710, 
313) 919140653, 
314) 926555348, 
315) 926710495, 
316) 927317277, 
317) 929484770, 
318) 931415341, 
319) 939052064, 
320) 939391278, 
321) 940220871, 
322) 941272594, 
323) 943444110, 
324) 944365876, 
325) 945207140, 
326) 945301330, 
327) 947509714, 
328) 950207667, 
329) 955575299, 
330) 960065035, 
331) 969280396, 
332) 971967928, 
333) 977054226, 
334) 980552188, 
335) 991936687, 
336) 996247803, 
337) 1001532640, 
338) 1004366354, 
339) 1004509710, 
340) 1010459832, 
341) 1013035389, 
342) 1017351327, 
343) 1017804513, 
344) 1018572793, 
345) 1019748138, 
346) 1023465256, 
347) 1030225399, 
348) 1030661821, 
349) 1032578016, 
350) 1033417990, 
351) 1035539545, 
352) 1038283279, 
353) 1038447082, 
354) 1039151349, 
355) 1046378264, 
356) 1046873244, 
357) 1048028229, 
358) 1049725090, 
359) 1053110460, 
360) 1053288289, 
361) 1053884052, 
362) 1053907698, 
363) 1055048920, 
364) 1056251460, 
365) 1063423498, 
366) 1063905536, 
367) 1069239042, 
368) 1070406427, 
369) 1073564564, 
370) 1077888884, 
371) 1081607948, 
372) 1087429648, 
373) 1087745743, 
374) 1097514180, 
375) 1098887176, 
376) 1099576969, 
377) 1105980496, 
378) 1108494488, 
379) 1111181925, 
380) 1111508093, 
381) 1112331578, 
382) 1113902481, 
383) 1114706682, 
384) 1115905744, 
385) 1116845550, 
386) 1119821103, 
387) 1123353266, 
388) 1123830301, 
389) 1127667382, 
390) 1128354337, 
391) 1132275228, 
392) 1134549604, 
393) 1135173095, 
394) 1137571854, 
395) 1139580826, 
396) 1145112963, 
397) 1148750821, 
398) 1150392949, 
399) 1150754123, 
400) 1153289390, 
401) 1157156813, 
402) 1157424805, 
403) 1159134803, 
404) 1159257453, 
405) 1161066553, 
406) 1162759757, 
407) 1166348039, 
408) 1170986817, 
409) 1172459168, 
410) 1172973003, 
411) 1180811570, 
412) 1184506439, 
413) 1186476517, 
414) 1188124916, 
415) 1189892769, 
416) 1191010376, 
417) 1191890776, 
418) 1195725595, 
419) 1197293483, 
420) 1198877928, 
421) 1199448496, 
422) 1200555103, 
423) 1204186230, 
424) 1206676786, 
425) 1211806520, 
426) 1211915293, 
427) 1218482947, 
428) 1226181128, 
429) 1228967402, 
430) 1229340642, 
431) 1236955561, 
432) 1239552527, 
433) 1241240945, 
434) 1242930503, 
435) 1244074607, 
436) 1251846272, 
437) 1253678721, 
438) 1256188200, 
439) 1257395424, 
440) 1258658411, 
441) 1258876537, 
442) 1262098071, 
443) 1262477451, 
444) 1263244041, 
445) 1264626337, 
446) 1267522124, 
447) 1269138305, 
448) 1270109662, 
449) 1272636899, 
450) 1275979046, 
451) 1277944880, 
452) 1278056625, 
453) 1278108314, 
454) 1278446753, 
455) 1278618107, 
456) 1279090322, 
457) 1279173681, 
458) 1282988182, 
459) 1285502626, 
460) 1286722219, 
461) 1292241938, 
462) 1295651929, 
463) 1296408566, 
464) 1296892157, 
465) 1298544359, 
466) 1306058282, 
467) 1307038759, 
468) 1308572999, 
469) 1327632463, 
470) 1328372520, 
471) 1330094600, 
472) 1330244576, 
473) 1334037633, 
474) 1337107779, 
475) 1339743517, 
476) 1344504872, 
477) 1345025612, 
478) 1348146381, 
479) 1351133561, 
480) 1353013388, 
481) 1354180391, 
482) 1355439930, 
483) 1357905223, 
484) 1363098614, 
485) 1365889447, 
486) 1367058183, 
487) 1370151259, 
488) 1376979401, 
489) 1379796564, 
490) 1380299746, 
491) 1385965684, 
492) 1387667078, 
493) 1389665493, 
494) 1389682265, 
495) 1390151665, 
496) 1392617059, 
497) 1396834843, 
498) 1419479861, 
499) 1426713776, 
500) 1430438671, 
501) 1433823397, 
502) 1434011968, 
503) 1436658994, 
504) 1439467855, 
505) 1445416153, 
506) 1445989825, 
507) 1453649496, 
508) 1457347607, 
509) 1459640600, 
510) 1461492575, 
511) 1463907482, 
512) 1466186238, 
513) 1468216987, 
514) 1472197860, 
515) 1472710940, 
516) 1475907046, 
517) 1482052561, 
518) 1482508556, 
519) 1482670165, 
520) 1488766689, 
521) 1495475835, 
522) 1498324814, 
523) 1501037577, 
524) 1512818022, 
525) 1515849883, 
526) 1526232020, 
527) 1526681885, 
528) 1533037889, 
529) 1541638316, 
530) 1542503490, 
531) 1546589794, 
532) 1556394003, 
533) 1561147657, 
534) 1567120442, 
535) 1573008651, 
536) 1580814596, 
537) 1585638791, 
538) 1586624387, 
539) 1590602534, 
540) 1595971902, 
541) 1603467893, 
542) 1608479903, 
543) 1610292135, 
544) 1613563921, 
545) 1618647095, 
546) 1639849766, 
547) 1647039900, 
548) 1647849587, 
549) 1653678811, 
550) 1653809541, 
551) 1654614363, 
552) 1655812550, 
553) 1655949871, 
554) 1660682207, 
555) 1669483755, 
556) 1669951226, 
557) 1670276629, 
558) 1673202396, 
559) 1673278055, 
560) 1675220484, 
561) 1683053878, 
562) 1687467939, 
563) 1692569669, 
564) 1698121707, 
565) 1699821705, 
566) 1703633794, 
567) 1709226722, 
568) 1716547457, 
569) 1718060122, 
570) 1720348453, 
571) 1720379090, 
572) 1723069239, 
573) 1725969275, 
574) 1727452960, 
575) 1728430188, 
576) 1737943573, 
577) 1741269917, 
578) 1742704164, 
579) 1744731075, 
580) 1745115761, 
581) 1745451285, 
582) 1745731721, 
583) 1749823187, 
584) 1750201105, 
585) 1750689856, 
586) 1752645180, 
587) 1752823699, 
588) 1757002937, 
589) 1758025603, 
590) 1758295242, 
591) 1762246195, 
592) 1762817290, 
593) 1763042419, 
594) 1768313100, 
595) 1772125060, 
596) 1774227012, 
597) 1782933605, 
598) 1786534055, 
599) 1787119082, 
600) 1788141873, 
601) 1789761378, 
602) 1791210632, 
603) 1797660742, 
604) 1801821968, 
605) 1802598614, 
606) 1821983431, 
607) 1832735159, 
608) 1836495669, 
609) 1841592480, 
610) 1846490588, 
611) 1855049121, 
612) 1855634175, 
613) 1860099388, 
614) 1869882928, 
615) 1876979761, 
616) 1877421873, 
617) 1879413359, 
618) 1881349583, 
619) 1883639416, 
620) 1890109038, 
621) 1893418363, 
622) 1894228038, 
623) 1902534207, 
624) 1903882243, 
625) 1904003279, 
626) 1907655277, 
627) 1908471069, 
628) 1910118102, 
629) 1910318069, 
630) 1918985364, 
631) 1922619796, 
632) 1927123032, 
633) 1928996360, 
634) 1931294065, 
635) 1931399944, 
636) 1934620663, 
637) 1939480218, 
638) 1945930610, 
639) 1947396346, 
640) 1950475602, 
641) 1951273375, 
642) 1955026337, 
643) 1956828260, 
644) 1958700347, 
645) 1959546764, 
646) 1962175697, 
647) 1966456525, 
648) 1969307221, 
649) 1971755027, 
650) 1976812526, 
651) 1979644379, 
652) 1981785199, 
653) 1981796216, 
654) 1988503318, 
655) 1992234149, 
656) 1996420552, 
657) 1998285110, 
658) 2000852470, 
659) 2010822426, 
660) 2012026457, 
661) 2015320467, 
662) 2016554850, 
663) 2018162374, 
664) 2019904721, 
665) 2021906180, 
666) 2033921159, 
667) 2037910540, 
668) 2041945258, 
669) 2042410002, 
670) 2044217585, 
671) 2044936197, 
672) 2046651832, 
673) 2046895466, 
674) 2047399153, 
675) 2053964154, 
676) 2054799590, 
677) 2055856023, 
678) 2056129866, 
679) 2056694515, 
680) 2056854047, 
681) 2061060858, 
682) 2061689307, 
683) 2067992306, 
684) 2071610772, 
685) 2073808145, 
686) 2074055013, 
687) 2075278093, 
688) 2085146126, 
689) 2086130947, 
690) 2090897706, 
691) 2091524009, 
692) 2094879409, 
693) 2095592406, 
694) 2101351452, 
695) 2102450371, 
696) 2103872369, 
697) 2105007124, 
698) 2105738042, 
699) 2112065608, 
700) 2113073427, 
701) 2121064283, 
702) 2128233421, 
703) 2128780952, 
704) 2129449261, 
705) 2136071436, 
706) 2138712668, 
707) 2139292177, 
708) 2143114936, 
709) 2144403895, 
710) 2153728946, 
711) 2155618174, 
712) 2162695499, 
713) 2167868389, 
714) 2177507013, 
715) 2179175790, 
716) 2181067923, 
717) 2191254175, 
718) 2194687435, 
719) 2196168372, 
720) 2198573457, 
721) 2203214848, 
722) 2207641122, 
723) 2209365757, 
724) 2210557032, 
725) 2212090292, 
726) 2212250003, 
727) 2213057939, 
728) 2213658202, 
729) 2217118057, 
730) 2217445784, 
731) 2219540143, 
732) 2221129127, 
733) 2222603292, 
734) 2223111792, 
735) 2223897301, 
736) 2228656131, 
737) 2230359664, 
738) 2230696809, 
739) 2233600210, 
740) 2237093154, 
741) 2240278037, 
742) 2241243689, 
743) 2241273660, 
744) 2246777645, 
745) 2247289403, 
746) 2249419639, 
747) 2255508993, 
748) 2264319205, 
749) 2267348189, 
750) 2268776796, 
751) 2272251257, 
752) 2275510704, 
753) 2282144681, 
754) 2290514605, 
755) 2293136304, 
756) 2296111813, 
757) 2297275387, 
758) 2305688486, 
759) 2308490479, 
760) 2309077284, 
761) 2315239864, 
762) 2316380935, 
763) 2316406229, 
764) 2322106973, 
765) 2331923071, 
766) 2334279989, 
767) 2334307591, 
768) 2340845748, 
769) 2343192461, 
770) 2346217241, 
771) 2350021212, 
772) 2354566187, 
773) 2355539807, 
774) 2355781179, 
775) 2357294997, 
776) 2362324931, 
777) 2362614535, 
778) 2369550595, 
779) 2371856776, 
780) 2374056257, 
781) 2375813555, 
782) 2379028614, 
783) 2383196952, 
784) 2385799230, 
785) 2386140764, 
786) 2386770834, 
787) 2388060513, 
788) 2391700999, 
789) 2393372935, 
790) 2394748802, 
791) 2400215798, 
792) 2404814400, 
793) 2406807236, 
794) 2413819885, 
795) 2414523500, 
796) 2416155680, 
797) 2418906987, 
798) 2424380914, 
799) 2426507095, 
800) 2427535251, 
801) 2433917212, 
802) 2434480784, 
803) 2435849515, 
804) 2436054241, 
805) 2436971285, 
806) 2440209957, 
807) 2443051701, 
808) 2446135819, 
809) 2446891568, 
810) 2448019564, 
811) 2450269389, 
812) 2454577079, 
813) 2456789379, 
814) 2459765339, 
815) 2460682971, 
816) 2465871595, 
817) 2466890483, 
818) 2467219852, 
819) 2469227450, 
820) 2469336511, 
821) 2474078051, 
822) 2478502565, 
823) 2480506272, 
824) 2482507003, 
825) 2483428066, 
826) 2486708149, 
827) 2488183746, 
828) 2495026535, 
829) 2502587920, 
830) 2505027260, 
831) 2506367824, 
832) 2507358067, 
833) 2509139526, 
834) 2514737865, 
835) 2514795576, 
836) 2517165256, 
837) 2518837709, 
838) 2518938176, 
839) 2519664807, 
840) 2526893399, 
841) 2533566227, 
842) 2537537923, 
843) 2544940210, 
844) 2548618907, 
845) 2550564537, 
846) 2553716694, 
847) 2555586317, 
848) 2558925294, 
849) 2560318876, 
850) 2561644627, 
851) 2563095236, 
852) 2565170839, 
853) 2574520799, 
854) 2575843612, 
855) 2576023151, 
856) 2579175640, 
857) 2581028038, 
858) 2581377692, 
859) 2586533899, 
860) 2587392921, 
861) 2590691783, 
862) 2590738867, 
863) 2590793270, 
864) 2592390636, 
865) 2595494951, 
866) 2598804635, 
867) 2599502935, 
868) 2601031924, 
869) 2605287721, 
870) 2606452218, 
871) 2606884700, 
872) 2608476387, 
873) 2608574158, 
874) 2612735950, 
875) 2618856138, 
876) 2620419854, 
877) 2621006728, 
878) 2621265480, 
879) 2623113258, 
880) 2625102717, 
881) 2633219955, 
882) 2635074217, 
883) 2635777001, 
884) 2642465485, 
885) 2644615904, 
886) 2650123425, 
887) 2656369988, 
888) 2657712093, 
889) 2659383087, 
890) 2659643954, 
891) 2661677769, 
892) 2662585938, 
893) 2663095426, 
894) 2675781318, 
895) 2678977941, 
896) 2683303649, 
897) 2683714816, 
898) 2684886496, 
899) 2689073558, 
900) 2689818518, 
901) 2700973876, 
902) 2701807443, 
903) 2705434515, 
904) 2705771573, 
905) 2706807236, 
906) 2710964626, 
907) 2717354061, 
908) 2719261705, 
909) 2719264652, 
910) 2719844170, 
911) 2720327070, 
912) 2723344768, 
913) 2723874321, 
914) 2725616065, 
915) 2727154132, 
916) 2732352439, 
917) 2736102024, 
918) 2737597311, 
919) 2740601971, 
920) 2749389190, 
921) 2752223768, 
922) 2760004636, 
923) 2766623350, 
924) 2766655058, 
925) 2769012158, 
926) 2782634623, 
927) 2786781607, 
928) 2787864423, 
929) 2790938219, 
930) 2792879148, 
931) 2794423108, 
932) 2794573562, 
933) 2794886276, 
934) 2795763223, 
935) 2796501002, 
936) 2796906060, 
937) 2797983892, 
938) 2800019341, 
939) 2801090299, 
940) 2806104777, 
941) 2807815523, 
942) 2810114179, 
943) 2811037818, 
944) 2812880429, 
945) 2814383763, 
946) 2823214266, 
947) 2829283172, 
948) 2838924949, 
949) 2839408476, 
950) 2843690340, 
951) 2844487729, 
952) 2852790746, 
953) 2852845781, 
954) 2858338477, 
955) 2858880751, 
956) 2861363764, 
957) 2868633954, 
958) 2868758172, 
959) 2873297900, 
960) 2873932545, 
961) 2879308079, 
962) 2883322853, 
963) 2884268233, 
964) 2884460347, 
965) 2886162722, 
966) 2888694594, 
967) 2890447235, 
968) 2890794800, 
969) 2890920554, 
970) 2891544341, 
971) 2895095874, 
972) 2897753450, 
973) 2899227977, 
974) 2899815799, 
975) 2902986263, 
976) 2914103899, 
977) 2916022964, 
978) 2928567929, 
979) 2929172860, 
980) 2930412022, 
981) 2935749680, 
982) 2936849684, 
983) 2939122203, 
984) 2940271972, 
985) 2941670787, 
986) 2949970408, 
987) 2950373616, 
988) 2956840014, 
989) 2962458976, 
990) 2963739508, 
991) 2967107950, 
992) 2975562030, 
993) 2979464279, 
994) 2981107789, 
995) 2985219298, 
996) 2985881077, 
997) 2988579692, 
998) 2992659439, 
999) 2998816763, 
