Number of elements is 100
Type of array is rendomized
Sorting algorithm - merge
Running time of sorting algorithm is 49ms
0) 20970125, 
1) 26197738, 
2) 32680871, 
3) 57025691, 
4) 99509094, 
5) 122277065, 
6) 160028706, 
7) 238416862, 
8) 262945046, 
9) 332920544, 
10) 354306571, 
11) 385019084, 
12) 497097540, 
13) 516206037, 
14) 572195270, 
15) 576915822, 
16) 677980779, 
17) 679911367, 
18) 700272596, 
19) 708333233, 
20) 745183985, 
21) 764631415, 
22) 766152328, 
23) 767517684, 
24) 770737563, 
25) 803436556, 
26) 867463647, 
27) 889536613, 
28) 988473837, 
29) 998243475, 
30) 1026756931, 
31) 1034996651, 
32) 1043408396, 
33) 1085198319, 
34) 1148608519, 
35) 1170390173, 
36) 1190733639, 
37) 1304682069, 
38) 1330485430, 
39) 1382257301, 
40) 1403426670, 
41) 1423665839, 
42) 1427421016, 
43) 1458333924, 
44) 1460223999, 
45) 1460770108, 
46) 1475718024, 
47) 1482225328, 
48) 1493442740, 
49) 1540368203, 
50) 1541968532, 
51) 1579209272, 
52) 1599269472, 
53) 1646965403, 
54) 1648764551, 
55) 1677530323, 
56) 1795266453, 
57) 1896700557, 
58) 1901756753, 
59) 1909732461, 
60) 1910393488, 
61) 1913404223, 
62) 1946666401, 
63) 1988290451, 
64) 2012511556, 
65) 2034626474, 
66) 2048808178, 
67) 2124738473, 
68) 2127785109, 
69) 2139154185, 
70) 2140983849, 
71) 2228796403, 
72) 2238949001, 
73) 2240242427, 
74) 2263150699, 
75) 2272864028, 
76) 2294639525, 
77) 2322460175, 
78) 2330125146, 
79) 2351220305, 
80) 2375323291, 
81) 2405329517, 
82) 2446036624, 
83) 2466297461, 
84) 2544488985, 
85) 2547295470, 
86) 2548408293, 
87) 2573490071, 
88) 2577083479, 
89) 2598008699, 
90) 2607745534, 
91) 2757428655, 
92) 2766907730, 
93) 2832531213, 
94) 2837362912, 
95) 2893106842, 
96) 2900294032, 
97) 2942109800, 
98) 2960107149, 
99) 2979748050, 
