Number of elements is 5000
Type of array is reversed
Sorting algorithm - merge
Running time of sorting algorithm is 1510ms
0) 83957, 
1) 628930, 
2) 1382649, 
3) 1574334, 
4) 1784772, 
5) 2348214, 
6) 3897755, 
7) 4980819, 
8) 5466216, 
9) 6527377, 
10) 7025202, 
11) 7080594, 
12) 7342774, 
13) 7528374, 
14) 9986057, 
15) 10269557, 
16) 10650790, 
17) 13441394, 
18) 13811689, 
19) 13905793, 
20) 14657454, 
21) 15214587, 
22) 15681657, 
23) 16655435, 
24) 16705674, 
25) 17307083, 
26) 17654445, 
27) 18410816, 
28) 18536867, 
29) 18756751, 
30) 19812890, 
31) 20714617, 
32) 21783070, 
33) 22384157, 
34) 22607332, 
35) 23072715, 
36) 23431157, 
37) 23464879, 
38) 23465376, 
39) 24783706, 
40) 25005565, 
41) 25294304, 
42) 26643921, 
43) 26788626, 
44) 26962423, 
45) 26998332, 
46) 27241219, 
47) 27241848, 
48) 27558039, 
49) 27684432, 
50) 27701870, 
51) 28330271, 
52) 28915780, 
53) 28931450, 
54) 29593513, 
55) 30572774, 
56) 32314645, 
57) 32598761, 
58) 32792090, 
59) 33335582, 
60) 33428679, 
61) 33713573, 
62) 33791483, 
63) 34954440, 
64) 34983832, 
65) 36068248, 
66) 36372026, 
67) 36656576, 
68) 36834609, 
69) 36872144, 
70) 36922134, 
71) 39947823, 
72) 40606792, 
73) 40776687, 
74) 41083961, 
75) 41247118, 
76) 42210400, 
77) 42910308, 
78) 43109109, 
79) 43845886, 
80) 44267756, 
81) 44325000, 
82) 45917549, 
83) 46049023, 
84) 46815330, 
85) 47489100, 
86) 48627699, 
87) 48713040, 
88) 49045267, 
89) 49123984, 
90) 49620476, 
91) 49719649, 
92) 49961940, 
93) 50403408, 
94) 50602088, 
95) 50713093, 
96) 51719452, 
97) 52472703, 
98) 53048625, 
99) 53854514, 
100) 54090243, 
101) 54384855, 
102) 55760653, 
103) 56097433, 
104) 56242239, 
105) 57492329, 
106) 57670022, 
107) 58918921, 
108) 59012021, 
109) 59036079, 
110) 59791480, 
111) 59935832, 
112) 62416406, 
113) 63108709, 
114) 63977801, 
115) 64436104, 
116) 65292044, 
117) 65362645, 
118) 65879647, 
119) 66269382, 
120) 67739166, 
121) 68009159, 
122) 68158045, 
123) 68561918, 
124) 70778110, 
125) 71675316, 
126) 72010469, 
127) 72934106, 
128) 73100116, 
129) 73434968, 
130) 76739306, 
131) 76922155, 
132) 77253665, 
133) 77743931, 
134) 78047702, 
135) 78365676, 
136) 78594879, 
137) 80150156, 
138) 80374223, 
139) 81035725, 
140) 81273713, 
141) 81404363, 
142) 81621708, 
143) 81969436, 
144) 83218244, 
145) 83755120, 
146) 83885822, 
147) 84822161, 
148) 84950790, 
149) 85104735, 
150) 85833681, 
151) 87040089, 
152) 87512487, 
153) 87546605, 
154) 87958437, 
155) 88000813, 
156) 88679276, 
157) 89023156, 
158) 89918578, 
159) 90474867, 
160) 90573637, 
161) 91039307, 
162) 91047467, 
163) 92053307, 
164) 94320885, 
165) 95753528, 
166) 95892227, 
167) 96795233, 
168) 98155567, 
169) 98926810, 
170) 99766489, 
171) 100466035, 
172) 100929404, 
173) 101333940, 
174) 101775102, 
175) 103243542, 
176) 103802269, 
177) 104002995, 
178) 104460033, 
179) 104641165, 
180) 107068945, 
181) 107246197, 
182) 107418288, 
183) 107463101, 
184) 107567476, 
185) 108734172, 
186) 108967929, 
187) 109091179, 
188) 110758963, 
189) 111466273, 
190) 111783271, 
191) 112308698, 
192) 114498217, 
193) 114766042, 
194) 115052314, 
195) 115197696, 
196) 115450366, 
197) 116582194, 
198) 117208936, 
199) 117452657, 
200) 118051316, 
201) 118502523, 
202) 120238443, 
203) 121772332, 
204) 123617897, 
205) 124447001, 
206) 124527815, 
207) 125240657, 
208) 125399112, 
209) 125571091, 
210) 126244109, 
211) 127085689, 
212) 129059796, 
213) 129542921, 
214) 129678920, 
215) 130235338, 
216) 131411351, 
217) 132142382, 
218) 132973135, 
219) 133209490, 
220) 134517631, 
221) 135951504, 
222) 136455152, 
223) 137507380, 
224) 137767686, 
225) 138639401, 
226) 139548756, 
227) 143468141, 
228) 144022514, 
229) 144193851, 
230) 144208671, 
231) 144439355, 
232) 144798772, 
233) 146150882, 
234) 146740402, 
235) 146973035, 
236) 148676883, 
237) 148734808, 
238) 148972212, 
239) 149578272, 
240) 150157231, 
241) 151257112, 
242) 151978568, 
243) 152437220, 
244) 152768463, 
245) 153198326, 
246) 153626134, 
247) 154293744, 
248) 154431805, 
249) 154777801, 
250) 154820133, 
251) 155815945, 
252) 156700581, 
253) 157655482, 
254) 158099440, 
255) 159132071, 
256) 159458747, 
257) 159631008, 
258) 160036986, 
259) 160073831, 
260) 160862500, 
261) 161207120, 
262) 161422886, 
263) 163869911, 
264) 164564782, 
265) 164647584, 
266) 164989861, 
267) 165206279, 
268) 165865750, 
269) 166477689, 
270) 166900789, 
271) 167475640, 
272) 168911024, 
273) 169790302, 
274) 170126662, 
275) 170528781, 
276) 171080463, 
277) 171198722, 
278) 171201597, 
279) 171374134, 
280) 171876702, 
281) 171970001, 
282) 172057305, 
283) 172172794, 
284) 172842029, 
285) 173661653, 
286) 173673489, 
287) 175369756, 
288) 175841620, 
289) 176674186, 
290) 177374934, 
291) 177625816, 
292) 177936125, 
293) 178755778, 
294) 179553365, 
295) 179700115, 
296) 180123803, 
297) 180924938, 
298) 180926685, 
299) 181599735, 
300) 182200881, 
301) 182849068, 
302) 183123865, 
303) 183312390, 
304) 183485416, 
305) 183641640, 
306) 184181354, 
307) 184380142, 
308) 184669060, 
309) 185359297, 
310) 186354265, 
311) 187906670, 
312) 188396119, 
313) 188575604, 
314) 188894385, 
315) 189085700, 
316) 190742511, 
317) 193484775, 
318) 195294405, 
319) 196300682, 
320) 196935820, 
321) 197050284, 
322) 197225097, 
323) 198106296, 
324) 198266877, 
325) 198548539, 
326) 199419668, 
327) 200434739, 
328) 200674740, 
329) 201752729, 
330) 201831561, 
331) 202479619, 
332) 203661440, 
333) 204318591, 
334) 205735662, 
335) 206102251, 
336) 206391023, 
337) 206969804, 
338) 207550287, 
339) 207655625, 
340) 208595634, 
341) 209103682, 
342) 211773307, 
343) 212603917, 
344) 212692712, 
345) 212731400, 
346) 213682778, 
347) 213830094, 
348) 214363988, 
349) 214396841, 
350) 215196088, 
351) 215376219, 
352) 215631505, 
353) 215666180, 
354) 215897724, 
355) 216063175, 
356) 217597135, 
357) 217682256, 
358) 217688969, 
359) 217713724, 
360) 217977085, 
361) 218294561, 
362) 218303982, 
363) 219019438, 
364) 220202189, 
365) 221852982, 
366) 222821478, 
367) 223927461, 
368) 224378378, 
369) 224845240, 
370) 225333178, 
371) 225614145, 
372) 225720018, 
373) 226948948, 
374) 226981165, 
375) 227180209, 
376) 227929923, 
377) 229019923, 
378) 229189067, 
379) 230845680, 
380) 231601892, 
381) 231891751, 
382) 232630892, 
383) 233433361, 
384) 233651290, 
385) 233652497, 
386) 234368518, 
387) 234468537, 
388) 234933362, 
389) 235835112, 
390) 236816241, 
391) 237413667, 
392) 238267817, 
393) 238618861, 
394) 238704151, 
395) 240097328, 
396) 241251788, 
397) 242586314, 
398) 242772670, 
399) 242979409, 
400) 243160995, 
401) 243912377, 
402) 244160592, 
403) 245978236, 
404) 246339267, 
405) 246800411, 
406) 247108472, 
407) 249280280, 
408) 249640810, 
409) 250445631, 
410) 250680325, 
411) 252470039, 
412) 252830777, 
413) 253899958, 
414) 254027277, 
415) 254560940, 
416) 254956590, 
417) 255279395, 
418) 255709150, 
419) 255959792, 
420) 256328050, 
421) 256659886, 
422) 257622591, 
423) 257929392, 
424) 258965687, 
425) 258975762, 
426) 259726440, 
427) 261393042, 
428) 261879709, 
429) 262112856, 
430) 262279591, 
431) 262395060, 
432) 262839648, 
433) 262938930, 
434) 264238245, 
435) 264642718, 
436) 266658101, 
437) 267349087, 
438) 267591868, 
439) 267681088, 
440) 267965190, 
441) 269322770, 
442) 269873950, 
443) 270123994, 
444) 270822056, 
445) 272091456, 
446) 274549017, 
447) 275176047, 
448) 276382644, 
449) 276446207, 
450) 278990514, 
451) 280868953, 
452) 281307707, 
453) 281888991, 
454) 282118473, 
455) 282828041, 
456) 283116983, 
457) 283646510, 
458) 283706502, 
459) 283990944, 
460) 285155489, 
461) 285364407, 
462) 287089343, 
463) 287254670, 
464) 287475417, 
465) 288372333, 
466) 288676282, 
467) 288851678, 
468) 289802492, 
469) 290427839, 
470) 292269361, 
471) 292285630, 
472) 292861304, 
473) 293225405, 
474) 293325733, 
475) 293625675, 
476) 293642278, 
477) 294066949, 
478) 294834748, 
479) 295644184, 
480) 297864610, 
481) 298425017, 
482) 299465889, 
483) 300966109, 
484) 301059609, 
485) 302760565, 
486) 303309286, 
487) 303685857, 
488) 303880661, 
489) 304360592, 
490) 304801987, 
491) 305150010, 
492) 305175551, 
493) 305179031, 
494) 305621719, 
495) 308987110, 
496) 309229447, 
497) 311107122, 
498) 311575851, 
499) 311643155, 
500) 311875040, 
501) 311886960, 
502) 311917032, 
503) 313149003, 
504) 313658319, 
505) 314026107, 
506) 314300659, 
507) 314351090, 
508) 314783442, 
509) 314817104, 
510) 314907944, 
511) 315456649, 
512) 315726741, 
513) 315750117, 
514) 317013215, 
515) 317633378, 
516) 320434000, 
517) 320963899, 
518) 321216597, 
519) 321337436, 
520) 321703997, 
521) 321781612, 
522) 322037855, 
523) 322840271, 
524) 324935760, 
525) 326246521, 
526) 327648141, 
527) 329178008, 
528) 329363853, 
529) 330288907, 
530) 330549677, 
531) 330722809, 
532) 331215994, 
533) 331268480, 
534) 331355028, 
535) 331708220, 
536) 331916399, 
537) 332921775, 
538) 333254100, 
539) 333385893, 
540) 333691554, 
541) 333698643, 
542) 335601661, 
543) 336474866, 
544) 336974093, 
545) 337354611, 
546) 339072871, 
547) 339072916, 
548) 339882048, 
549) 340405996, 
550) 341948089, 
551) 342101592, 
552) 342314112, 
553) 342492860, 
554) 344102288, 
555) 344867944, 
556) 346351347, 
557) 347129220, 
558) 347406926, 
559) 347537939, 
560) 347572920, 
561) 348035202, 
562) 348055153, 
563) 348210417, 
564) 349523368, 
565) 349876527, 
566) 350238026, 
567) 350630716, 
568) 351086137, 
569) 351249587, 
570) 352976156, 
571) 353224393, 
572) 353331370, 
573) 353467323, 
574) 353527051, 
575) 354017283, 
576) 355110473, 
577) 356089662, 
578) 357715430, 
579) 358176019, 
580) 358498923, 
581) 360723673, 
582) 360843063, 
583) 362402671, 
584) 362738932, 
585) 363467110, 
586) 364393426, 
587) 364468825, 
588) 364917667, 
589) 365340721, 
590) 365603188, 
591) 365901709, 
592) 366012240, 
593) 366895602, 
594) 367355780, 
595) 367559217, 
596) 368202521, 
597) 368377036, 
598) 370211023, 
599) 370229052, 
600) 371051676, 
601) 371348131, 
602) 373489904, 
603) 373786279, 
604) 374970056, 
605) 374977999, 
606) 375579586, 
607) 375958236, 
608) 376539604, 
609) 376548913, 
610) 377412064, 
611) 378300668, 
612) 378419116, 
613) 379020370, 
614) 379198972, 
615) 380714544, 
616) 380780151, 
617) 381662939, 
618) 382181498, 
619) 383069504, 
620) 383805294, 
621) 384351668, 
622) 384588724, 
623) 384654927, 
624) 385429831, 
625) 385470239, 
626) 385874326, 
627) 386143837, 
628) 386145687, 
629) 386204220, 
630) 386968433, 
631) 387507796, 
632) 387956867, 
633) 388781823, 
634) 389165038, 
635) 389596864, 
636) 390277702, 
637) 390421742, 
638) 391248920, 
639) 391547608, 
640) 391680045, 
641) 392142947, 
642) 392406048, 
643) 393422820, 
644) 393608319, 
645) 397273901, 
646) 397538065, 
647) 399550330, 
648) 399703422, 
649) 402323203, 
650) 404015028, 
651) 404177361, 
652) 406912809, 
653) 407521122, 
654) 409117620, 
655) 409690630, 
656) 411860036, 
657) 412033547, 
658) 412091718, 
659) 412162329, 
660) 412375313, 
661) 414028241, 
662) 415471436, 
663) 416073772, 
664) 416883103, 
665) 419427563, 
666) 419831076, 
667) 420071031, 
668) 421406545, 
669) 422170259, 
670) 423471302, 
671) 423526312, 
672) 423978352, 
673) 424053996, 
674) 425517743, 
675) 426513326, 
676) 426829259, 
677) 427608328, 
678) 427972557, 
679) 428670494, 
680) 428886490, 
681) 429159472, 
682) 430477429, 
683) 430999197, 
684) 431349274, 
685) 432214684, 
686) 434049530, 
687) 434162017, 
688) 435065215, 
689) 435114657, 
690) 435738396, 
691) 436550245, 
692) 436640288, 
693) 436922725, 
694) 436943995, 
695) 437177121, 
696) 438675860, 
697) 438854664, 
698) 439223670, 
699) 440463966, 
700) 440816921, 
701) 440818445, 
702) 441244406, 
703) 441675857, 
704) 443817427, 
705) 443922512, 
706) 444195564, 
707) 444924654, 
708) 445370058, 
709) 445471636, 
710) 445702683, 
711) 445823217, 
712) 446238068, 
713) 446822724, 
714) 446914649, 
715) 446920907, 
716) 447564507, 
717) 447766405, 
718) 447820228, 
719) 447822159, 
720) 448396934, 
721) 448790105, 
722) 450985304, 
723) 451048100, 
724) 452184648, 
725) 452611536, 
726) 453585146, 
727) 453673655, 
728) 455262228, 
729) 455579215, 
730) 455979829, 
731) 456220129, 
732) 456443627, 
733) 456772003, 
734) 458469115, 
735) 459384986, 
736) 459551435, 
737) 460788997, 
738) 462436837, 
739) 463274397, 
740) 463281426, 
741) 463635936, 
742) 464180209, 
743) 464226793, 
744) 464606439, 
745) 464905967, 
746) 465105719, 
747) 465636050, 
748) 465797059, 
749) 466057224, 
750) 466162999, 
751) 466213120, 
752) 466312735, 
753) 467051915, 
754) 467970676, 
755) 468745884, 
756) 468785453, 
757) 470799096, 
758) 471150602, 
759) 472020969, 
760) 474090849, 
761) 474382164, 
762) 474706621, 
763) 475904529, 
764) 475924871, 
765) 477090436, 
766) 477302334, 
767) 477794329, 
768) 478716791, 
769) 479741199, 
770) 481953192, 
771) 482078252, 
772) 482939831, 
773) 483288654, 
774) 483618721, 
775) 484734587, 
776) 484947158, 
777) 485782703, 
778) 485817839, 
779) 486719086, 
780) 486994076, 
781) 487346464, 
782) 487688594, 
783) 488292070, 
784) 489578665, 
785) 490396490, 
786) 491560849, 
787) 492115198, 
788) 492434277, 
789) 492947794, 
790) 493421103, 
791) 493693705, 
792) 493736399, 
793) 493987284, 
794) 494304990, 
795) 495654417, 
796) 495787033, 
797) 496470393, 
798) 498808742, 
799) 498821199, 
800) 500548491, 
801) 501445046, 
802) 501933309, 
803) 502116904, 
804) 503158817, 
805) 504052617, 
806) 504194157, 
807) 504247698, 
808) 505424874, 
809) 505984467, 
810) 506653313, 
811) 508414163, 
812) 508784144, 
813) 508915860, 
814) 509034731, 
815) 509847388, 
816) 510545719, 
817) 511806758, 
818) 512612150, 
819) 513095016, 
820) 513599234, 
821) 513721986, 
822) 513727976, 
823) 514889109, 
824) 515125781, 
825) 515504294, 
826) 516337682, 
827) 516409679, 
828) 516952556, 
829) 517241662, 
830) 517751973, 
831) 518259459, 
832) 518402989, 
833) 518930195, 
834) 519087641, 
835) 519132031, 
836) 519187906, 
837) 519188514, 
838) 520009288, 
839) 521523437, 
840) 522018583, 
841) 522415976, 
842) 522591363, 
843) 523119912, 
844) 523545578, 
845) 524044258, 
846) 524306453, 
847) 524348525, 
848) 526258910, 
849) 526367189, 
850) 526427265, 
851) 527463959, 
852) 528293234, 
853) 528399881, 
854) 528567467, 
855) 528975241, 
856) 530253247, 
857) 530807884, 
858) 531109767, 
859) 532039857, 
860) 532072679, 
861) 532125142, 
862) 532349399, 
863) 532561518, 
864) 533373233, 
865) 534395716, 
866) 535477406, 
867) 536202339, 
868) 538055990, 
869) 539258509, 
870) 540133741, 
871) 540170503, 
872) 540330635, 
873) 540812606, 
874) 541144389, 
875) 541873106, 
876) 542202022, 
877) 542652698, 
878) 542806342, 
879) 542982749, 
880) 543539676, 
881) 544037861, 
882) 544043527, 
883) 544224044, 
884) 544993871, 
885) 545173734, 
886) 545564619, 
887) 545692741, 
888) 546304307, 
889) 547268871, 
890) 547692609, 
891) 548749788, 
892) 549419038, 
893) 550294579, 
894) 550764390, 
895) 550764632, 
896) 550792322, 
897) 550795080, 
898) 550865529, 
899) 550970269, 
900) 551071532, 
901) 552744121, 
902) 553418349, 
903) 554954313, 
904) 555260442, 
905) 555331405, 
906) 555597769, 
907) 556817381, 
908) 556849900, 
909) 556932002, 
910) 557179614, 
911) 558576524, 
912) 558784878, 
913) 559416409, 
914) 559818810, 
915) 562560805, 
916) 562663919, 
917) 562802186, 
918) 563121424, 
919) 564054517, 
920) 564271453, 
921) 565444572, 
922) 566711844, 
923) 567263928, 
924) 567994264, 
925) 568130784, 
926) 568352269, 
927) 568720469, 
928) 570100580, 
929) 570696970, 
930) 571308756, 
931) 571492846, 
932) 571888972, 
933) 572172322, 
934) 572436735, 
935) 572463488, 
936) 572713633, 
937) 572899422, 
938) 572936516, 
939) 574149178, 
940) 574439756, 
941) 575526203, 
942) 576349647, 
943) 577612736, 
944) 577863121, 
945) 581017946, 
946) 581215870, 
947) 581794218, 
948) 582199775, 
949) 582387970, 
950) 582830663, 
951) 583301139, 
952) 583634729, 
953) 584460602, 
954) 584671483, 
955) 585214990, 
956) 586433373, 
957) 586673247, 
958) 587426011, 
959) 589028346, 
960) 589140706, 
961) 589314671, 
962) 589345406, 
963) 590433717, 
964) 590513648, 
965) 590719764, 
966) 590818437, 
967) 591128509, 
968) 591381170, 
969) 592464878, 
970) 592704534, 
971) 593150465, 
972) 593595638, 
973) 593714791, 
974) 593849393, 
975) 594477943, 
976) 595220920, 
977) 596027534, 
978) 596050650, 
979) 596698480, 
980) 597303441, 
981) 599337524, 
982) 599867862, 
983) 601352276, 
984) 601479721, 
985) 602159119, 
986) 602463364, 
987) 602960372, 
988) 603300595, 
989) 603623343, 
990) 604080680, 
991) 605152033, 
992) 605468254, 
993) 606061312, 
994) 606221815, 
995) 606710926, 
996) 606940073, 
997) 607897406, 
998) 608300150, 
999) 608689371, 
1000) 609003150, 
1001) 609081171, 
1002) 609543871, 
1003) 609550730, 
1004) 610543810, 
1005) 610753734, 
1006) 611080239, 
1007) 611497947, 
1008) 612658521, 
1009) 613566403, 
1010) 613885490, 
1011) 615472736, 
1012) 615525935, 
1013) 616121636, 
1014) 616771822, 
1015) 616850440, 
1016) 617223926, 
1017) 617433634, 
1018) 618192242, 
1019) 619093139, 
1020) 619321845, 
1021) 620759559, 
1022) 620907063, 
1023) 622834515, 
1024) 622907210, 
1025) 623118648, 
1026) 623379468, 
1027) 623940465, 
1028) 624217820, 
1029) 625056916, 
1030) 626739727, 
1031) 627727413, 
1032) 628664868, 
1033) 630022771, 
1034) 630162755, 
1035) 630602320, 
1036) 631074105, 
1037) 631125482, 
1038) 631713323, 
1039) 632325870, 
1040) 632694248, 
1041) 632716694, 
1042) 632762196, 
1043) 632953054, 
1044) 633288497, 
1045) 633493397, 
1046) 634146449, 
1047) 634221322, 
1048) 634317674, 
1049) 635236688, 
1050) 635356580, 
1051) 635751055, 
1052) 636082664, 
1053) 636349610, 
1054) 636642819, 
1055) 636930981, 
1056) 637188391, 
1057) 637713228, 
1058) 637898203, 
1059) 638159040, 
1060) 639018005, 
1061) 640120311, 
1062) 640349563, 
1063) 641579160, 
1064) 641584132, 
1065) 642674762, 
1066) 642903024, 
1067) 643514649, 
1068) 643986497, 
1069) 644177854, 
1070) 644836667, 
1071) 645437580, 
1072) 645781185, 
1073) 645963539, 
1074) 646092667, 
1075) 646708409, 
1076) 647383230, 
1077) 647491805, 
1078) 648600902, 
1079) 649027627, 
1080) 649637765, 
1081) 650807496, 
1082) 651017214, 
1083) 651181861, 
1084) 651181997, 
1085) 651186360, 
1086) 652398434, 
1087) 652623646, 
1088) 652699143, 
1089) 652894790, 
1090) 653349442, 
1091) 655864100, 
1092) 656403296, 
1093) 656756610, 
1094) 656822225, 
1095) 657723849, 
1096) 658196885, 
1097) 659560794, 
1098) 659591893, 
1099) 659762791, 
1100) 660454380, 
1101) 660463898, 
1102) 661157781, 
1103) 662071658, 
1104) 662863770, 
1105) 664386116, 
1106) 665921118, 
1107) 666356083, 
1108) 666397340, 
1109) 666729060, 
1110) 667684283, 
1111) 668310454, 
1112) 668535798, 
1113) 668558126, 
1114) 669136224, 
1115) 669694634, 
1116) 670417733, 
1117) 670773494, 
1118) 671793073, 
1119) 672545010, 
1120) 675378837, 
1121) 675832735, 
1122) 676024755, 
1123) 676581273, 
1124) 676668511, 
1125) 676704192, 
1126) 676726627, 
1127) 676736819, 
1128) 676905339, 
1129) 677334788, 
1130) 677531329, 
1131) 678448914, 
1132) 680126369, 
1133) 680304242, 
1134) 680457039, 
1135) 681543219, 
1136) 682091295, 
1137) 682118429, 
1138) 683061621, 
1139) 683600954, 
1140) 683730000, 
1141) 686819775, 
1142) 688591201, 
1143) 688989963, 
1144) 689241857, 
1145) 689798664, 
1146) 690002045, 
1147) 690195793, 
1148) 690443915, 
1149) 690684857, 
1150) 690759474, 
1151) 691485399, 
1152) 691552495, 
1153) 692087675, 
1154) 692853273, 
1155) 693564691, 
1156) 693947334, 
1157) 694621185, 
1158) 694681214, 
1159) 696415207, 
1160) 696502267, 
1161) 696535443, 
1162) 697927309, 
1163) 698684118, 
1164) 698932773, 
1165) 699117400, 
1166) 699494142, 
1167) 700933862, 
1168) 701589204, 
1169) 701598058, 
1170) 702354380, 
1171) 702453078, 
1172) 702490780, 
1173) 706805406, 
1174) 707379868, 
1175) 707820210, 
1176) 709793469, 
1177) 710770531, 
1178) 711021231, 
1179) 711526987, 
1180) 711710199, 
1181) 711936090, 
1182) 712102829, 
1183) 714170052, 
1184) 715117049, 
1185) 715296830, 
1186) 715312813, 
1187) 715925322, 
1188) 716743858, 
1189) 717149219, 
1190) 717715633, 
1191) 718050919, 
1192) 719252459, 
1193) 721483877, 
1194) 721907648, 
1195) 723753125, 
1196) 723770912, 
1197) 724204138, 
1198) 724269601, 
1199) 724732494, 
1200) 724910099, 
1201) 726316194, 
1202) 726357437, 
1203) 727585732, 
1204) 728129439, 
1205) 729264899, 
1206) 730164813, 
1207) 730517324, 
1208) 731380061, 
1209) 732219117, 
1210) 732223453, 
1211) 733617345, 
1212) 734380464, 
1213) 734523086, 
1214) 735246792, 
1215) 735478811, 
1216) 736070347, 
1217) 736299246, 
1218) 738112392, 
1219) 738140054, 
1220) 738156187, 
1221) 738570341, 
1222) 739140009, 
1223) 740706752, 
1224) 741184093, 
1225) 741550569, 
1226) 742837293, 
1227) 743589149, 
1228) 743689113, 
1229) 744114344, 
1230) 744588105, 
1231) 745124670, 
1232) 745691202, 
1233) 746876608, 
1234) 747111643, 
1235) 747648015, 
1236) 748035527, 
1237) 748921734, 
1238) 749576128, 
1239) 749808445, 
1240) 749977103, 
1241) 750702713, 
1242) 750712145, 
1243) 751866179, 
1244) 752388487, 
1245) 752750576, 
1246) 753386323, 
1247) 754097882, 
1248) 754143840, 
1249) 754412790, 
1250) 754552078, 
1251) 755281997, 
1252) 756037318, 
1253) 756626601, 
1254) 756941797, 
1255) 757147359, 
1256) 757672256, 
1257) 757771432, 
1258) 759211589, 
1259) 759916193, 
1260) 760610322, 
1261) 761692629, 
1262) 763613176, 
1263) 764498955, 
1264) 764614963, 
1265) 764621490, 
1266) 765145695, 
1267) 765321115, 
1268) 765336666, 
1269) 765715171, 
1270) 765838938, 
1271) 766920310, 
1272) 767195338, 
1273) 767261223, 
1274) 767695658, 
1275) 770455075, 
1276) 773645619, 
1277) 773781305, 
1278) 774486827, 
1279) 775098060, 
1280) 775296509, 
1281) 775411727, 
1282) 775673876, 
1283) 776137018, 
1284) 776841937, 
1285) 777304466, 
1286) 777376031, 
1287) 777654520, 
1288) 777745117, 
1289) 778057997, 
1290) 778606932, 
1291) 778839681, 
1292) 779252522, 
1293) 779429521, 
1294) 779511314, 
1295) 779672987, 
1296) 780796086, 
1297) 782563655, 
1298) 782754468, 
1299) 783865840, 
1300) 784829025, 
1301) 785450791, 
1302) 786894174, 
1303) 786908803, 
1304) 787265661, 
1305) 787400745, 
1306) 788607415, 
1307) 789722920, 
1308) 790096281, 
1309) 790973957, 
1310) 791732690, 
1311) 791912527, 
1312) 792179079, 
1313) 794986708, 
1314) 795262419, 
1315) 795551456, 
1316) 796221470, 
1317) 796390536, 
1318) 796658788, 
1319) 797215530, 
1320) 798567207, 
1321) 798829520, 
1322) 799056129, 
1323) 799119716, 
1324) 799458473, 
1325) 799704078, 
1326) 799761791, 
1327) 800804889, 
1328) 800852426, 
1329) 800931100, 
1330) 801454361, 
1331) 802501588, 
1332) 802651347, 
1333) 802833265, 
1334) 803521135, 
1335) 803727177, 
1336) 805644342, 
1337) 805861771, 
1338) 806167639, 
1339) 806294209, 
1340) 806343105, 
1341) 806803115, 
1342) 807728652, 
1343) 808539972, 
1344) 809200233, 
1345) 809895447, 
1346) 810409794, 
1347) 810775113, 
1348) 811322764, 
1349) 811347672, 
1350) 812138423, 
1351) 812797469, 
1352) 812908223, 
1353) 813120608, 
1354) 814081654, 
1355) 814186104, 
1356) 815230739, 
1357) 815762279, 
1358) 816081428, 
1359) 816143812, 
1360) 816370631, 
1361) 816396409, 
1362) 818616087, 
1363) 818810725, 
1364) 819501582, 
1365) 819916954, 
1366) 819959637, 
1367) 820073760, 
1368) 820240161, 
1369) 820434202, 
1370) 820487709, 
1371) 820519369, 
1372) 821255563, 
1373) 823519210, 
1374) 823522116, 
1375) 823997880, 
1376) 824701387, 
1377) 824704556, 
1378) 826065118, 
1379) 827040285, 
1380) 827863344, 
1381) 827899815, 
1382) 828690301, 
1383) 828983426, 
1384) 829598944, 
1385) 829619593, 
1386) 829688605, 
1387) 830750651, 
1388) 831622865, 
1389) 832299975, 
1390) 832419297, 
1391) 832740076, 
1392) 833073311, 
1393) 833376952, 
1394) 833490869, 
1395) 834435712, 
1396) 834453567, 
1397) 835296786, 
1398) 835958307, 
1399) 836322649, 
1400) 836725821, 
1401) 837298948, 
1402) 837453281, 
1403) 837707057, 
1404) 838383563, 
1405) 839398816, 
1406) 839889738, 
1407) 840576754, 
1408) 840743743, 
1409) 841124260, 
1410) 841953170, 
1411) 842484415, 
1412) 842798604, 
1413) 843040587, 
1414) 843533696, 
1415) 843746729, 
1416) 843776626, 
1417) 844597953, 
1418) 845737103, 
1419) 846210017, 
1420) 846543451, 
1421) 847870194, 
1422) 848028276, 
1423) 849430148, 
1424) 850061026, 
1425) 850434121, 
1426) 850692529, 
1427) 850848674, 
1428) 852155710, 
1429) 852893714, 
1430) 853508921, 
1431) 854520258, 
1432) 856496794, 
1433) 856508424, 
1434) 856553072, 
1435) 856979656, 
1436) 857779084, 
1437) 857866419, 
1438) 858321997, 
1439) 858507338, 
1440) 859905805, 
1441) 860207408, 
1442) 860770725, 
1443) 860818471, 
1444) 861278127, 
1445) 863309834, 
1446) 864318376, 
1447) 865870074, 
1448) 866636233, 
1449) 866981141, 
1450) 867058599, 
1451) 867218447, 
1452) 868024666, 
1453) 868382522, 
1454) 868833622, 
1455) 870792341, 
1456) 871141151, 
1457) 871148742, 
1458) 872074207, 
1459) 872751137, 
1460) 873151224, 
1461) 874131629, 
1462) 874815888, 
1463) 874929707, 
1464) 875268680, 
1465) 875769387, 
1466) 876501349, 
1467) 878153493, 
1468) 878273815, 
1469) 880111178, 
1470) 880178065, 
1471) 880723760, 
1472) 882584678, 
1473) 884139139, 
1474) 884607579, 
1475) 886285771, 
1476) 886399869, 
1477) 887362788, 
1478) 888301407, 
1479) 888538712, 
1480) 889603891, 
1481) 891076356, 
1482) 891730152, 
1483) 891806238, 
1484) 892087095, 
1485) 894089929, 
1486) 894278110, 
1487) 894630041, 
1488) 895448995, 
1489) 895468712, 
1490) 896204811, 
1491) 897122113, 
1492) 898342973, 
1493) 898783044, 
1494) 898947932, 
1495) 899748501, 
1496) 899907409, 
1497) 899994103, 
1498) 900062005, 
1499) 901078067, 
1500) 901811610, 
1501) 902405471, 
1502) 903338707, 
1503) 903472326, 
1504) 903764841, 
1505) 905436891, 
1506) 906853101, 
1507) 907469769, 
1508) 908108287, 
1509) 908445219, 
1510) 908482112, 
1511) 908685870, 
1512) 908698044, 
1513) 908741595, 
1514) 908780408, 
1515) 910051648, 
1516) 911947428, 
1517) 912983006, 
1518) 913079684, 
1519) 914645023, 
1520) 914897376, 
1521) 915440882, 
1522) 915631449, 
1523) 915644012, 
1524) 915909005, 
1525) 916191661, 
1526) 916220241, 
1527) 917129032, 
1528) 917227685, 
1529) 918944102, 
1530) 921484387, 
1531) 921509316, 
1532) 921834755, 
1533) 922887698, 
1534) 922922016, 
1535) 923452487, 
1536) 923792504, 
1537) 926025577, 
1538) 926256948, 
1539) 926365840, 
1540) 927607247, 
1541) 927608533, 
1542) 927940500, 
1543) 928258477, 
1544) 928349509, 
1545) 928370389, 
1546) 928608298, 
1547) 928970281, 
1548) 929158075, 
1549) 930297163, 
1550) 930657509, 
1551) 931512724, 
1552) 931532124, 
1553) 932366981, 
1554) 932750672, 
1555) 933320777, 
1556) 933504513, 
1557) 934301186, 
1558) 934307222, 
1559) 934421985, 
1560) 934991901, 
1561) 936500061, 
1562) 939088649, 
1563) 939294129, 
1564) 939306707, 
1565) 940017003, 
1566) 940118717, 
1567) 941151048, 
1568) 942043743, 
1569) 943039851, 
1570) 944080839, 
1571) 944585340, 
1572) 944647011, 
1573) 944823895, 
1574) 945758463, 
1575) 946165147, 
1576) 946810665, 
1577) 947079803, 
1578) 947630438, 
1579) 947702126, 
1580) 948418548, 
1581) 948903533, 
1582) 949584172, 
1583) 950504738, 
1584) 951326371, 
1585) 951628565, 
1586) 952701766, 
1587) 953031595, 
1588) 953043466, 
1589) 953060428, 
1590) 953062242, 
1591) 953091336, 
1592) 954339673, 
1593) 954690070, 
1594) 955573169, 
1595) 956123516, 
1596) 956129735, 
1597) 956566116, 
1598) 956937059, 
1599) 957389663, 
1600) 958489118, 
1601) 958537494, 
1602) 958705332, 
1603) 958989808, 
1604) 959568202, 
1605) 959598609, 
1606) 959826645, 
1607) 961318319, 
1608) 962119692, 
1609) 963158808, 
1610) 965021598, 
1611) 965153367, 
1612) 965840333, 
1613) 966337221, 
1614) 966574689, 
1615) 968257035, 
1616) 968430058, 
1617) 968675082, 
1618) 969642231, 
1619) 970006434, 
1620) 970026261, 
1621) 972245083, 
1622) 972510709, 
1623) 973573890, 
1624) 975492347, 
1625) 975810872, 
1626) 976127524, 
1627) 977315302, 
1628) 978025130, 
1629) 978354673, 
1630) 978802741, 
1631) 979792210, 
1632) 980132818, 
1633) 980865843, 
1634) 981266109, 
1635) 981954292, 
1636) 982150004, 
1637) 982780511, 
1638) 984176967, 
1639) 984372379, 
1640) 984600868, 
1641) 987267105, 
1642) 987378597, 
1643) 987567809, 
1644) 989599786, 
1645) 989690564, 
1646) 989724706, 
1647) 990039596, 
1648) 990098273, 
1649) 991653219, 
1650) 992224234, 
1651) 993284345, 
1652) 993463179, 
1653) 994113534, 
1654) 994799160, 
1655) 995430966, 
1656) 996515414, 
1657) 996602614, 
1658) 999026000, 
1659) 999568191, 
1660) 1000901162, 
1661) 1000995012, 
1662) 1002018179, 
1663) 1002364678, 
1664) 1002604540, 
1665) 1003107311, 
1666) 1003384583, 
1667) 1004349496, 
1668) 1005108155, 
1669) 1005115644, 
1670) 1005295320, 
1671) 1005810519, 
1672) 1005887910, 
1673) 1006276191, 
1674) 1007089515, 
1675) 1007174955, 
1676) 1007720902, 
1677) 1008474589, 
1678) 1008833230, 
1679) 1009302415, 
1680) 1009324919, 
1681) 1009498966, 
1682) 1009627238, 
1683) 1009711003, 
1684) 1010305240, 
1685) 1011024876, 
1686) 1011271374, 
1687) 1011381897, 
1688) 1013438212, 
1689) 1013576504, 
1690) 1014569518, 
1691) 1015097316, 
1692) 1015303536, 
1693) 1015942837, 
1694) 1016327693, 
1695) 1017466221, 
1696) 1019861749, 
1697) 1020352932, 
1698) 1020366514, 
1699) 1020648442, 
1700) 1023659832, 
1701) 1024009390, 
1702) 1024086910, 
1703) 1024380113, 
1704) 1025629525, 
1705) 1027294064, 
1706) 1028622151, 
1707) 1028689234, 
1708) 1029005615, 
1709) 1029999597, 
1710) 1030189937, 
1711) 1030352033, 
1712) 1031065877, 
1713) 1031349658, 
1714) 1031766070, 
1715) 1032466011, 
1716) 1032579259, 
1717) 1033044937, 
1718) 1035238995, 
1719) 1035360438, 
1720) 1035583421, 
1721) 1035639374, 
1722) 1036464602, 
1723) 1036518413, 
1724) 1036617318, 
1725) 1037744153, 
1726) 1038209842, 
1727) 1038523658, 
1728) 1038578396, 
1729) 1038714050, 
1730) 1038726317, 
1731) 1038933512, 
1732) 1039197921, 
1733) 1039250892, 
1734) 1039691178, 
1735) 1040335776, 
1736) 1041020214, 
1737) 1041234919, 
1738) 1041263782, 
1739) 1041658390, 
1740) 1041756735, 
1741) 1042228496, 
1742) 1042240608, 
1743) 1042585272, 
1744) 1042593515, 
1745) 1043109118, 
1746) 1043712434, 
1747) 1044966182, 
1748) 1045163134, 
1749) 1045239789, 
1750) 1045565955, 
1751) 1045992836, 
1752) 1046602171, 
1753) 1046625525, 
1754) 1047056009, 
1755) 1047168540, 
1756) 1047537375, 
1757) 1048273730, 
1758) 1048973397, 
1759) 1050334477, 
1760) 1050366998, 
1761) 1051049892, 
1762) 1051226736, 
1763) 1052239519, 
1764) 1053528897, 
1765) 1055003392, 
1766) 1055244990, 
1767) 1057190485, 
1768) 1058820689, 
1769) 1060201601, 
1770) 1060882145, 
1771) 1063728546, 
1772) 1063888776, 
1773) 1064721735, 
1774) 1065255957, 
1775) 1068463179, 
1776) 1068516227, 
1777) 1068636436, 
1778) 1069051654, 
1779) 1070222226, 
1780) 1070570122, 
1781) 1070684228, 
1782) 1071131179, 
1783) 1071281947, 
1784) 1073429820, 
1785) 1073993253, 
1786) 1074314171, 
1787) 1075247584, 
1788) 1075438570, 
1789) 1076043473, 
1790) 1076754826, 
1791) 1076825446, 
1792) 1077543572, 
1793) 1077587816, 
1794) 1077796448, 
1795) 1078260253, 
1796) 1078272112, 
1797) 1079141812, 
1798) 1079411251, 
1799) 1079413167, 
1800) 1079435112, 
1801) 1079690525, 
1802) 1080108043, 
1803) 1081904043, 
1804) 1083092474, 
1805) 1083266326, 
1806) 1083279767, 
1807) 1084239266, 
1808) 1084290153, 
1809) 1084597436, 
1810) 1084647570, 
1811) 1085730223, 
1812) 1086129749, 
1813) 1086732017, 
1814) 1086832985, 
1815) 1087680212, 
1816) 1087757925, 
1817) 1088041909, 
1818) 1088541292, 
1819) 1088929000, 
1820) 1089421551, 
1821) 1089476732, 
1822) 1089486658, 
1823) 1089716954, 
1824) 1090571799, 
1825) 1090691269, 
1826) 1091771228, 
1827) 1092265206, 
1828) 1093487246, 
1829) 1094027421, 
1830) 1094263864, 
1831) 1095026574, 
1832) 1095283335, 
1833) 1095606597, 
1834) 1096220201, 
1835) 1096296959, 
1836) 1096428792, 
1837) 1096644899, 
1838) 1096694582, 
1839) 1096824746, 
1840) 1096958371, 
1841) 1097443542, 
1842) 1097855126, 
1843) 1098166578, 
1844) 1098685903, 
1845) 1098779340, 
1846) 1098899646, 
1847) 1098950014, 
1848) 1100507883, 
1849) 1100703385, 
1850) 1101080846, 
1851) 1102105186, 
1852) 1102252714, 
1853) 1103006456, 
1854) 1104377513, 
1855) 1104550173, 
1856) 1105140446, 
1857) 1106797051, 
1858) 1106992671, 
1859) 1109019399, 
1860) 1109394435, 
1861) 1110863534, 
1862) 1111127022, 
1863) 1111797637, 
1864) 1111836603, 
1865) 1112167040, 
1866) 1112855075, 
1867) 1114053298, 
1868) 1114983274, 
1869) 1115470524, 
1870) 1116234475, 
1871) 1117366279, 
1872) 1117498890, 
1873) 1118211660, 
1874) 1118548212, 
1875) 1119077747, 
1876) 1119644147, 
1877) 1120549765, 
1878) 1121030822, 
1879) 1121836443, 
1880) 1122351628, 
1881) 1125555606, 
1882) 1125922734, 
1883) 1127084304, 
1884) 1129047319, 
1885) 1130154391, 
1886) 1131036063, 
1887) 1131532474, 
1888) 1131866050, 
1889) 1133644753, 
1890) 1133713111, 
1891) 1133912689, 
1892) 1133960820, 
1893) 1134795252, 
1894) 1134811420, 
1895) 1134831469, 
1896) 1135561578, 
1897) 1136754181, 
1898) 1136934001, 
1899) 1137028656, 
1900) 1137148611, 
1901) 1137221422, 
1902) 1137528855, 
1903) 1138569452, 
1904) 1139166018, 
1905) 1139668097, 
1906) 1139803418, 
1907) 1139822217, 
1908) 1141866024, 
1909) 1142142924, 
1910) 1142444970, 
1911) 1143320454, 
1912) 1143648214, 
1913) 1144117002, 
1914) 1144827252, 
1915) 1145238746, 
1916) 1145856113, 
1917) 1145870346, 
1918) 1146043404, 
1919) 1146456680, 
1920) 1146637498, 
1921) 1146915792, 
1922) 1146982154, 
1923) 1147219660, 
1924) 1147682951, 
1925) 1147688947, 
1926) 1147862394, 
1927) 1148581540, 
1928) 1149078505, 
1929) 1149529430, 
1930) 1150319588, 
1931) 1150718175, 
1932) 1150792167, 
1933) 1152133770, 
1934) 1152356847, 
1935) 1152421698, 
1936) 1152673279, 
1937) 1153358937, 
1938) 1153938118, 
1939) 1154150382, 
1940) 1154373362, 
1941) 1157116074, 
1942) 1157565243, 
1943) 1157566465, 
1944) 1158118214, 
1945) 1158257787, 
1946) 1158769414, 
1947) 1159258710, 
1948) 1161473943, 
1949) 1161956096, 
1950) 1161978614, 
1951) 1162582098, 
1952) 1163709163, 
1953) 1163864846, 
1954) 1163898489, 
1955) 1165660204, 
1956) 1165716982, 
1957) 1165733410, 
1958) 1166151849, 
1959) 1166918023, 
1960) 1167053013, 
1961) 1168469822, 
1962) 1168651610, 
1963) 1170431587, 
1964) 1171716375, 
1965) 1173829053, 
1966) 1173869856, 
1967) 1174171328, 
1968) 1174932904, 
1969) 1174953635, 
1970) 1175041370, 
1971) 1175319120, 
1972) 1175638347, 
1973) 1175717662, 
1974) 1176234958, 
1975) 1176254071, 
1976) 1176413603, 
1977) 1176454904, 
1978) 1177474509, 
1979) 1179127827, 
1980) 1179267820, 
1981) 1179534229, 
1982) 1180155439, 
1983) 1180992138, 
1984) 1181105185, 
1985) 1183188910, 
1986) 1183689888, 
1987) 1184384799, 
1988) 1185368677, 
1989) 1185708349, 
1990) 1186516635, 
1991) 1186653866, 
1992) 1187914867, 
1993) 1188175265, 
1994) 1188669615, 
1995) 1188671469, 
1996) 1189026025, 
1997) 1189706029, 
1998) 1190836520, 
1999) 1190888887, 
2000) 1191568585, 
2001) 1192935631, 
2002) 1193520191, 
2003) 1193611552, 
2004) 1194140257, 
2005) 1195105279, 
2006) 1195743603, 
2007) 1195831024, 
2008) 1196480224, 
2009) 1196773685, 
2010) 1196947659, 
2011) 1200054883, 
2012) 1200324539, 
2013) 1200435681, 
2014) 1200934339, 
2015) 1203512533, 
2016) 1205094132, 
2017) 1205272177, 
2018) 1206046945, 
2019) 1207509780, 
2020) 1207744520, 
2021) 1208259744, 
2022) 1209903401, 
2023) 1211063807, 
2024) 1211266437, 
2025) 1211292673, 
2026) 1212781006, 
2027) 1212881681, 
2028) 1213188409, 
2029) 1213455412, 
2030) 1214081006, 
2031) 1214758953, 
2032) 1214935980, 
2033) 1215674745, 
2034) 1216185944, 
2035) 1216250568, 
2036) 1216312819, 
2037) 1216383695, 
2038) 1217355936, 
2039) 1218474135, 
2040) 1219089122, 
2041) 1219575996, 
2042) 1219722963, 
2043) 1220979990, 
2044) 1221268935, 
2045) 1221479832, 
2046) 1221740413, 
2047) 1221891354, 
2048) 1223754683, 
2049) 1224873782, 
2050) 1225189630, 
2051) 1225412528, 
2052) 1225535935, 
2053) 1225934497, 
2054) 1225945394, 
2055) 1227179979, 
2056) 1229326611, 
2057) 1229850965, 
2058) 1229993875, 
2059) 1230605567, 
2060) 1230711067, 
2061) 1230939759, 
2062) 1232147836, 
2063) 1232365825, 
2064) 1233449606, 
2065) 1234447263, 
2066) 1234648138, 
2067) 1234733659, 
2068) 1235572560, 
2069) 1236369083, 
2070) 1237391546, 
2071) 1238039936, 
2072) 1238760339, 
2073) 1238774818, 
2074) 1239045304, 
2075) 1239219450, 
2076) 1239391283, 
2077) 1240459544, 
2078) 1242500329, 
2079) 1242814483, 
2080) 1243031632, 
2081) 1243474536, 
2082) 1243898848, 
2083) 1244565776, 
2084) 1244618433, 
2085) 1245691648, 
2086) 1245792240, 
2087) 1245954270, 
2088) 1246455959, 
2089) 1246802319, 
2090) 1247427627, 
2091) 1247498048, 
2092) 1247849360, 
2093) 1250668294, 
2094) 1251762223, 
2095) 1253041859, 
2096) 1253380739, 
2097) 1253619480, 
2098) 1254572733, 
2099) 1255016552, 
2100) 1255103534, 
2101) 1255223714, 
2102) 1255425751, 
2103) 1255849124, 
2104) 1256611325, 
2105) 1257929788, 
2106) 1259254423, 
2107) 1259653029, 
2108) 1260140879, 
2109) 1260527537, 
2110) 1260720785, 
2111) 1261600921, 
2112) 1262302544, 
2113) 1262780024, 
2114) 1262839699, 
2115) 1263437526, 
2116) 1263520520, 
2117) 1264105668, 
2118) 1264231285, 
2119) 1264360603, 
2120) 1265776466, 
2121) 1267417217, 
2122) 1269078614, 
2123) 1269747595, 
2124) 1270597941, 
2125) 1271499713, 
2126) 1273290467, 
2127) 1273561169, 
2128) 1274056584, 
2129) 1274396414, 
2130) 1274784639, 
2131) 1275021190, 
2132) 1275255648, 
2133) 1275332357, 
2134) 1275842082, 
2135) 1276226375, 
2136) 1277141346, 
2137) 1277214015, 
2138) 1277914474, 
2139) 1277922270, 
2140) 1278645998, 
2141) 1279219749, 
2142) 1279648449, 
2143) 1279689335, 
2144) 1280188891, 
2145) 1280467149, 
2146) 1280557294, 
2147) 1281018675, 
2148) 1281549108, 
2149) 1281803101, 
2150) 1282268379, 
2151) 1283682560, 
2152) 1284553608, 
2153) 1285243865, 
2154) 1285530276, 
2155) 1286631793, 
2156) 1287570271, 
2157) 1287752385, 
2158) 1288182772, 
2159) 1288596425, 
2160) 1288627710, 
2161) 1288720039, 
2162) 1288746933, 
2163) 1289734310, 
2164) 1289839615, 
2165) 1291688410, 
2166) 1291874049, 
2167) 1292132742, 
2168) 1292715338, 
2169) 1293937361, 
2170) 1295288340, 
2171) 1296352863, 
2172) 1297276817, 
2173) 1297416158, 
2174) 1297848485, 
2175) 1298014946, 
2176) 1298666858, 
2177) 1299755537, 
2178) 1300203933, 
2179) 1302278284, 
2180) 1302385159, 
2181) 1302406895, 
2182) 1302976395, 
2183) 1303702409, 
2184) 1303829490, 
2185) 1304159323, 
2186) 1304333705, 
2187) 1304340491, 
2188) 1305240593, 
2189) 1305443650, 
2190) 1305752098, 
2191) 1305919859, 
2192) 1306594781, 
2193) 1306695086, 
2194) 1306807406, 
2195) 1306833288, 
2196) 1307539116, 
2197) 1308309757, 
2198) 1309017971, 
2199) 1309128423, 
2200) 1309151956, 
2201) 1311710610, 
2202) 1312094215, 
2203) 1312782659, 
2204) 1312864410, 
2205) 1312875905, 
2206) 1313530052, 
2207) 1314378383, 
2208) 1314458573, 
2209) 1317481617, 
2210) 1317712913, 
2211) 1317960503, 
2212) 1318092019, 
2213) 1318384107, 
2214) 1318437876, 
2215) 1319221090, 
2216) 1319845888, 
2217) 1320131533, 
2218) 1320808068, 
2219) 1320963961, 
2220) 1322012122, 
2221) 1322206805, 
2222) 1322870383, 
2223) 1322907831, 
2224) 1323079035, 
2225) 1323755890, 
2226) 1325280706, 
2227) 1325298777, 
2228) 1326846855, 
2229) 1327107425, 
2230) 1327206380, 
2231) 1327226603, 
2232) 1327972663, 
2233) 1331080276, 
2234) 1331591325, 
2235) 1331894805, 
2236) 1332255246, 
2237) 1334649957, 
2238) 1335137322, 
2239) 1335369015, 
2240) 1336127637, 
2241) 1337216046, 
2242) 1337330437, 
2243) 1337616756, 
2244) 1337846600, 
2245) 1338165148, 
2246) 1338750121, 
2247) 1339459290, 
2248) 1339838080, 
2249) 1340456331, 
2250) 1340552915, 
2251) 1340578291, 
2252) 1341025575, 
2253) 1341180487, 
2254) 1341595376, 
2255) 1341661275, 
2256) 1341937317, 
2257) 1342241284, 
2258) 1342865243, 
2259) 1342968181, 
2260) 1343914025, 
2261) 1345001054, 
2262) 1346319346, 
2263) 1347205382, 
2264) 1347673399, 
2265) 1348154228, 
2266) 1348164863, 
2267) 1348196100, 
2268) 1349727765, 
2269) 1351219852, 
2270) 1352018221, 
2271) 1354312818, 
2272) 1358101629, 
2273) 1358154306, 
2274) 1358572488, 
2275) 1358709831, 
2276) 1358792674, 
2277) 1359298708, 
2278) 1359548380, 
2279) 1359894474, 
2280) 1362642632, 
2281) 1363006496, 
2282) 1363374711, 
2283) 1364157753, 
2284) 1364218578, 
2285) 1366411420, 
2286) 1368202105, 
2287) 1368223220, 
2288) 1368705742, 
2289) 1368873379, 
2290) 1369094273, 
2291) 1369428484, 
2292) 1369636908, 
2293) 1370370543, 
2294) 1370562650, 
2295) 1370734593, 
2296) 1370751197, 
2297) 1370872942, 
2298) 1370924680, 
2299) 1371856476, 
2300) 1372962880, 
2301) 1373639876, 
2302) 1374059829, 
2303) 1374788452, 
2304) 1374847633, 
2305) 1374871826, 
2306) 1376090327, 
2307) 1377800754, 
2308) 1378504610, 
2309) 1378519535, 
2310) 1378766730, 
2311) 1379804844, 
2312) 1380895907, 
2313) 1381037491, 
2314) 1381319254, 
2315) 1381879728, 
2316) 1382875735, 
2317) 1383444217, 
2318) 1383868694, 
2319) 1384880647, 
2320) 1385652599, 
2321) 1386168444, 
2322) 1386613607, 
2323) 1387084120, 
2324) 1387249106, 
2325) 1388665626, 
2326) 1389574138, 
2327) 1389958300, 
2328) 1391319475, 
2329) 1392223825, 
2330) 1393808872, 
2331) 1394384808, 
2332) 1395240067, 
2333) 1395268395, 
2334) 1396293479, 
2335) 1397901886, 
2336) 1398565827, 
2337) 1398763440, 
2338) 1399424293, 
2339) 1399717412, 
2340) 1399990908, 
2341) 1400048158, 
2342) 1401067539, 
2343) 1402194009, 
2344) 1402907699, 
2345) 1403462508, 
2346) 1403598857, 
2347) 1404357008, 
2348) 1404901522, 
2349) 1404916782, 
2350) 1405072707, 
2351) 1405322794, 
2352) 1405506096, 
2353) 1405813300, 
2354) 1406421323, 
2355) 1407855397, 
2356) 1407959479, 
2357) 1408417192, 
2358) 1409355196, 
2359) 1409478744, 
2360) 1409954199, 
2361) 1410425456, 
2362) 1411661018, 
2363) 1412317908, 
2364) 1412604322, 
2365) 1413654984, 
2366) 1413678920, 
2367) 1414116765, 
2368) 1415896379, 
2369) 1416024067, 
2370) 1416817604, 
2371) 1418057359, 
2372) 1419337102, 
2373) 1421538659, 
2374) 1421646483, 
2375) 1421792546, 
2376) 1422130008, 
2377) 1422485079, 
2378) 1423032680, 
2379) 1423702869, 
2380) 1424534192, 
2381) 1425684236, 
2382) 1426721699, 
2383) 1427140572, 
2384) 1427199972, 
2385) 1428583686, 
2386) 1429100965, 
2387) 1430218721, 
2388) 1430304439, 
2389) 1430404077, 
2390) 1430893856, 
2391) 1430942524, 
2392) 1431725361, 
2393) 1431904893, 
2394) 1432852460, 
2395) 1433030058, 
2396) 1433060558, 
2397) 1433243974, 
2398) 1433281057, 
2399) 1433306898, 
2400) 1433876856, 
2401) 1434195255, 
2402) 1434959665, 
2403) 1435126057, 
2404) 1435182946, 
2405) 1435538917, 
2406) 1435766551, 
2407) 1435892233, 
2408) 1437361563, 
2409) 1440123298, 
2410) 1440199834, 
2411) 1442163958, 
2412) 1442396226, 
2413) 1442554665, 
2414) 1442756770, 
2415) 1443111304, 
2416) 1443566178, 
2417) 1444450659, 
2418) 1444527205, 
2419) 1445242995, 
2420) 1445377162, 
2421) 1445915922, 
2422) 1446494339, 
2423) 1446506446, 
2424) 1447243234, 
2425) 1448759242, 
2426) 1449209790, 
2427) 1449359125, 
2428) 1449676437, 
2429) 1451165588, 
2430) 1451365379, 
2431) 1451797406, 
2432) 1452062120, 
2433) 1453426820, 
2434) 1454605225, 
2435) 1455825637, 
2436) 1456036470, 
2437) 1456399076, 
2438) 1457193063, 
2439) 1458128912, 
2440) 1458745363, 
2441) 1459153443, 
2442) 1459412597, 
2443) 1460473733, 
2444) 1460798475, 
2445) 1461394863, 
2446) 1461734141, 
2447) 1461834312, 
2448) 1462869883, 
2449) 1463540437, 
2450) 1464003987, 
2451) 1464816135, 
2452) 1465556934, 
2453) 1466015326, 
2454) 1466383966, 
2455) 1466502606, 
2456) 1467033413, 
2457) 1467905694, 
2458) 1468766878, 
2459) 1469534137, 
2460) 1469903022, 
2461) 1470200079, 
2462) 1470804272, 
2463) 1470916903, 
2464) 1471758535, 
2465) 1471889013, 
2466) 1471961338, 
2467) 1475237930, 
2468) 1475520684, 
2469) 1475544186, 
2470) 1475921871, 
2471) 1476675716, 
2472) 1478557554, 
2473) 1480761978, 
2474) 1480820227, 
2475) 1481059634, 
2476) 1481464182, 
2477) 1481904671, 
2478) 1482162992, 
2479) 1482689187, 
2480) 1484805504, 
2481) 1485490423, 
2482) 1486198611, 
2483) 1487209735, 
2484) 1488659401, 
2485) 1488659579, 
2486) 1489243494, 
2487) 1490421890, 
2488) 1490643208, 
2489) 1491656426, 
2490) 1492301948, 
2491) 1493294226, 
2492) 1493345026, 
2493) 1493947214, 
2494) 1493996755, 
2495) 1494249616, 
2496) 1495313269, 
2497) 1495546266, 
2498) 1495615232, 
2499) 1496253308, 
2500) 1496653274, 
2501) 1496898841, 
2502) 1496932084, 
2503) 1497339343, 
2504) 1497394248, 
2505) 1498686534, 
2506) 1498867678, 
2507) 1498941160, 
2508) 1499105627, 
2509) 1499545760, 
2510) 1500456117, 
2511) 1501136059, 
2512) 1501524641, 
2513) 1502318814, 
2514) 1502563268, 
2515) 1502761521, 
2516) 1504141776, 
2517) 1504470784, 
2518) 1504743505, 
2519) 1505861721, 
2520) 1506291335, 
2521) 1506928202, 
2522) 1507406195, 
2523) 1508783868, 
2524) 1509534204, 
2525) 1509609865, 
2526) 1510121503, 
2527) 1510275512, 
2528) 1510716130, 
2529) 1511521077, 
2530) 1511696283, 
2531) 1512059381, 
2532) 1513684192, 
2533) 1514604818, 
2534) 1517752447, 
2535) 1519603066, 
2536) 1520012764, 
2537) 1522065076, 
2538) 1522199865, 
2539) 1522881427, 
2540) 1524951469, 
2541) 1525242371, 
2542) 1526473552, 
2543) 1526832084, 
2544) 1526947426, 
2545) 1527783503, 
2546) 1528430119, 
2547) 1528651612, 
2548) 1528692878, 
2549) 1530166476, 
2550) 1530326437, 
2551) 1531454051, 
2552) 1531603646, 
2553) 1532135270, 
2554) 1533275155, 
2555) 1533485845, 
2556) 1533590735, 
2557) 1533786307, 
2558) 1534357992, 
2559) 1534901367, 
2560) 1535884812, 
2561) 1536352363, 
2562) 1536754429, 
2563) 1537072110, 
2564) 1538143482, 
2565) 1538724119, 
2566) 1538987949, 
2567) 1539042864, 
2568) 1541105791, 
2569) 1542079215, 
2570) 1542397801, 
2571) 1542543151, 
2572) 1542914169, 
2573) 1543143343, 
2574) 1543166900, 
2575) 1543209245, 
2576) 1543819758, 
2577) 1544745639, 
2578) 1546947843, 
2579) 1547017728, 
2580) 1547629690, 
2581) 1548687158, 
2582) 1549162807, 
2583) 1549704378, 
2584) 1550084011, 
2585) 1550441356, 
2586) 1550679985, 
2587) 1551926778, 
2588) 1552538488, 
2589) 1552987208, 
2590) 1554508029, 
2591) 1555134515, 
2592) 1555667066, 
2593) 1556181540, 
2594) 1558483486, 
2595) 1558980246, 
2596) 1560451983, 
2597) 1561131303, 
2598) 1562113045, 
2599) 1563236345, 
2600) 1563621099, 
2601) 1564225827, 
2602) 1565894301, 
2603) 1566010242, 
2604) 1566365077, 
2605) 1566531831, 
2606) 1567747916, 
2607) 1568550558, 
2608) 1569289709, 
2609) 1569438118, 
2610) 1572438602, 
2611) 1572665192, 
2612) 1572889859, 
2613) 1573544725, 
2614) 1574617718, 
2615) 1574936079, 
2616) 1575798052, 
2617) 1575896508, 
2618) 1576836893, 
2619) 1577718377, 
2620) 1577980123, 
2621) 1578052788, 
2622) 1578369487, 
2623) 1578509258, 
2624) 1578630458, 
2625) 1579826124, 
2626) 1580344053, 
2627) 1582194928, 
2628) 1582506149, 
2629) 1584485349, 
2630) 1584561081, 
2631) 1585652669, 
2632) 1585963343, 
2633) 1586526833, 
2634) 1587240423, 
2635) 1588324003, 
2636) 1588439041, 
2637) 1588910504, 
2638) 1590211633, 
2639) 1591716642, 
2640) 1592471794, 
2641) 1592978696, 
2642) 1593362075, 
2643) 1594388513, 
2644) 1594500398, 
2645) 1594576512, 
2646) 1594715264, 
2647) 1595228581, 
2648) 1595562519, 
2649) 1596852965, 
2650) 1597755207, 
2651) 1597867965, 
2652) 1597880972, 
2653) 1597952707, 
2654) 1598689811, 
2655) 1598723903, 
2656) 1598877922, 
2657) 1599430171, 
2658) 1600704708, 
2659) 1601130477, 
2660) 1601185649, 
2661) 1601208120, 
2662) 1601726813, 
2663) 1602287133, 
2664) 1602357217, 
2665) 1602998339, 
2666) 1603085059, 
2667) 1604464597, 
2668) 1604686620, 
2669) 1604959763, 
2670) 1605051108, 
2671) 1605117603, 
2672) 1605387735, 
2673) 1606745012, 
2674) 1606839960, 
2675) 1606998081, 
2676) 1607773622, 
2677) 1607798205, 
2678) 1608171571, 
2679) 1608729049, 
2680) 1609622908, 
2681) 1609784173, 
2682) 1610382166, 
2683) 1610659079, 
2684) 1611601149, 
2685) 1612153828, 
2686) 1612526946, 
2687) 1613602239, 
2688) 1613604212, 
2689) 1614122472, 
2690) 1615123219, 
2691) 1616374912, 
2692) 1616793741, 
2693) 1617494821, 
2694) 1617796132, 
2695) 1618722428, 
2696) 1618925624, 
2697) 1619023645, 
2698) 1619409415, 
2699) 1621168243, 
2700) 1621459056, 
2701) 1622293589, 
2702) 1623073499, 
2703) 1623199390, 
2704) 1624433652, 
2705) 1624855250, 
2706) 1624861675, 
2707) 1625357953, 
2708) 1626475956, 
2709) 1626951859, 
2710) 1627129332, 
2711) 1627849730, 
2712) 1627953190, 
2713) 1629432650, 
2714) 1629500491, 
2715) 1630071403, 
2716) 1630118994, 
2717) 1630570564, 
2718) 1630950900, 
2719) 1631121350, 
2720) 1631253157, 
2721) 1631653103, 
2722) 1632652019, 
2723) 1633149802, 
2724) 1633602365, 
2725) 1634254089, 
2726) 1635212052, 
2727) 1635516029, 
2728) 1636200094, 
2729) 1637422032, 
2730) 1637532214, 
2731) 1637681359, 
2732) 1637729268, 
2733) 1639414937, 
2734) 1639964984, 
2735) 1641627575, 
2736) 1642216434, 
2737) 1643039504, 
2738) 1643039943, 
2739) 1643521620, 
2740) 1644487489, 
2741) 1644573918, 
2742) 1645189966, 
2743) 1645740866, 
2744) 1645793895, 
2745) 1647917335, 
2746) 1648572651, 
2747) 1649759341, 
2748) 1649817296, 
2749) 1650128982, 
2750) 1650227547, 
2751) 1651181232, 
2752) 1651255448, 
2753) 1651394590, 
2754) 1651530142, 
2755) 1652168568, 
2756) 1652344050, 
2757) 1653525473, 
2758) 1653595777, 
2759) 1653703739, 
2760) 1654110684, 
2761) 1654497952, 
2762) 1655670075, 
2763) 1656197577, 
2764) 1657098843, 
2765) 1657774458, 
2766) 1657828828, 
2767) 1658267719, 
2768) 1658451363, 
2769) 1658690537, 
2770) 1658863455, 
2771) 1659331556, 
2772) 1659371147, 
2773) 1659824128, 
2774) 1660092938, 
2775) 1660451729, 
2776) 1661676461, 
2777) 1661754621, 
2778) 1663884204, 
2779) 1664043236, 
2780) 1664756403, 
2781) 1665449258, 
2782) 1666509041, 
2783) 1667093669, 
2784) 1667147992, 
2785) 1667445284, 
2786) 1669110701, 
2787) 1669490352, 
2788) 1669798429, 
2789) 1670109870, 
2790) 1670350703, 
2791) 1673267060, 
2792) 1673527754, 
2793) 1673566730, 
2794) 1673985497, 
2795) 1674961282, 
2796) 1675261495, 
2797) 1675505609, 
2798) 1676066358, 
2799) 1676680169, 
2800) 1676823100, 
2801) 1676906094, 
2802) 1677091950, 
2803) 1677233589, 
2804) 1677487280, 
2805) 1677640541, 
2806) 1677834435, 
2807) 1678814066, 
2808) 1679227701, 
2809) 1679842335, 
2810) 1680762963, 
2811) 1681203276, 
2812) 1681408475, 
2813) 1682873295, 
2814) 1683252209, 
2815) 1683538744, 
2816) 1683717367, 
2817) 1684859373, 
2818) 1685059645, 
2819) 1686750666, 
2820) 1686866918, 
2821) 1687028711, 
2822) 1687509767, 
2823) 1689916670, 
2824) 1690997328, 
2825) 1691332369, 
2826) 1692018874, 
2827) 1692686296, 
2828) 1692834606, 
2829) 1693652456, 
2830) 1694086478, 
2831) 1694161542, 
2832) 1694999914, 
2833) 1695075269, 
2834) 1695260745, 
2835) 1695265798, 
2836) 1695440348, 
2837) 1695664166, 
2838) 1695840810, 
2839) 1695951215, 
2840) 1698610942, 
2841) 1699810413, 
2842) 1701666484, 
2843) 1701744771, 
2844) 1702026031, 
2845) 1702080898, 
2846) 1702437401, 
2847) 1702783930, 
2848) 1703807328, 
2849) 1704543427, 
2850) 1705140256, 
2851) 1706012909, 
2852) 1706063701, 
2853) 1706287252, 
2854) 1706308250, 
2855) 1706772744, 
2856) 1706911900, 
2857) 1707531133, 
2858) 1707849507, 
2859) 1708012774, 
2860) 1708120457, 
2861) 1708235114, 
2862) 1709690585, 
2863) 1709894695, 
2864) 1709913410, 
2865) 1710130558, 
2866) 1710480108, 
2867) 1710781808, 
2868) 1711048343, 
2869) 1712667142, 
2870) 1712900952, 
2871) 1713271229, 
2872) 1714476692, 
2873) 1716643945, 
2874) 1717008303, 
2875) 1717234219, 
2876) 1718154249, 
2877) 1718313626, 
2878) 1718780814, 
2879) 1719173737, 
2880) 1719689618, 
2881) 1719691208, 
2882) 1719767097, 
2883) 1719799313, 
2884) 1721751246, 
2885) 1721942610, 
2886) 1722252858, 
2887) 1723185113, 
2888) 1723478591, 
2889) 1724049252, 
2890) 1724866362, 
2891) 1725727599, 
2892) 1726083233, 
2893) 1726423524, 
2894) 1726833316, 
2895) 1726858475, 
2896) 1726967115, 
2897) 1728185079, 
2898) 1728285741, 
2899) 1728325421, 
2900) 1728659258, 
2901) 1730072282, 
2902) 1730290509, 
2903) 1730950700, 
2904) 1731788199, 
2905) 1732389466, 
2906) 1732511714, 
2907) 1733467718, 
2908) 1734031860, 
2909) 1736637380, 
2910) 1736857388, 
2911) 1737113546, 
2912) 1738830050, 
2913) 1738913849, 
2914) 1739045084, 
2915) 1739477201, 
2916) 1739918871, 
2917) 1740001837, 
2918) 1741942633, 
2919) 1742153441, 
2920) 1742335235, 
2921) 1743007440, 
2922) 1744021028, 
2923) 1744130336, 
2924) 1744524552, 
2925) 1744874862, 
2926) 1745340658, 
2927) 1746972083, 
2928) 1748038604, 
2929) 1748084313, 
2930) 1748524083, 
2931) 1749337551, 
2932) 1750394803, 
2933) 1750741007, 
2934) 1750770902, 
2935) 1751174764, 
2936) 1751176822, 
2937) 1752409700, 
2938) 1752805646, 
2939) 1753473666, 
2940) 1753984892, 
2941) 1754668396, 
2942) 1754800759, 
2943) 1754974340, 
2944) 1755164421, 
2945) 1755334940, 
2946) 1755843020, 
2947) 1758809083, 
2948) 1758994630, 
2949) 1759523920, 
2950) 1759797150, 
2951) 1760739335, 
2952) 1760775053, 
2953) 1761298576, 
2954) 1761384533, 
2955) 1761703550, 
2956) 1761794632, 
2957) 1762259499, 
2958) 1762493193, 
2959) 1762889597, 
2960) 1764431786, 
2961) 1765192344, 
2962) 1767656031, 
2963) 1769337796, 
2964) 1771184306, 
2965) 1771374111, 
2966) 1771760164, 
2967) 1772059758, 
2968) 1772152197, 
2969) 1772278957, 
2970) 1772432520, 
2971) 1772495092, 
2972) 1772599388, 
2973) 1773070282, 
2974) 1773937022, 
2975) 1773966694, 
2976) 1774023589, 
2977) 1774923763, 
2978) 1776260846, 
2979) 1778127845, 
2980) 1780220158, 
2981) 1780521004, 
2982) 1780900627, 
2983) 1781054171, 
2984) 1781179090, 
2985) 1781937625, 
2986) 1782066412, 
2987) 1782137159, 
2988) 1782162316, 
2989) 1782446329, 
2990) 1783710316, 
2991) 1784733353, 
2992) 1784744352, 
2993) 1785608714, 
2994) 1786438432, 
2995) 1786979619, 
2996) 1787241540, 
2997) 1787656940, 
2998) 1788707845, 
2999) 1789043575, 
3000) 1790931401, 
3001) 1791638521, 
3002) 1794383626, 
3003) 1794725301, 
3004) 1794748610, 
3005) 1794792015, 
3006) 1795952608, 
3007) 1796483268, 
3008) 1796669226, 
3009) 1796763031, 
3010) 1797261328, 
3011) 1797339206, 
3012) 1798936597, 
3013) 1799133232, 
3014) 1800055449, 
3015) 1800636518, 
3016) 1800873796, 
3017) 1802301090, 
3018) 1802741113, 
3019) 1803747832, 
3020) 1805045503, 
3021) 1805647881, 
3022) 1807956719, 
3023) 1807980576, 
3024) 1808336173, 
3025) 1808398798, 
3026) 1808722620, 
3027) 1809238269, 
3028) 1809248936, 
3029) 1811814362, 
3030) 1811831244, 
3031) 1812212029, 
3032) 1812240808, 
3033) 1812900850, 
3034) 1814191002, 
3035) 1814352974, 
3036) 1814446495, 
3037) 1814836629, 
3038) 1815280179, 
3039) 1815819008, 
3040) 1816888316, 
3041) 1817806744, 
3042) 1818480449, 
3043) 1818615138, 
3044) 1821307085, 
3045) 1821462932, 
3046) 1822778882, 
3047) 1822836291, 
3048) 1822875050, 
3049) 1823041275, 
3050) 1824216480, 
3051) 1824360542, 
3052) 1824835263, 
3053) 1825104659, 
3054) 1826614863, 
3055) 1826921538, 
3056) 1827641522, 
3057) 1828570439, 
3058) 1828951207, 
3059) 1830352058, 
3060) 1831146338, 
3061) 1832526417, 
3062) 1833284756, 
3063) 1833764697, 
3064) 1834168108, 
3065) 1835209995, 
3066) 1836175416, 
3067) 1836186290, 
3068) 1836492828, 
3069) 1837490720, 
3070) 1838468611, 
3071) 1839993100, 
3072) 1840487241, 
3073) 1841047001, 
3074) 1841711406, 
3075) 1842005854, 
3076) 1842030299, 
3077) 1842384401, 
3078) 1843324530, 
3079) 1844209341, 
3080) 1844349282, 
3081) 1844349450, 
3082) 1844391182, 
3083) 1844632595, 
3084) 1845216948, 
3085) 1845331004, 
3086) 1845768634, 
3087) 1845901763, 
3088) 1846074679, 
3089) 1846158120, 
3090) 1846973065, 
3091) 1847807213, 
3092) 1848082680, 
3093) 1849838859, 
3094) 1851508316, 
3095) 1851635263, 
3096) 1852363847, 
3097) 1855253322, 
3098) 1855290399, 
3099) 1855863674, 
3100) 1858385462, 
3101) 1858656636, 
3102) 1858739067, 
3103) 1858982026, 
3104) 1859253220, 
3105) 1859297844, 
3106) 1859346120, 
3107) 1860233242, 
3108) 1860402104, 
3109) 1862024053, 
3110) 1863284021, 
3111) 1864136658, 
3112) 1865056908, 
3113) 1865127807, 
3114) 1865183431, 
3115) 1865851410, 
3116) 1866045670, 
3117) 1867692836, 
3118) 1867857540, 
3119) 1868288527, 
3120) 1868456167, 
3121) 1868874241, 
3122) 1870500244, 
3123) 1870528000, 
3124) 1871183626, 
3125) 1872244282, 
3126) 1872766294, 
3127) 1874697820, 
3128) 1875337247, 
3129) 1875421044, 
3130) 1875911025, 
3131) 1876597941, 
3132) 1877203649, 
3133) 1877598801, 
3134) 1877966077, 
3135) 1878563461, 
3136) 1879576009, 
3137) 1879680031, 
3138) 1879967424, 
3139) 1880603208, 
3140) 1880670917, 
3141) 1881164629, 
3142) 1881782483, 
3143) 1882431416, 
3144) 1883047350, 
3145) 1884591300, 
3146) 1886042309, 
3147) 1886220504, 
3148) 1886672521, 
3149) 1887245211, 
3150) 1887261122, 
3151) 1887353259, 
3152) 1887794279, 
3153) 1888019964, 
3154) 1888046039, 
3155) 1889830967, 
3156) 1890548267, 
3157) 1891288831, 
3158) 1891471437, 
3159) 1894326923, 
3160) 1894481878, 
3161) 1894897350, 
3162) 1895310141, 
3163) 1895450247, 
3164) 1895774937, 
3165) 1895792289, 
3166) 1896404461, 
3167) 1897043098, 
3168) 1897548721, 
3169) 1898002657, 
3170) 1898783542, 
3171) 1899072253, 
3172) 1899278967, 
3173) 1899650882, 
3174) 1899874034, 
3175) 1899944114, 
3176) 1900119712, 
3177) 1900442638, 
3178) 1901062085, 
3179) 1903251951, 
3180) 1903834148, 
3181) 1903947200, 
3182) 1904644138, 
3183) 1905231610, 
3184) 1905972794, 
3185) 1906306412, 
3186) 1907324632, 
3187) 1907469998, 
3188) 1907706191, 
3189) 1908275473, 
3190) 1909413998, 
3191) 1909897603, 
3192) 1910171027, 
3193) 1912141077, 
3194) 1912226411, 
3195) 1913948224, 
3196) 1914041182, 
3197) 1914723373, 
3198) 1915800442, 
3199) 1916352779, 
3200) 1916997661, 
3201) 1917601045, 
3202) 1918865506, 
3203) 1920245414, 
3204) 1920390438, 
3205) 1920417609, 
3206) 1920428370, 
3207) 1920920532, 
3208) 1922251568, 
3209) 1923885656, 
3210) 1924010293, 
3211) 1927189292, 
3212) 1928558414, 
3213) 1928899826, 
3214) 1929071563, 
3215) 1929825436, 
3216) 1929939882, 
3217) 1929962438, 
3218) 1930873281, 
3219) 1931281711, 
3220) 1931502638, 
3221) 1931845987, 
3222) 1932687385, 
3223) 1933410719, 
3224) 1934350250, 
3225) 1935732042, 
3226) 1936903590, 
3227) 1937315181, 
3228) 1937494705, 
3229) 1937884065, 
3230) 1938330591, 
3231) 1938815380, 
3232) 1939019181, 
3233) 1940206402, 
3234) 1940308313, 
3235) 1941140514, 
3236) 1941477768, 
3237) 1942227500, 
3238) 1942268125, 
3239) 1942625273, 
3240) 1942982622, 
3241) 1943561166, 
3242) 1943761720, 
3243) 1945677076, 
3244) 1945682721, 
3245) 1946184640, 
3246) 1946887084, 
3247) 1947208346, 
3248) 1947301131, 
3249) 1947484677, 
3250) 1947511857, 
3251) 1947786770, 
3252) 1947805019, 
3253) 1949440973, 
3254) 1952376169, 
3255) 1952888867, 
3256) 1953944579, 
3257) 1954154241, 
3258) 1956313073, 
3259) 1956972861, 
3260) 1957088730, 
3261) 1957705221, 
3262) 1958650982, 
3263) 1960091656, 
3264) 1961354978, 
3265) 1961538902, 
3266) 1962396442, 
3267) 1962927060, 
3268) 1963334206, 
3269) 1964013176, 
3270) 1964040978, 
3271) 1964356957, 
3272) 1965379217, 
3273) 1965804365, 
3274) 1965894346, 
3275) 1965904570, 
3276) 1966658434, 
3277) 1967704167, 
3278) 1967726012, 
3279) 1968348288, 
3280) 1968838973, 
3281) 1968853820, 
3282) 1971174608, 
3283) 1971427636, 
3284) 1971811342, 
3285) 1971993870, 
3286) 1972911039, 
3287) 1973011775, 
3288) 1973016817, 
3289) 1973139336, 
3290) 1973824596, 
3291) 1973850460, 
3292) 1974141862, 
3293) 1974273377, 
3294) 1974339966, 
3295) 1974424459, 
3296) 1974545952, 
3297) 1975045586, 
3298) 1975508998, 
3299) 1975856315, 
3300) 1976271857, 
3301) 1976321520, 
3302) 1976533359, 
3303) 1976554528, 
3304) 1977065381, 
3305) 1977119428, 
3306) 1977576830, 
3307) 1978350541, 
3308) 1978360104, 
3309) 1979472935, 
3310) 1979629345, 
3311) 1979674507, 
3312) 1979943791, 
3313) 1980781468, 
3314) 1981202631, 
3315) 1982529060, 
3316) 1982666814, 
3317) 1982770854, 
3318) 1983023836, 
3319) 1983372839, 
3320) 1983420355, 
3321) 1983672494, 
3322) 1985188149, 
3323) 1985275212, 
3324) 1985278062, 
3325) 1985400412, 
3326) 1985823247, 
3327) 1986240155, 
3328) 1987534800, 
3329) 1987649334, 
3330) 1987808079, 
3331) 1988012682, 
3332) 1989472921, 
3333) 1990025281, 
3334) 1990148880, 
3335) 1991517641, 
3336) 1992031129, 
3337) 1992069618, 
3338) 1992160835, 
3339) 1992692138, 
3340) 1993950625, 
3341) 1994163064, 
3342) 1994741435, 
3343) 1995051065, 
3344) 1995847262, 
3345) 1996214097, 
3346) 1996559262, 
3347) 1998259022, 
3348) 1998263765, 
3349) 1998826971, 
3350) 1999247136, 
3351) 1999346211, 
3352) 1999986096, 
3353) 2001969957, 
3354) 2003197649, 
3355) 2003334827, 
3356) 2004712001, 
3357) 2005215706, 
3358) 2005387448, 
3359) 2006216492, 
3360) 2006614636, 
3361) 2006676077, 
3362) 2007571992, 
3363) 2008066992, 
3364) 2008897071, 
3365) 2009090345, 
3366) 2009767273, 
3367) 2011409242, 
3368) 2011531137, 
3369) 2011747727, 
3370) 2012629754, 
3371) 2012666779, 
3372) 2013364976, 
3373) 2014235946, 
3374) 2014682997, 
3375) 2015718434, 
3376) 2015755126, 
3377) 2016148456, 
3378) 2016207086, 
3379) 2016736178, 
3380) 2016902930, 
3381) 2018462387, 
3382) 2019822191, 
3383) 2020457555, 
3384) 2020903356, 
3385) 2021014287, 
3386) 2021412435, 
3387) 2022117570, 
3388) 2022975286, 
3389) 2023379288, 
3390) 2024045095, 
3391) 2024788811, 
3392) 2025051859, 
3393) 2027093782, 
3394) 2027312374, 
3395) 2027796842, 
3396) 2030334971, 
3397) 2030976402, 
3398) 2031333658, 
3399) 2031542916, 
3400) 2031681207, 
3401) 2032645175, 
3402) 2033151083, 
3403) 2033678484, 
3404) 2034352970, 
3405) 2034494714, 
3406) 2034529550, 
3407) 2034930796, 
3408) 2035291800, 
3409) 2035444992, 
3410) 2035647614, 
3411) 2035763721, 
3412) 2036170923, 
3413) 2036289504, 
3414) 2036501732, 
3415) 2036821994, 
3416) 2037151973, 
3417) 2038252451, 
3418) 2038359916, 
3419) 2038539027, 
3420) 2039050023, 
3421) 2039294232, 
3422) 2039870283, 
3423) 2040002595, 
3424) 2040578547, 
3425) 2041399453, 
3426) 2042226202, 
3427) 2042746302, 
3428) 2043052931, 
3429) 2043765233, 
3430) 2043828193, 
3431) 2045090162, 
3432) 2045590107, 
3433) 2046912885, 
3434) 2047291559, 
3435) 2047627003, 
3436) 2048851443, 
3437) 2048986011, 
3438) 2049252147, 
3439) 2049381464, 
3440) 2049682402, 
3441) 2049983184, 
3442) 2050249478, 
3443) 2050430276, 
3444) 2050496048, 
3445) 2050640892, 
3446) 2050975372, 
3447) 2051799417, 
3448) 2051945688, 
3449) 2052184107, 
3450) 2052453748, 
3451) 2052704860, 
3452) 2052874668, 
3453) 2053875619, 
3454) 2054153609, 
3455) 2054261777, 
3456) 2054498112, 
3457) 2054905891, 
3458) 2054911089, 
3459) 2055071842, 
3460) 2055647345, 
3461) 2055793304, 
3462) 2056657238, 
3463) 2057250658, 
3464) 2058744087, 
3465) 2058807445, 
3466) 2059658544, 
3467) 2059836338, 
3468) 2060742589, 
3469) 2061498274, 
3470) 2061620641, 
3471) 2062237257, 
3472) 2062761396, 
3473) 2063402076, 
3474) 2063536715, 
3475) 2063670413, 
3476) 2064153387, 
3477) 2066272833, 
3478) 2066405474, 
3479) 2067476766, 
3480) 2067847520, 
3481) 2067967209, 
3482) 2068602577, 
3483) 2069821091, 
3484) 2070083491, 
3485) 2070159227, 
3486) 2070517001, 
3487) 2070579259, 
3488) 2070583494, 
3489) 2071411547, 
3490) 2071520896, 
3491) 2072121735, 
3492) 2072424220, 
3493) 2072452755, 
3494) 2072739758, 
3495) 2073164583, 
3496) 2076028709, 
3497) 2077001907, 
3498) 2077685173, 
3499) 2077791744, 
3500) 2079950022, 
3501) 2080591961, 
3502) 2080671386, 
3503) 2081167748, 
3504) 2081580716, 
3505) 2082036142, 
3506) 2082060678, 
3507) 2084041476, 
3508) 2084941897, 
3509) 2085231478, 
3510) 2086113440, 
3511) 2086528925, 
3512) 2086981674, 
3513) 2088189459, 
3514) 2089115627, 
3515) 2091560885, 
3516) 2091615846, 
3517) 2091992808, 
3518) 2092239466, 
3519) 2092355013, 
3520) 2092384495, 
3521) 2093795907, 
3522) 2094943937, 
3523) 2095066581, 
3524) 2095471453, 
3525) 2095937387, 
3526) 2096372234, 
3527) 2096394866, 
3528) 2096578543, 
3529) 2097200689, 
3530) 2097571193, 
3531) 2098001756, 
3532) 2100104825, 
3533) 2100483345, 
3534) 2100794934, 
3535) 2101796966, 
3536) 2101926456, 
3537) 2102756508, 
3538) 2103785270, 
3539) 2107034166, 
3540) 2107893011, 
3541) 2108432846, 
3542) 2109208894, 
3543) 2109355676, 
3544) 2110633322, 
3545) 2111132961, 
3546) 2111588148, 
3547) 2112722224, 
3548) 2113303426, 
3549) 2115127198, 
3550) 2115695225, 
3551) 2115958160, 
3552) 2116164392, 
3553) 2116767462, 
3554) 2116907462, 
3555) 2117362796, 
3556) 2117698297, 
3557) 2117788553, 
3558) 2117830944, 
3559) 2117850800, 
3560) 2118277684, 
3561) 2118461469, 
3562) 2119176367, 
3563) 2119456430, 
3564) 2120490169, 
3565) 2120661206, 
3566) 2120705122, 
3567) 2123066210, 
3568) 2125684937, 
3569) 2126024814, 
3570) 2126525445, 
3571) 2127131165, 
3572) 2127476984, 
3573) 2127797546, 
3574) 2130863104, 
3575) 2131852570, 
3576) 2132143790, 
3577) 2132379849, 
3578) 2133069941, 
3579) 2134570608, 
3580) 2135253396, 
3581) 2135344634, 
3582) 2135664562, 
3583) 2136246934, 
3584) 2136564918, 
3585) 2137580060, 
3586) 2138524095, 
3587) 2138649543, 
3588) 2138804785, 
3589) 2139042646, 
3590) 2139070326, 
3591) 2139647354, 
3592) 2140565177, 
3593) 2141845651, 
3594) 2141897188, 
3595) 2142588992, 
3596) 2142793221, 
3597) 2143650235, 
3598) 2144016150, 
3599) 2144752664, 
3600) 2144970819, 
3601) 2145180575, 
3602) 2146007733, 
3603) 2146682331, 
3604) 2149280031, 
3605) 2149600276, 
3606) 2149863415, 
3607) 2152082795, 
3608) 2152276568, 
3609) 2152735146, 
3610) 2152949376, 
3611) 2153482273, 
3612) 2155195448, 
3613) 2156102630, 
3614) 2156454709, 
3615) 2157076468, 
3616) 2157747171, 
3617) 2159544774, 
3618) 2159713189, 
3619) 2159765812, 
3620) 2160010453, 
3621) 2160011253, 
3622) 2160942060, 
3623) 2162003951, 
3624) 2163061008, 
3625) 2163255378, 
3626) 2164055238, 
3627) 2164308482, 
3628) 2164445480, 
3629) 2164804893, 
3630) 2164961444, 
3631) 2165704757, 
3632) 2166960010, 
3633) 2167123173, 
3634) 2167688559, 
3635) 2167993249, 
3636) 2168753092, 
3637) 2168832001, 
3638) 2168979773, 
3639) 2169931501, 
3640) 2169997924, 
3641) 2170144378, 
3642) 2170801417, 
3643) 2172099213, 
3644) 2173509562, 
3645) 2174266800, 
3646) 2174703459, 
3647) 2174721894, 
3648) 2175278620, 
3649) 2175463388, 
3650) 2176195075, 
3651) 2176752439, 
3652) 2177288810, 
3653) 2177997872, 
3654) 2178460612, 
3655) 2178556727, 
3656) 2179060726, 
3657) 2179062975, 
3658) 2179250973, 
3659) 2179977298, 
3660) 2180864512, 
3661) 2181849230, 
3662) 2182368915, 
3663) 2182818426, 
3664) 2183676313, 
3665) 2183958126, 
3666) 2184190399, 
3667) 2185375670, 
3668) 2185399736, 
3669) 2185417312, 
3670) 2186063168, 
3671) 2186199841, 
3672) 2186423917, 
3673) 2188883628, 
3674) 2189003300, 
3675) 2189055827, 
3676) 2189700096, 
3677) 2189722026, 
3678) 2191220147, 
3679) 2192771376, 
3680) 2193899009, 
3681) 2194193652, 
3682) 2194851703, 
3683) 2195367298, 
3684) 2195573351, 
3685) 2195807823, 
3686) 2196261445, 
3687) 2196427202, 
3688) 2196789298, 
3689) 2196802995, 
3690) 2197358905, 
3691) 2197500038, 
3692) 2199251022, 
3693) 2199807086, 
3694) 2199963293, 
3695) 2200447692, 
3696) 2200524077, 
3697) 2200938159, 
3698) 2201602942, 
3699) 2203029160, 
3700) 2203294559, 
3701) 2205823966, 
3702) 2206261487, 
3703) 2207145694, 
3704) 2207308703, 
3705) 2207827599, 
3706) 2208190853, 
3707) 2208426304, 
3708) 2208795948, 
3709) 2208939808, 
3710) 2209135165, 
3711) 2209545844, 
3712) 2210025095, 
3713) 2211339601, 
3714) 2211797113, 
3715) 2212432322, 
3716) 2212501759, 
3717) 2212712773, 
3718) 2213784356, 
3719) 2214473349, 
3720) 2216434462, 
3721) 2217034662, 
3722) 2217295229, 
3723) 2217917549, 
3724) 2218803494, 
3725) 2218941411, 
3726) 2218999898, 
3727) 2219043248, 
3728) 2219419246, 
3729) 2219652322, 
3730) 2220281100, 
3731) 2220481616, 
3732) 2220959387, 
3733) 2220978838, 
3734) 2221026756, 
3735) 2221273584, 
3736) 2221364360, 
3737) 2221553948, 
3738) 2222048265, 
3739) 2222146957, 
3740) 2222432729, 
3741) 2222935089, 
3742) 2223563562, 
3743) 2224513546, 
3744) 2225346264, 
3745) 2225638025, 
3746) 2227057068, 
3747) 2227240486, 
3748) 2227886722, 
3749) 2228946274, 
3750) 2229159935, 
3751) 2230062133, 
3752) 2230513951, 
3753) 2232449126, 
3754) 2234035426, 
3755) 2234777358, 
3756) 2234817798, 
3757) 2235807970, 
3758) 2236330552, 
3759) 2238613896, 
3760) 2245651064, 
3761) 2245810850, 
3762) 2246312518, 
3763) 2247076578, 
3764) 2247701197, 
3765) 2247807463, 
3766) 2247904913, 
3767) 2247943812, 
3768) 2248434459, 
3769) 2249064684, 
3770) 2249300323, 
3771) 2250836008, 
3772) 2253340567, 
3773) 2253522017, 
3774) 2254692890, 
3775) 2255479343, 
3776) 2258733620, 
3777) 2259035888, 
3778) 2259061453, 
3779) 2259203491, 
3780) 2259533961, 
3781) 2261979155, 
3782) 2262045401, 
3783) 2262207543, 
3784) 2263020007, 
3785) 2263420192, 
3786) 2265276445, 
3787) 2265473526, 
3788) 2265644871, 
3789) 2266262875, 
3790) 2267361036, 
3791) 2267679768, 
3792) 2268031746, 
3793) 2268762089, 
3794) 2269455562, 
3795) 2270807788, 
3796) 2270961214, 
3797) 2272480838, 
3798) 2274916099, 
3799) 2274973490, 
3800) 2275127182, 
3801) 2275368376, 
3802) 2275786196, 
3803) 2276625796, 
3804) 2277046392, 
3805) 2277216491, 
3806) 2278394395, 
3807) 2278745561, 
3808) 2279283485, 
3809) 2279536639, 
3810) 2279895663, 
3811) 2281171637, 
3812) 2281257253, 
3813) 2283021415, 
3814) 2283452429, 
3815) 2283522236, 
3816) 2283679007, 
3817) 2283908334, 
3818) 2285029342, 
3819) 2285467984, 
3820) 2285635153, 
3821) 2285890364, 
3822) 2286116439, 
3823) 2287334806, 
3824) 2287670600, 
3825) 2287695027, 
3826) 2288115674, 
3827) 2288139390, 
3828) 2288629479, 
3829) 2288679228, 
3830) 2289880918, 
3831) 2290064668, 
3832) 2292566850, 
3833) 2293420444, 
3834) 2293646482, 
3835) 2293902945, 
3836) 2296210686, 
3837) 2296310745, 
3838) 2296639007, 
3839) 2298390450, 
3840) 2298796237, 
3841) 2298966285, 
3842) 2299470437, 
3843) 2299637179, 
3844) 2299782088, 
3845) 2300321956, 
3846) 2300456712, 
3847) 2301163186, 
3848) 2301238124, 
3849) 2301516696, 
3850) 2301926166, 
3851) 2302317700, 
3852) 2302364612, 
3853) 2303301488, 
3854) 2303399544, 
3855) 2304399841, 
3856) 2304641226, 
3857) 2305516831, 
3858) 2306119729, 
3859) 2306206183, 
3860) 2306720672, 
3861) 2307976280, 
3862) 2308342338, 
3863) 2308529574, 
3864) 2308615667, 
3865) 2308711882, 
3866) 2308724838, 
3867) 2309498365, 
3868) 2309560001, 
3869) 2310053374, 
3870) 2310410735, 
3871) 2310774015, 
3872) 2312056875, 
3873) 2312397166, 
3874) 2312594499, 
3875) 2312977346, 
3876) 2313717991, 
3877) 2314394396, 
3878) 2314977091, 
3879) 2317241292, 
3880) 2317491108, 
3881) 2318016716, 
3882) 2318027125, 
3883) 2319386703, 
3884) 2319453556, 
3885) 2319576844, 
3886) 2320007562, 
3887) 2320033539, 
3888) 2320262111, 
3889) 2320701576, 
3890) 2321011946, 
3891) 2321103562, 
3892) 2321461582, 
3893) 2322067458, 
3894) 2322293716, 
3895) 2322910934, 
3896) 2323189952, 
3897) 2323377476, 
3898) 2323746019, 
3899) 2324339846, 
3900) 2325767328, 
3901) 2329044989, 
3902) 2329475780, 
3903) 2330016412, 
3904) 2331416312, 
3905) 2331586564, 
3906) 2332268624, 
3907) 2333088651, 
3908) 2333641730, 
3909) 2333920541, 
3910) 2334733672, 
3911) 2336024100, 
3912) 2336460175, 
3913) 2336720977, 
3914) 2337259526, 
3915) 2337338312, 
3916) 2337547182, 
3917) 2337935494, 
3918) 2338071603, 
3919) 2338326296, 
3920) 2338961415, 
3921) 2339066721, 
3922) 2339083159, 
3923) 2339159690, 
3924) 2339332036, 
3925) 2340149775, 
3926) 2340579311, 
3927) 2340886446, 
3928) 2341302359, 
3929) 2343317054, 
3930) 2344250678, 
3931) 2345273026, 
3932) 2346174832, 
3933) 2346175871, 
3934) 2347130517, 
3935) 2347915674, 
3936) 2348036946, 
3937) 2348393611, 
3938) 2348769478, 
3939) 2348797214, 
3940) 2348833809, 
3941) 2349128653, 
3942) 2350942381, 
3943) 2351846035, 
3944) 2352606313, 
3945) 2353164229, 
3946) 2353205625, 
3947) 2354008394, 
3948) 2354020778, 
3949) 2355012697, 
3950) 2355256054, 
3951) 2355348581, 
3952) 2355797196, 
3953) 2357377994, 
3954) 2358915653, 
3955) 2359219275, 
3956) 2360063634, 
3957) 2360507651, 
3958) 2361218127, 
3959) 2361437352, 
3960) 2362160766, 
3961) 2363798724, 
3962) 2363969807, 
3963) 2364601443, 
3964) 2364702771, 
3965) 2364863341, 
3966) 2366999565, 
3967) 2367517858, 
3968) 2367666327, 
3969) 2367790767, 
3970) 2368039253, 
3971) 2368419985, 
3972) 2368670522, 
3973) 2368808704, 
3974) 2368975129, 
3975) 2369696100, 
3976) 2370306984, 
3977) 2370646665, 
3978) 2370990525, 
3979) 2371173205, 
3980) 2371192090, 
3981) 2371443774, 
3982) 2371891572, 
3983) 2372279692, 
3984) 2373056112, 
3985) 2373127573, 
3986) 2373179493, 
3987) 2374187426, 
3988) 2374306297, 
3989) 2374516775, 
3990) 2375079314, 
3991) 2375904425, 
3992) 2376249344, 
3993) 2376574769, 
3994) 2376938229, 
3995) 2377099539, 
3996) 2377196128, 
3997) 2377381718, 
3998) 2377431946, 
3999) 2377522616, 
4000) 2378128577, 
4001) 2378349212, 
4002) 2378399292, 
4003) 2378573541, 
4004) 2380703200, 
4005) 2381037761, 
4006) 2381048558, 
4007) 2381381730, 
4008) 2381553259, 
4009) 2383658815, 
4010) 2383771626, 
4011) 2385268289, 
4012) 2385400787, 
4013) 2385974589, 
4014) 2386512000, 
4015) 2387672087, 
4016) 2388052849, 
4017) 2388300216, 
4018) 2388469871, 
4019) 2388474908, 
4020) 2389274817, 
4021) 2389422013, 
4022) 2390071981, 
4023) 2390303708, 
4024) 2390304415, 
4025) 2391411630, 
4026) 2392609052, 
4027) 2392787460, 
4028) 2394502771, 
4029) 2394811980, 
4030) 2395612937, 
4031) 2395768367, 
4032) 2396085261, 
4033) 2396455532, 
4034) 2396528619, 
4035) 2396732999, 
4036) 2397144980, 
4037) 2397367474, 
4038) 2397743793, 
4039) 2398843637, 
4040) 2399029477, 
4041) 2399260140, 
4042) 2399934059, 
4043) 2400214610, 
4044) 2400495865, 
4045) 2400932373, 
4046) 2401475703, 
4047) 2401496436, 
4048) 2401823978, 
4049) 2402829483, 
4050) 2402843493, 
4051) 2404567812, 
4052) 2405169015, 
4053) 2406607259, 
4054) 2406795234, 
4055) 2408178809, 
4056) 2409659742, 
4057) 2410968421, 
4058) 2411190060, 
4059) 2411219193, 
4060) 2412236891, 
4061) 2412379611, 
4062) 2412569107, 
4063) 2412715280, 
4064) 2413376712, 
4065) 2413761616, 
4066) 2414367656, 
4067) 2414527533, 
4068) 2414551298, 
4069) 2415608630, 
4070) 2416184852, 
4071) 2416517368, 
4072) 2416726826, 
4073) 2417249265, 
4074) 2417446422, 
4075) 2418265595, 
4076) 2419159390, 
4077) 2420528981, 
4078) 2421770575, 
4079) 2422263159, 
4080) 2422795517, 
4081) 2422926570, 
4082) 2423006071, 
4083) 2424053226, 
4084) 2424359259, 
4085) 2424656755, 
4086) 2424789626, 
4087) 2425035240, 
4088) 2425153529, 
4089) 2427516857, 
4090) 2427668003, 
4091) 2427763659, 
4092) 2428006886, 
4093) 2428170997, 
4094) 2428271805, 
4095) 2428954438, 
4096) 2429054898, 
4097) 2429107921, 
4098) 2429722206, 
4099) 2430749278, 
4100) 2432000282, 
4101) 2432282544, 
4102) 2432288922, 
4103) 2432753303, 
4104) 2432765742, 
4105) 2433054803, 
4106) 2433284101, 
4107) 2433776940, 
4108) 2434381665, 
4109) 2435533111, 
4110) 2435542777, 
4111) 2436025405, 
4112) 2436360990, 
4113) 2437545805, 
4114) 2437866659, 
4115) 2440718097, 
4116) 2440899486, 
4117) 2440914042, 
4118) 2441928090, 
4119) 2442362702, 
4120) 2442929011, 
4121) 2443254361, 
4122) 2443386023, 
4123) 2443408822, 
4124) 2444558427, 
4125) 2444806638, 
4126) 2445105878, 
4127) 2445240641, 
4128) 2445321014, 
4129) 2446813823, 
4130) 2446919869, 
4131) 2448460211, 
4132) 2449065678, 
4133) 2449087694, 
4134) 2451642652, 
4135) 2452218626, 
4136) 2452954994, 
4137) 2453357904, 
4138) 2453667568, 
4139) 2453821092, 
4140) 2454103940, 
4141) 2454582622, 
4142) 2454946693, 
4143) 2455795304, 
4144) 2457165882, 
4145) 2458229810, 
4146) 2458229855, 
4147) 2458280474, 
4148) 2458732161, 
4149) 2459350053, 
4150) 2460984854, 
4151) 2462820875, 
4152) 2464154025, 
4153) 2464170972, 
4154) 2464880420, 
4155) 2464935991, 
4156) 2465941331, 
4157) 2466406467, 
4158) 2466994689, 
4159) 2467058459, 
4160) 2468429345, 
4161) 2469818641, 
4162) 2471088561, 
4163) 2471639250, 
4164) 2472223848, 
4165) 2472924358, 
4166) 2473464023, 
4167) 2473600087, 
4168) 2473907492, 
4169) 2474625673, 
4170) 2474673846, 
4171) 2475501410, 
4172) 2477608153, 
4173) 2478306943, 
4174) 2478631453, 
4175) 2479596007, 
4176) 2479837556, 
4177) 2479951006, 
4178) 2480670273, 
4179) 2481114672, 
4180) 2482947808, 
4181) 2483190763, 
4182) 2484170357, 
4183) 2484285240, 
4184) 2484615108, 
4185) 2489145403, 
4186) 2489743850, 
4187) 2490005014, 
4188) 2490178380, 
4189) 2490818952, 
4190) 2491005355, 
4191) 2493466365, 
4192) 2493870894, 
4193) 2494077549, 
4194) 2494125191, 
4195) 2494341010, 
4196) 2495549287, 
4197) 2496122711, 
4198) 2496568586, 
4199) 2496838543, 
4200) 2499974879, 
4201) 2501416493, 
4202) 2501944098, 
4203) 2502266881, 
4204) 2504368814, 
4205) 2505082635, 
4206) 2505295889, 
4207) 2505370720, 
4208) 2506271120, 
4209) 2506376990, 
4210) 2506900088, 
4211) 2507827799, 
4212) 2508007232, 
4213) 2508613988, 
4214) 2508835719, 
4215) 2510011826, 
4216) 2512576375, 
4217) 2513113211, 
4218) 2513950704, 
4219) 2516162338, 
4220) 2516883060, 
4221) 2517703511, 
4222) 2518461776, 
4223) 2519607731, 
4224) 2519887109, 
4225) 2520074648, 
4226) 2521021089, 
4227) 2521323382, 
4228) 2521951256, 
4229) 2522322399, 
4230) 2522955604, 
4231) 2523920303, 
4232) 2524687658, 
4233) 2524826044, 
4234) 2524987929, 
4235) 2525015979, 
4236) 2525946588, 
4237) 2528426759, 
4238) 2528659365, 
4239) 2531178736, 
4240) 2532744417, 
4241) 2532816946, 
4242) 2532911243, 
4243) 2533256554, 
4244) 2533295650, 
4245) 2533297015, 
4246) 2534341932, 
4247) 2535448988, 
4248) 2535454996, 
4249) 2535461486, 
4250) 2535621983, 
4251) 2535771277, 
4252) 2536460424, 
4253) 2536764233, 
4254) 2538860013, 
4255) 2539297735, 
4256) 2539321415, 
4257) 2540614055, 
4258) 2542030477, 
4259) 2542337424, 
4260) 2542572097, 
4261) 2543101693, 
4262) 2543316891, 
4263) 2544576036, 
4264) 2546593455, 
4265) 2546940464, 
4266) 2547385323, 
4267) 2548633440, 
4268) 2548765717, 
4269) 2549790639, 
4270) 2551927995, 
4271) 2551939184, 
4272) 2552437099, 
4273) 2552703867, 
4274) 2552905038, 
4275) 2553027834, 
4276) 2553146438, 
4277) 2553347163, 
4278) 2554566315, 
4279) 2554672694, 
4280) 2554942190, 
4281) 2555487719, 
4282) 2555783858, 
4283) 2556101771, 
4284) 2556403396, 
4285) 2557472715, 
4286) 2557479041, 
4287) 2558063176, 
4288) 2558072232, 
4289) 2559216988, 
4290) 2559718878, 
4291) 2559906101, 
4292) 2560486501, 
4293) 2561537007, 
4294) 2561696889, 
4295) 2561955073, 
4296) 2562736555, 
4297) 2563161991, 
4298) 2563174124, 
4299) 2563357916, 
4300) 2563461707, 
4301) 2564741239, 
4302) 2565614653, 
4303) 2566986333, 
4304) 2567175003, 
4305) 2567601341, 
4306) 2568219967, 
4307) 2568409501, 
4308) 2568668772, 
4309) 2570018727, 
4310) 2571480417, 
4311) 2571508375, 
4312) 2571511311, 
4313) 2572189155, 
4314) 2572362333, 
4315) 2572664873, 
4316) 2572908476, 
4317) 2573175905, 
4318) 2576864506, 
4319) 2577460375, 
4320) 2580135117, 
4321) 2580612305, 
4322) 2581236930, 
4323) 2581533972, 
4324) 2582185074, 
4325) 2582269091, 
4326) 2582273339, 
4327) 2583135124, 
4328) 2583615190, 
4329) 2585324950, 
4330) 2585489757, 
4331) 2585721447, 
4332) 2588270791, 
4333) 2589130587, 
4334) 2591067583, 
4335) 2592695816, 
4336) 2592943430, 
4337) 2593992332, 
4338) 2594954922, 
4339) 2595405467, 
4340) 2597603438, 
4341) 2598330829, 
4342) 2598429928, 
4343) 2598751572, 
4344) 2598963635, 
4345) 2599737444, 
4346) 2600227910, 
4347) 2601530606, 
4348) 2601553326, 
4349) 2603243686, 
4350) 2604272079, 
4351) 2605483254, 
4352) 2605506650, 
4353) 2607280070, 
4354) 2607666737, 
4355) 2607721312, 
4356) 2608573000, 
4357) 2609058013, 
4358) 2609474567, 
4359) 2609790081, 
4360) 2611757755, 
4361) 2611815145, 
4362) 2611916895, 
4363) 2612022074, 
4364) 2612109650, 
4365) 2612645544, 
4366) 2613142160, 
4367) 2613162099, 
4368) 2614788919, 
4369) 2614986287, 
4370) 2615481781, 
4371) 2616915310, 
4372) 2616987523, 
4373) 2617349550, 
4374) 2619018324, 
4375) 2619674336, 
4376) 2620142806, 
4377) 2620155731, 
4378) 2621084668, 
4379) 2621714842, 
4380) 2622382484, 
4381) 2623130425, 
4382) 2623312650, 
4383) 2623628754, 
4384) 2623953660, 
4385) 2624115869, 
4386) 2624388604, 
4387) 2624777728, 
4388) 2625307820, 
4389) 2626562443, 
4390) 2627172245, 
4391) 2627663462, 
4392) 2628512685, 
4393) 2630112184, 
4394) 2630362964, 
4395) 2631117891, 
4396) 2633041761, 
4397) 2633131483, 
4398) 2633156681, 
4399) 2633261081, 
4400) 2634851963, 
4401) 2636359285, 
4402) 2637065634, 
4403) 2637751548, 
4404) 2638256574, 
4405) 2638572443, 
4406) 2639167375, 
4407) 2639838807, 
4408) 2639844577, 
4409) 2640437974, 
4410) 2641576583, 
4411) 2642248698, 
4412) 2642272918, 
4413) 2642437163, 
4414) 2643227096, 
4415) 2643268620, 
4416) 2643278828, 
4417) 2643681276, 
4418) 2645314260, 
4419) 2648079400, 
4420) 2648084945, 
4421) 2648117159, 
4422) 2648135793, 
4423) 2649542869, 
4424) 2650090533, 
4425) 2650395924, 
4426) 2650798783, 
4427) 2650815202, 
4428) 2651140050, 
4429) 2651427141, 
4430) 2651559630, 
4431) 2651692906, 
4432) 2651833407, 
4433) 2652137011, 
4434) 2652433053, 
4435) 2652505530, 
4436) 2652642941, 
4437) 2653483539, 
4438) 2654263843, 
4439) 2654420501, 
4440) 2655036341, 
4441) 2656031861, 
4442) 2656499088, 
4443) 2656698569, 
4444) 2656998365, 
4445) 2657471544, 
4446) 2657613917, 
4447) 2659007986, 
4448) 2660778495, 
4449) 2661007910, 
4450) 2661475045, 
4451) 2663024296, 
4452) 2663083975, 
4453) 2663554231, 
4454) 2663779538, 
4455) 2664231802, 
4456) 2664901604, 
4457) 2665972996, 
4458) 2666670838, 
4459) 2667410943, 
4460) 2668446359, 
4461) 2668814092, 
4462) 2669231959, 
4463) 2669616403, 
4464) 2669863581, 
4465) 2670512026, 
4466) 2670771183, 
4467) 2671048348, 
4468) 2671324457, 
4469) 2671599964, 
4470) 2672988322, 
4471) 2673248522, 
4472) 2674795870, 
4473) 2675574580, 
4474) 2676158797, 
4475) 2677605538, 
4476) 2678190956, 
4477) 2678678784, 
4478) 2678779475, 
4479) 2679037718, 
4480) 2679714099, 
4481) 2679934227, 
4482) 2681030411, 
4483) 2681320961, 
4484) 2681766991, 
4485) 2682232864, 
4486) 2682326294, 
4487) 2682755382, 
4488) 2684392697, 
4489) 2684433491, 
4490) 2684439809, 
4491) 2685295203, 
4492) 2685988678, 
4493) 2687669861, 
4494) 2688166693, 
4495) 2689279589, 
4496) 2689957321, 
4497) 2690411724, 
4498) 2691321227, 
4499) 2692840293, 
4500) 2693505142, 
4501) 2693533059, 
4502) 2694196992, 
4503) 2694497252, 
4504) 2694602076, 
4505) 2694812245, 
4506) 2695993519, 
4507) 2696023554, 
4508) 2696377662, 
4509) 2697149819, 
4510) 2698590080, 
4511) 2699651606, 
4512) 2699819661, 
4513) 2700968862, 
4514) 2701533032, 
4515) 2701810146, 
4516) 2703325059, 
4517) 2703339068, 
4518) 2703381110, 
4519) 2703805132, 
4520) 2704185207, 
4521) 2705808441, 
4522) 2705973646, 
4523) 2709231687, 
4524) 2709557920, 
4525) 2709562636, 
4526) 2709923070, 
4527) 2711147460, 
4528) 2711472040, 
4529) 2711488205, 
4530) 2711747974, 
4531) 2712702297, 
4532) 2713021684, 
4533) 2714209898, 
4534) 2714915050, 
4535) 2715214425, 
4536) 2715711453, 
4537) 2715713815, 
4538) 2715940776, 
4539) 2717263965, 
4540) 2717818319, 
4541) 2718262759, 
4542) 2719013759, 
4543) 2720316951, 
4544) 2720823851, 
4545) 2721072591, 
4546) 2721600154, 
4547) 2722726686, 
4548) 2723012012, 
4549) 2723041040, 
4550) 2723307463, 
4551) 2723639939, 
4552) 2724407870, 
4553) 2725481928, 
4554) 2725917038, 
4555) 2727156684, 
4556) 2727741647, 
4557) 2728065020, 
4558) 2728671904, 
4559) 2730304634, 
4560) 2731000486, 
4561) 2732361998, 
4562) 2732561571, 
4563) 2732618203, 
4564) 2732682565, 
4565) 2732759050, 
4566) 2733858957, 
4567) 2734278005, 
4568) 2734849367, 
4569) 2735366276, 
4570) 2735405102, 
4571) 2737009473, 
4572) 2737170827, 
4573) 2738822567, 
4574) 2738877598, 
4575) 2738974087, 
4576) 2739659798, 
4577) 2741882058, 
4578) 2742387444, 
4579) 2742402444, 
4580) 2742717668, 
4581) 2742827578, 
4582) 2744135269, 
4583) 2744430831, 
4584) 2745320812, 
4585) 2745484223, 
4586) 2746716383, 
4587) 2747101360, 
4588) 2747724008, 
4589) 2748966025, 
4590) 2749335540, 
4591) 2749697793, 
4592) 2749791457, 
4593) 2749930049, 
4594) 2750691226, 
4595) 2752438162, 
4596) 2753818147, 
4597) 2754478276, 
4598) 2754660922, 
4599) 2755030099, 
4600) 2755202112, 
4601) 2755375689, 
4602) 2756778696, 
4603) 2757739013, 
4604) 2758726659, 
4605) 2759402427, 
4606) 2759405270, 
4607) 2759477988, 
4608) 2759693640, 
4609) 2760499710, 
4610) 2761068014, 
4611) 2761760637, 
4612) 2762014440, 
4613) 2762149205, 
4614) 2762222161, 
4615) 2762451864, 
4616) 2763926365, 
4617) 2764483188, 
4618) 2764781568, 
4619) 2765412785, 
4620) 2767001104, 
4621) 2767453584, 
4622) 2768145219, 
4623) 2768503827, 
4624) 2768584405, 
4625) 2769343747, 
4626) 2770640109, 
4627) 2771109124, 
4628) 2772627882, 
4629) 2774191557, 
4630) 2774195109, 
4631) 2774319905, 
4632) 2775202463, 
4633) 2775585091, 
4634) 2775967814, 
4635) 2776211900, 
4636) 2777805873, 
4637) 2777997615, 
4638) 2778366050, 
4639) 2778597390, 
4640) 2778694577, 
4641) 2779292585, 
4642) 2783101560, 
4643) 2783399158, 
4644) 2784055145, 
4645) 2784414911, 
4646) 2785082679, 
4647) 2786088102, 
4648) 2787572266, 
4649) 2787849199, 
4650) 2788399586, 
4651) 2788830864, 
4652) 2789076950, 
4653) 2789498361, 
4654) 2789945286, 
4655) 2791187485, 
4656) 2792154156, 
4657) 2792330486, 
4658) 2792864083, 
4659) 2793270529, 
4660) 2796160395, 
4661) 2796761865, 
4662) 2797127998, 
4663) 2797281258, 
4664) 2797740943, 
4665) 2797745841, 
4666) 2797914411, 
4667) 2798145384, 
4668) 2798553612, 
4669) 2798737705, 
4670) 2799187549, 
4671) 2799419000, 
4672) 2800746674, 
4673) 2801314820, 
4674) 2802303953, 
4675) 2803110460, 
4676) 2804077885, 
4677) 2804132716, 
4678) 2804783007, 
4679) 2804963172, 
4680) 2805133165, 
4681) 2805815221, 
4682) 2806317672, 
4683) 2806397733, 
4684) 2807967004, 
4685) 2808388641, 
4686) 2809211130, 
4687) 2809405216, 
4688) 2812388844, 
4689) 2813616749, 
4690) 2813765079, 
4691) 2813814137, 
4692) 2814857487, 
4693) 2814959229, 
4694) 2814972053, 
4695) 2815212323, 
4696) 2815428722, 
4697) 2815936542, 
4698) 2816883178, 
4699) 2817111740, 
4700) 2817399027, 
4701) 2818777380, 
4702) 2819112701, 
4703) 2819723057, 
4704) 2820759148, 
4705) 2821785540, 
4706) 2821933518, 
4707) 2822671238, 
4708) 2822766323, 
4709) 2823289302, 
4710) 2823373750, 
4711) 2824247136, 
4712) 2824547356, 
4713) 2825005802, 
4714) 2825383047, 
4715) 2825599536, 
4716) 2827348558, 
4717) 2827544524, 
4718) 2828460657, 
4719) 2828781166, 
4720) 2829321352, 
4721) 2830886783, 
4722) 2831091255, 
4723) 2832272882, 
4724) 2832676849, 
4725) 2833003872, 
4726) 2833207733, 
4727) 2833227675, 
4728) 2834000933, 
4729) 2836824108, 
4730) 2837942027, 
4731) 2838895135, 
4732) 2839160934, 
4733) 2839637203, 
4734) 2839688023, 
4735) 2840020418, 
4736) 2840599513, 
4737) 2841114627, 
4738) 2841675599, 
4739) 2842070409, 
4740) 2842177135, 
4741) 2842381119, 
4742) 2842663056, 
4743) 2842762517, 
4744) 2844050397, 
4745) 2844073129, 
4746) 2844862962, 
4747) 2845337853, 
4748) 2845968431, 
4749) 2847974141, 
4750) 2848793621, 
4751) 2849740572, 
4752) 2850384018, 
4753) 2850717884, 
4754) 2851688300, 
4755) 2851839667, 
4756) 2854254285, 
4757) 2854509459, 
4758) 2854840804, 
4759) 2855329294, 
4760) 2856473842, 
4761) 2856709850, 
4762) 2856842158, 
4763) 2857568085, 
4764) 2858533270, 
4765) 2858853110, 
4766) 2858857953, 
4767) 2859720005, 
4768) 2860542835, 
4769) 2860718378, 
4770) 2862237240, 
4771) 2862437063, 
4772) 2863240206, 
4773) 2863350291, 
4774) 2864079269, 
4775) 2865218105, 
4776) 2865267506, 
4777) 2866543824, 
4778) 2868999936, 
4779) 2871202771, 
4780) 2872816914, 
4781) 2873365972, 
4782) 2873626620, 
4783) 2873644600, 
4784) 2873695001, 
4785) 2873766357, 
4786) 2874215210, 
4787) 2874364559, 
4788) 2874851838, 
4789) 2876178298, 
4790) 2876288449, 
4791) 2876293822, 
4792) 2876801473, 
4793) 2877126874, 
4794) 2877303478, 
4795) 2877933453, 
4796) 2879021690, 
4797) 2879093101, 
4798) 2879374186, 
4799) 2879565395, 
4800) 2881845497, 
4801) 2882188352, 
4802) 2882348850, 
4803) 2883866541, 
4804) 2885400886, 
4805) 2885648929, 
4806) 2885651314, 
4807) 2886530548, 
4808) 2886715822, 
4809) 2886818066, 
4810) 2887817713, 
4811) 2888019795, 
4812) 2888189883, 
4813) 2888298865, 
4814) 2889168715, 
4815) 2889200297, 
4816) 2889578528, 
4817) 2889663267, 
4818) 2891529674, 
4819) 2891543282, 
4820) 2892056326, 
4821) 2893822093, 
4822) 2894865297, 
4823) 2895507516, 
4824) 2896452870, 
4825) 2896694097, 
4826) 2897878706, 
4827) 2898377205, 
4828) 2898480095, 
4829) 2899836295, 
4830) 2900193228, 
4831) 2900418301, 
4832) 2900515809, 
4833) 2900651746, 
4834) 2900666544, 
4835) 2900689637, 
4836) 2900741966, 
4837) 2901944716, 
4838) 2902254127, 
4839) 2902625451, 
4840) 2902663501, 
4841) 2903419065, 
4842) 2903911440, 
4843) 2904346206, 
4844) 2904425363, 
4845) 2905856652, 
4846) 2907098177, 
4847) 2907269107, 
4848) 2907885712, 
4849) 2908151627, 
4850) 2908419800, 
4851) 2908615048, 
4852) 2908905507, 
4853) 2909094365, 
4854) 2909352023, 
4855) 2909384871, 
4856) 2910021995, 
4857) 2910513696, 
4858) 2910730755, 
4859) 2913479360, 
4860) 2913513541, 
4861) 2913709072, 
4862) 2913794821, 
4863) 2914243288, 
4864) 2914410724, 
4865) 2914538005, 
4866) 2914875451, 
4867) 2915225771, 
4868) 2915533308, 
4869) 2916120531, 
4870) 2917195264, 
4871) 2917626057, 
4872) 2918260112, 
4873) 2920694953, 
4874) 2921599684, 
4875) 2921859591, 
4876) 2922362387, 
4877) 2923268459, 
4878) 2924482389, 
4879) 2924616964, 
4880) 2925032958, 
4881) 2925357072, 
4882) 2925586868, 
4883) 2927067813, 
4884) 2927887197, 
4885) 2929161083, 
4886) 2929826140, 
4887) 2930125325, 
4888) 2931878171, 
4889) 2932124022, 
4890) 2932417493, 
4891) 2932614908, 
4892) 2933079495, 
4893) 2933177895, 
4894) 2933270220, 
4895) 2933304252, 
4896) 2934813853, 
4897) 2935452230, 
4898) 2936003308, 
4899) 2937613714, 
4900) 2937984476, 
4901) 2938295496, 
4902) 2939651582, 
4903) 2941208919, 
4904) 2943223559, 
4905) 2943323380, 
4906) 2943735874, 
4907) 2943761743, 
4908) 2944097191, 
4909) 2944418430, 
4910) 2945525539, 
4911) 2947086819, 
4912) 2948244171, 
4913) 2949294408, 
4914) 2949355692, 
4915) 2949483961, 
4916) 2949850968, 
4917) 2949950289, 
4918) 2949970156, 
4919) 2951797659, 
4920) 2952296340, 
4921) 2952583220, 
4922) 2952850696, 
4923) 2953760629, 
4924) 2954462626, 
4925) 2955506680, 
4926) 2956245157, 
4927) 2957087842, 
4928) 2957404233, 
4929) 2958085841, 
4930) 2958093629, 
4931) 2958167304, 
4932) 2958314969, 
4933) 2958606470, 
4934) 2958799953, 
4935) 2959326904, 
4936) 2959413768, 
4937) 2959968835, 
4938) 2960780851, 
4939) 2961012877, 
4940) 2961171018, 
4941) 2963157364, 
4942) 2963499690, 
4943) 2964219574, 
4944) 2965044243, 
4945) 2965834458, 
4946) 2967638545, 
4947) 2969860670, 
4948) 2970416244, 
4949) 2973186019, 
4950) 2973585028, 
4951) 2974653839, 
4952) 2974934211, 
4953) 2975807235, 
4954) 2975898718, 
4955) 2976073563, 
4956) 2976451423, 
4957) 2976902117, 
4958) 2977084506, 
4959) 2978747847, 
4960) 2978997789, 
4961) 2979130281, 
4962) 2979249747, 
4963) 2979272355, 
4964) 2979273579, 
4965) 2980270951, 
4966) 2981029551, 
4967) 2981470198, 
4968) 2982650483, 
4969) 2983207525, 
4970) 2983593409, 
4971) 2983772190, 
4972) 2984367036, 
4973) 2984695485, 
4974) 2986376781, 
4975) 2986513746, 
4976) 2987082821, 
4977) 2987189488, 
4978) 2987244797, 
4979) 2988057087, 
4980) 2988488223, 
4981) 2989262604, 
4982) 2990295939, 
4983) 2990683175, 
4984) 2990753787, 
4985) 2990826640, 
4986) 2990990914, 
4987) 2991501502, 
4988) 2991524288, 
4989) 2991949265, 
4990) 2993581599, 
4991) 2994212596, 
4992) 2994487783, 
4993) 2994707453, 
4994) 2995386036, 
4995) 2996027348, 
4996) 2996084710, 
4997) 2996911932, 
4998) 2999153888, 
4999) 2999539567, 
