Number of elements is 5000
Type of array is sorted
Sorting algorithm - merge
Running time of sorting algorithm is 1932ms
0) 1655635, 
1) 3650629, 
2) 4804769, 
3) 5009645, 
4) 5291631, 
5) 5532151, 
6) 5747632, 
7) 6033493, 
8) 6101226, 
9) 6378011, 
10) 7536818, 
11) 7997174, 
12) 8415736, 
13) 8523733, 
14) 9012350, 
15) 9595362, 
16) 9786775, 
17) 10276706, 
18) 11676036, 
19) 11973747, 
20) 12677286, 
21) 13719583, 
22) 13763996, 
23) 14483955, 
24) 15039935, 
25) 15341611, 
26) 15356017, 
27) 16292758, 
28) 17404956, 
29) 18970650, 
30) 19174030, 
31) 19221003, 
32) 19937686, 
33) 21050299, 
34) 21703100, 
35) 21750233, 
36) 23776285, 
37) 23797826, 
38) 24007714, 
39) 24209323, 
40) 24471193, 
41) 24557571, 
42) 24629864, 
43) 25044731, 
44) 25815991, 
45) 26351050, 
46) 26473582, 
47) 27039743, 
48) 27278935, 
49) 28089715, 
50) 28271360, 
51) 28401336, 
52) 30557118, 
53) 30573545, 
54) 31048812, 
55) 35837683, 
56) 36103260, 
57) 36564502, 
58) 38910474, 
59) 40214319, 
60) 40351704, 
61) 42066587, 
62) 42245531, 
63) 42497496, 
64) 42516096, 
65) 42605707, 
66) 42732932, 
67) 43677303, 
68) 44494511, 
69) 44779543, 
70) 45992903, 
71) 46554556, 
72) 46841140, 
73) 47242219, 
74) 48122274, 
75) 48641972, 
76) 48806040, 
77) 49651504, 
78) 49808455, 
79) 50354826, 
80) 50465662, 
81) 50588583, 
82) 50926305, 
83) 51222111, 
84) 52609367, 
85) 53065687, 
86) 53901316, 
87) 54469365, 
88) 55056780, 
89) 55501194, 
90) 56044973, 
91) 56563257, 
92) 57685052, 
93) 57739307, 
94) 58416139, 
95) 59013745, 
96) 59990768, 
97) 60483888, 
98) 60823492, 
99) 60904627, 
100) 63151030, 
101) 64349328, 
102) 65718119, 
103) 67238933, 
104) 67416893, 
105) 68245680, 
106) 69058648, 
107) 69124171, 
108) 70604537, 
109) 71330048, 
110) 72751710, 
111) 72812691, 
112) 72981296, 
113) 73187950, 
114) 73675889, 
115) 74081757, 
116) 74919479, 
117) 74977166, 
118) 75562615, 
119) 75738691, 
120) 76107281, 
121) 76469317, 
122) 76535724, 
123) 76992002, 
124) 77206534, 
125) 78907051, 
126) 79222472, 
127) 79524081, 
128) 79568463, 
129) 79626929, 
130) 80641347, 
131) 80817346, 
132) 81230753, 
133) 82749513, 
134) 83938487, 
135) 84686330, 
136) 86243934, 
137) 87427354, 
138) 89270062, 
139) 89345223, 
140) 91101038, 
141) 91262342, 
142) 91304434, 
143) 92413804, 
144) 93290209, 
145) 93504893, 
146) 93605512, 
147) 93906291, 
148) 94526843, 
149) 95360711, 
150) 95904943, 
151) 96319450, 
152) 97411139, 
153) 97832804, 
154) 97833804, 
155) 98271800, 
156) 98921662, 
157) 100076182, 
158) 100977027, 
159) 101275762, 
160) 101426929, 
161) 101912734, 
162) 102392979, 
163) 102507857, 
164) 102682646, 
165) 104786675, 
166) 105744458, 
167) 105978849, 
168) 106341807, 
169) 107196479, 
170) 108775054, 
171) 110450183, 
172) 110498288, 
173) 110770423, 
174) 111180957, 
175) 111558063, 
176) 112263704, 
177) 113049231, 
178) 113140187, 
179) 113378851, 
180) 113653814, 
181) 114005183, 
182) 114990148, 
183) 117015604, 
184) 117216200, 
185) 119388394, 
186) 119488720, 
187) 120049706, 
188) 120187236, 
189) 120193137, 
190) 120504817, 
191) 120782359, 
192) 120824027, 
193) 121286100, 
194) 121950621, 
195) 122166134, 
196) 123880130, 
197) 124601443, 
198) 124731553, 
199) 125219409, 
200) 125350841, 
201) 126662968, 
202) 127067228, 
203) 127274814, 
204) 129172848, 
205) 129269756, 
206) 129423176, 
207) 129641457, 
208) 130125040, 
209) 130485324, 
210) 131436006, 
211) 131751203, 
212) 132151767, 
213) 132314668, 
214) 132517025, 
215) 133003412, 
216) 133104353, 
217) 133202176, 
218) 133635056, 
219) 133993071, 
220) 134639961, 
221) 134904910, 
222) 134941776, 
223) 135270639, 
224) 135473922, 
225) 135896088, 
226) 135942053, 
227) 136073066, 
228) 136121036, 
229) 136154545, 
230) 136513911, 
231) 136643958, 
232) 137162347, 
233) 137348578, 
234) 138689143, 
235) 138977505, 
236) 139381829, 
237) 139777979, 
238) 139937544, 
239) 141183730, 
240) 141446708, 
241) 141666558, 
242) 142331853, 
243) 143079977, 
244) 143108991, 
245) 143439740, 
246) 143613940, 
247) 143821396, 
248) 144274794, 
249) 144520787, 
250) 144716756, 
251) 146182514, 
252) 149058542, 
253) 149153865, 
254) 149174304, 
255) 149927277, 
256) 150821355, 
257) 151056715, 
258) 151249558, 
259) 151345138, 
260) 152773186, 
261) 153057270, 
262) 153539625, 
263) 154225821, 
264) 155110630, 
265) 155118820, 
266) 157218282, 
267) 157361962, 
268) 157546347, 
269) 158069744, 
270) 158291604, 
271) 158419302, 
272) 159101829, 
273) 159460633, 
274) 161046514, 
275) 161344297, 
276) 161972119, 
277) 162447935, 
278) 162460542, 
279) 162832022, 
280) 164063406, 
281) 164527525, 
282) 166031231, 
283) 166836948, 
284) 168018591, 
285) 168434710, 
286) 168458329, 
287) 170002662, 
288) 170621692, 
289) 171324114, 
290) 171450124, 
291) 172507091, 
292) 172598639, 
293) 172772189, 
294) 173178009, 
295) 173937708, 
296) 174186817, 
297) 175277974, 
298) 175712111, 
299) 176250019, 
300) 176305413, 
301) 176481946, 
302) 177379799, 
303) 177661386, 
304) 179778648, 
305) 180478829, 
306) 180499991, 
307) 180541632, 
308) 180558285, 
309) 180807260, 
310) 181007432, 
311) 181140763, 
312) 181320158, 
313) 182245160, 
314) 182274835, 
315) 182508449, 
316) 182864047, 
317) 183416427, 
318) 184170517, 
319) 186158295, 
320) 186448689, 
321) 186596534, 
322) 186898145, 
323) 187254920, 
324) 187573966, 
325) 188053787, 
326) 188376350, 
327) 188941456, 
328) 189206126, 
329) 190453556, 
330) 190618102, 
331) 191161116, 
332) 191714504, 
333) 191924076, 
334) 192345589, 
335) 194065326, 
336) 195351798, 
337) 195728975, 
338) 195750613, 
339) 196384683, 
340) 196675083, 
341) 197757957, 
342) 198031617, 
343) 199384579, 
344) 199469222, 
345) 199562999, 
346) 201224425, 
347) 201434255, 
348) 201759923, 
349) 202290115, 
350) 203533267, 
351) 204436180, 
352) 204544075, 
353) 204841166, 
354) 205155019, 
355) 206687477, 
356) 206910270, 
357) 207332433, 
358) 208137536, 
359) 209884434, 
360) 210489284, 
361) 210641341, 
362) 211021045, 
363) 211035590, 
364) 211272758, 
365) 211356225, 
366) 211378678, 
367) 211786461, 
368) 213784171, 
369) 214318482, 
370) 214461334, 
371) 214866470, 
372) 215619913, 
373) 216185989, 
374) 217494918, 
375) 217934242, 
376) 219250003, 
377) 219641912, 
378) 219696786, 
379) 220280638, 
380) 221156169, 
381) 221346486, 
382) 222078977, 
383) 222124342, 
384) 223877060, 
385) 223982602, 
386) 224144442, 
387) 227328052, 
388) 227634520, 
389) 227715091, 
390) 229046786, 
391) 230884192, 
392) 231318954, 
393) 231352004, 
394) 231464865, 
395) 233821573, 
396) 234051439, 
397) 235282576, 
398) 235934834, 
399) 236872013, 
400) 238276423, 
401) 238736575, 
402) 238737182, 
403) 238992870, 
404) 239012132, 
405) 239456074, 
406) 240173918, 
407) 240708876, 
408) 240738645, 
409) 240755198, 
410) 241128357, 
411) 241386511, 
412) 241720835, 
413) 242188108, 
414) 242554623, 
415) 242724763, 
416) 242913227, 
417) 243127026, 
418) 243571543, 
419) 243846723, 
420) 243976010, 
421) 245204247, 
422) 245586083, 
423) 245701282, 
424) 245906383, 
425) 246210975, 
426) 246653165, 
427) 246786228, 
428) 247822934, 
429) 248533422, 
430) 248581964, 
431) 248854210, 
432) 249517322, 
433) 249899874, 
434) 250807272, 
435) 250930041, 
436) 251321259, 
437) 252326646, 
438) 252623601, 
439) 253885398, 
440) 254268317, 
441) 254488400, 
442) 255970125, 
443) 256374469, 
444) 257090416, 
445) 258358660, 
446) 260673014, 
447) 261975629, 
448) 264143426, 
449) 266329236, 
450) 266823079, 
451) 267316807, 
452) 267589250, 
453) 267976332, 
454) 268210733, 
455) 269126533, 
456) 269581253, 
457) 269915026, 
458) 270934437, 
459) 271309699, 
460) 274263675, 
461) 274435801, 
462) 275049008, 
463) 275872685, 
464) 275918823, 
465) 275924242, 
466) 276860544, 
467) 277190898, 
468) 277932496, 
469) 277980243, 
470) 279661608, 
471) 280185351, 
472) 280462923, 
473) 281209765, 
474) 281409037, 
475) 281699805, 
476) 281997884, 
477) 282074113, 
478) 282656795, 
479) 282716349, 
480) 282721512, 
481) 283312263, 
482) 283463457, 
483) 283663738, 
484) 285264775, 
485) 285577904, 
486) 286324090, 
487) 286948312, 
488) 287149483, 
489) 288125163, 
490) 288162900, 
491) 288563897, 
492) 289509639, 
493) 290955025, 
494) 291049636, 
495) 291134264, 
496) 291592200, 
497) 292085891, 
498) 292578638, 
499) 293260263, 
500) 294254035, 
501) 294298452, 
502) 295174080, 
503) 296053368, 
504) 297189636, 
505) 297468694, 
506) 297815311, 
507) 298105983, 
508) 299053890, 
509) 299070868, 
510) 299256203, 
511) 299766602, 
512) 301574452, 
513) 302182881, 
514) 302409335, 
515) 303021835, 
516) 303054463, 
517) 304203429, 
518) 304757619, 
519) 305405102, 
520) 306366487, 
521) 307049898, 
522) 307245941, 
523) 307590833, 
524) 307711829, 
525) 307799635, 
526) 308480551, 
527) 308535426, 
528) 308660400, 
529) 310894202, 
530) 312973578, 
531) 313245320, 
532) 313391744, 
533) 313462363, 
534) 313550516, 
535) 314334001, 
536) 314414804, 
537) 314631865, 
538) 314985261, 
539) 316094328, 
540) 316668271, 
541) 317027069, 
542) 317389429, 
543) 318529437, 
544) 318540917, 
545) 318905513, 
546) 318984783, 
547) 319303149, 
548) 319909832, 
549) 320517996, 
550) 320581467, 
551) 321287631, 
552) 324351073, 
553) 325069571, 
554) 326012055, 
555) 326675234, 
556) 327757515, 
557) 328244066, 
558) 328756751, 
559) 328785230, 
560) 328891735, 
561) 328935484, 
562) 331933476, 
563) 332240322, 
564) 334719937, 
565) 335468973, 
566) 335659946, 
567) 335665269, 
568) 337315624, 
569) 337326470, 
570) 337549103, 
571) 338899833, 
572) 339072750, 
573) 339408105, 
574) 339578779, 
575) 340011974, 
576) 341303105, 
577) 341381656, 
578) 341987954, 
579) 343384173, 
580) 343560202, 
581) 343584378, 
582) 343998665, 
583) 344339625, 
584) 345145105, 
585) 345577929, 
586) 345600848, 
587) 345603940, 
588) 345983486, 
589) 346331048, 
590) 346523928, 
591) 346538391, 
592) 348198959, 
593) 348211685, 
594) 350101029, 
595) 350229818, 
596) 350691285, 
597) 352214089, 
598) 352229025, 
599) 352317951, 
600) 353757654, 
601) 354003505, 
602) 354030716, 
603) 355522855, 
604) 355919145, 
605) 356482120, 
606) 356496025, 
607) 356584531, 
608) 358700763, 
609) 358750024, 
610) 361554708, 
611) 361959012, 
612) 362775806, 
613) 363525638, 
614) 365976482, 
615) 367344440, 
616) 368766671, 
617) 369116575, 
618) 370952031, 
619) 371398298, 
620) 371518565, 
621) 372779357, 
622) 375221132, 
623) 375540974, 
624) 375598101, 
625) 376080814, 
626) 376314465, 
627) 377321696, 
628) 377756279, 
629) 377912256, 
630) 378759290, 
631) 378968437, 
632) 379774755, 
633) 380057968, 
634) 380619247, 
635) 380866039, 
636) 380868790, 
637) 382271182, 
638) 385851833, 
639) 385903072, 
640) 386589556, 
641) 386880342, 
642) 387198477, 
643) 387782051, 
644) 388087245, 
645) 388469118, 
646) 389451929, 
647) 389711881, 
648) 389739350, 
649) 391199280, 
650) 391208011, 
651) 391817059, 
652) 391826788, 
653) 391893823, 
654) 392779205, 
655) 393196289, 
656) 393202883, 
657) 395712824, 
658) 396367490, 
659) 396423589, 
660) 396448529, 
661) 397084867, 
662) 397509459, 
663) 398202119, 
664) 398892669, 
665) 399037612, 
666) 399046059, 
667) 399340421, 
668) 399362945, 
669) 399465196, 
670) 400049322, 
671) 400781840, 
672) 400951215, 
673) 401440726, 
674) 402291191, 
675) 402542900, 
676) 403307182, 
677) 403537092, 
678) 405277806, 
679) 406163947, 
680) 406689095, 
681) 407115095, 
682) 407528479, 
683) 407858430, 
684) 408419047, 
685) 408754568, 
686) 409324514, 
687) 409971032, 
688) 410650052, 
689) 410752576, 
690) 410756189, 
691) 411367504, 
692) 411508921, 
693) 411847085, 
694) 412031447, 
695) 412195409, 
696) 412738096, 
697) 413461402, 
698) 413495176, 
699) 413979320, 
700) 414390196, 
701) 416672028, 
702) 417208586, 
703) 418071869, 
704) 418376601, 
705) 419008571, 
706) 419418308, 
707) 420514152, 
708) 420592188, 
709) 421142157, 
710) 422974652, 
711) 423200394, 
712) 423603403, 
713) 425119010, 
714) 425428732, 
715) 425710599, 
716) 426317994, 
717) 426399932, 
718) 427260383, 
719) 427367025, 
720) 428891918, 
721) 431484605, 
722) 431736520, 
723) 432045598, 
724) 432475303, 
725) 432590212, 
726) 433495487, 
727) 434271842, 
728) 435023076, 
729) 435214793, 
730) 435383107, 
731) 435863140, 
732) 436953132, 
733) 437246110, 
734) 437812141, 
735) 438562358, 
736) 438563527, 
737) 438572546, 
738) 438962549, 
739) 438970601, 
740) 439338204, 
741) 439399522, 
742) 439739076, 
743) 440757368, 
744) 441030027, 
745) 441625732, 
746) 442032956, 
747) 444068753, 
748) 444774206, 
749) 444918143, 
750) 444925793, 
751) 446380205, 
752) 447373088, 
753) 448096668, 
754) 449716081, 
755) 449751861, 
756) 449944892, 
757) 450204054, 
758) 450287082, 
759) 450295805, 
760) 450974904, 
761) 451057651, 
762) 451217667, 
763) 451629828, 
764) 451698827, 
765) 452292989, 
766) 452374030, 
767) 456883210, 
768) 458000847, 
769) 458462043, 
770) 458771562, 
771) 459405543, 
772) 459635463, 
773) 459727609, 
774) 461265518, 
775) 461875530, 
776) 462025241, 
777) 462296676, 
778) 462326105, 
779) 462810053, 
780) 463325963, 
781) 463898539, 
782) 464101514, 
783) 464205909, 
784) 464295895, 
785) 464960372, 
786) 466620833, 
787) 466698234, 
788) 467372457, 
789) 468170495, 
790) 468323936, 
791) 468594650, 
792) 468651843, 
793) 469314239, 
794) 470259763, 
795) 472050924, 
796) 472181449, 
797) 473232685, 
798) 473834456, 
799) 475138811, 
800) 475630795, 
801) 476139792, 
802) 476224933, 
803) 476327405, 
804) 477369080, 
805) 478376168, 
806) 478522934, 
807) 478665172, 
808) 478776082, 
809) 479302708, 
810) 479471196, 
811) 480233167, 
812) 482031209, 
813) 482117132, 
814) 482536356, 
815) 484325219, 
816) 485414450, 
817) 487567235, 
818) 488124434, 
819) 488486400, 
820) 488835036, 
821) 488930757, 
822) 490568771, 
823) 490789922, 
824) 490858372, 
825) 491590549, 
826) 492112337, 
827) 493502291, 
828) 494665851, 
829) 494799525, 
830) 496915656, 
831) 497350881, 
832) 499504341, 
833) 499930614, 
834) 499963863, 
835) 501254871, 
836) 502114133, 
837) 502319738, 
838) 502384412, 
839) 503899654, 
840) 504104200, 
841) 504970170, 
842) 505170905, 
843) 505474397, 
844) 505965471, 
845) 506849299, 
846) 508098564, 
847) 509599794, 
848) 510016331, 
849) 512483374, 
850) 512491532, 
851) 512768449, 
852) 514077592, 
853) 514198602, 
854) 514846760, 
855) 516569492, 
856) 516668234, 
857) 516885441, 
858) 518181981, 
859) 518972770, 
860) 519389912, 
861) 519779286, 
862) 520824770, 
863) 521030076, 
864) 521276824, 
865) 521473657, 
866) 522476304, 
867) 522630360, 
868) 522900494, 
869) 523774080, 
870) 524310249, 
871) 524373084, 
872) 524727953, 
873) 525603111, 
874) 526260573, 
875) 527387430, 
876) 527522773, 
877) 528653340, 
878) 529115518, 
879) 531183685, 
880) 532862913, 
881) 534112248, 
882) 534137990, 
883) 534421990, 
884) 534548173, 
885) 534922972, 
886) 535328481, 
887) 536428251, 
888) 536654612, 
889) 537428325, 
890) 537454014, 
891) 537780449, 
892) 540579394, 
893) 541573715, 
894) 541943899, 
895) 542555661, 
896) 542556623, 
897) 542676170, 
898) 542785174, 
899) 542827009, 
900) 542929039, 
901) 543143553, 
902) 543242982, 
903) 543393947, 
904) 543940833, 
905) 544004313, 
906) 546012301, 
907) 546280062, 
908) 546820567, 
909) 547442664, 
910) 547466971, 
911) 548190607, 
912) 548318527, 
913) 548576175, 
914) 548590571, 
915) 548759518, 
916) 549250827, 
917) 549328176, 
918) 549901640, 
919) 550510924, 
920) 550880169, 
921) 551536518, 
922) 551830333, 
923) 552093274, 
924) 553046159, 
925) 553325284, 
926) 554550368, 
927) 555834791, 
928) 555882002, 
929) 557246689, 
930) 557306443, 
931) 558065383, 
932) 558334380, 
933) 559352263, 
934) 559760457, 
935) 560292048, 
936) 560930174, 
937) 561834961, 
938) 561911144, 
939) 561918319, 
940) 564297736, 
941) 564798341, 
942) 564909531, 
943) 568878047, 
944) 569238338, 
945) 569356905, 
946) 569635031, 
947) 571467069, 
948) 572609174, 
949) 573200916, 
950) 573347437, 
951) 573964793, 
952) 575131998, 
953) 576281272, 
954) 578853771, 
955) 579245885, 
956) 579284309, 
957) 579454070, 
958) 579475471, 
959) 580465901, 
960) 581265046, 
961) 581533647, 
962) 583080605, 
963) 583151761, 
964) 583265274, 
965) 583849277, 
966) 583912816, 
967) 584720108, 
968) 585057962, 
969) 586925642, 
970) 587157902, 
971) 588007897, 
972) 588100975, 
973) 588332693, 
974) 589012173, 
975) 589049079, 
976) 589338445, 
977) 589806437, 
978) 589875228, 
979) 590395436, 
980) 591481030, 
981) 591887586, 
982) 591945179, 
983) 592082359, 
984) 593176367, 
985) 594259296, 
986) 594301783, 
987) 594670586, 
988) 594824664, 
989) 594912345, 
990) 595688865, 
991) 596386178, 
992) 596447679, 
993) 596673579, 
994) 598011261, 
995) 598826765, 
996) 600331189, 
997) 600438962, 
998) 600558895, 
999) 600861522, 
1000) 600892981, 
1001) 602541518, 
1002) 603302108, 
1003) 604353538, 
1004) 605697949, 
1005) 606235365, 
1006) 606531816, 
1007) 606636593, 
1008) 606870896, 
1009) 607829774, 
1010) 608265460, 
1011) 608534895, 
1012) 609460123, 
1013) 610466198, 
1014) 610831570, 
1015) 611048143, 
1016) 611263533, 
1017) 611954448, 
1018) 612303439, 
1019) 613322874, 
1020) 613449375, 
1021) 615665021, 
1022) 616097992, 
1023) 616273761, 
1024) 617222683, 
1025) 617572584, 
1026) 617595326, 
1027) 618094768, 
1028) 618425788, 
1029) 618434420, 
1030) 621355574, 
1031) 621550984, 
1032) 621635041, 
1033) 621875348, 
1034) 623194238, 
1035) 623229332, 
1036) 623460087, 
1037) 624333547, 
1038) 625629608, 
1039) 625790258, 
1040) 625851848, 
1041) 626475640, 
1042) 628086436, 
1043) 628901768, 
1044) 629162631, 
1045) 631052278, 
1046) 631262984, 
1047) 632475951, 
1048) 633153481, 
1049) 633216813, 
1050) 633399055, 
1051) 633638004, 
1052) 635573219, 
1053) 636087979, 
1054) 636940260, 
1055) 637235298, 
1056) 637623540, 
1057) 638524595, 
1058) 638570900, 
1059) 639731785, 
1060) 639896584, 
1061) 639913963, 
1062) 640046330, 
1063) 640381301, 
1064) 640555919, 
1065) 640590118, 
1066) 640744755, 
1067) 640762556, 
1068) 641189108, 
1069) 641382366, 
1070) 641798242, 
1071) 642098303, 
1072) 642276593, 
1073) 642951654, 
1074) 642964997, 
1075) 644427736, 
1076) 644576360, 
1077) 644937096, 
1078) 645431971, 
1079) 645609776, 
1080) 647862214, 
1081) 648292395, 
1082) 648744868, 
1083) 649229692, 
1084) 649326775, 
1085) 650276242, 
1086) 651405784, 
1087) 652625325, 
1088) 652654889, 
1089) 655659386, 
1090) 656287073, 
1091) 656383043, 
1092) 657013160, 
1093) 657126054, 
1094) 657371704, 
1095) 657735882, 
1096) 657870641, 
1097) 658008994, 
1098) 658371887, 
1099) 658569000, 
1100) 658569634, 
1101) 658666317, 
1102) 658700882, 
1103) 658830007, 
1104) 659791785, 
1105) 659883445, 
1106) 661875691, 
1107) 662680891, 
1108) 663692220, 
1109) 664323859, 
1110) 665888120, 
1111) 666936976, 
1112) 667154476, 
1113) 667290807, 
1114) 667404203, 
1115) 668183262, 
1116) 668241358, 
1117) 668394857, 
1118) 668880866, 
1119) 669276981, 
1120) 669693654, 
1121) 670749383, 
1122) 672020058, 
1123) 672061396, 
1124) 672440751, 
1125) 672495292, 
1126) 672515032, 
1127) 673893023, 
1128) 673942980, 
1129) 674257900, 
1130) 674632085, 
1131) 675442596, 
1132) 675790640, 
1133) 675860881, 
1134) 676016642, 
1135) 676129107, 
1136) 676355798, 
1137) 676712524, 
1138) 678039497, 
1139) 678085163, 
1140) 679018976, 
1141) 679209711, 
1142) 679435629, 
1143) 680232759, 
1144) 681073672, 
1145) 681808502, 
1146) 682426049, 
1147) 682832449, 
1148) 683143605, 
1149) 683658441, 
1150) 683683026, 
1151) 683716665, 
1152) 683721843, 
1153) 685275743, 
1154) 685450120, 
1155) 687423279, 
1156) 687552945, 
1157) 688338650, 
1158) 688920534, 
1159) 688961865, 
1160) 689031545, 
1161) 690685806, 
1162) 690934748, 
1163) 691366902, 
1164) 691735746, 
1165) 692295622, 
1166) 692884594, 
1167) 693894894, 
1168) 694344339, 
1169) 694688507, 
1170) 694980508, 
1171) 695208038, 
1172) 695441775, 
1173) 695671694, 
1174) 696116936, 
1175) 696723214, 
1176) 697604319, 
1177) 697995371, 
1178) 698125235, 
1179) 698159922, 
1180) 698448448, 
1181) 698595783, 
1182) 698769798, 
1183) 700139564, 
1184) 701173721, 
1185) 701627212, 
1186) 702056799, 
1187) 702821664, 
1188) 703001477, 
1189) 703267835, 
1190) 703717308, 
1191) 703735044, 
1192) 704667168, 
1193) 705504603, 
1194) 705600868, 
1195) 705779257, 
1196) 705781983, 
1197) 708530704, 
1198) 708939022, 
1199) 709457714, 
1200) 711589766, 
1201) 711704846, 
1202) 711800335, 
1203) 712719513, 
1204) 713682304, 
1205) 714664086, 
1206) 715908380, 
1207) 717531391, 
1208) 717950262, 
1209) 718390950, 
1210) 721178726, 
1211) 721512522, 
1212) 722059979, 
1213) 722135293, 
1214) 722473743, 
1215) 723101967, 
1216) 723447525, 
1217) 723665481, 
1218) 724275272, 
1219) 724346876, 
1220) 724728587, 
1221) 725486676, 
1222) 725673508, 
1223) 726311528, 
1224) 726553778, 
1225) 726937554, 
1226) 727927316, 
1227) 728003593, 
1228) 728188976, 
1229) 728650934, 
1230) 730639715, 
1231) 730831815, 
1232) 731186732, 
1233) 731519302, 
1234) 731535780, 
1235) 732219912, 
1236) 732803693, 
1237) 733413384, 
1238) 733545101, 
1239) 733863898, 
1240) 734016883, 
1241) 735015949, 
1242) 736608025, 
1243) 736697834, 
1244) 736961496, 
1245) 737058750, 
1246) 737081604, 
1247) 737294436, 
1248) 737322918, 
1249) 737599256, 
1250) 738723340, 
1251) 739468421, 
1252) 741067237, 
1253) 741875428, 
1254) 742040268, 
1255) 742128202, 
1256) 742297803, 
1257) 742865462, 
1258) 743481196, 
1259) 743930451, 
1260) 744062401, 
1261) 745231129, 
1262) 745420350, 
1263) 745823084, 
1264) 746998100, 
1265) 747080871, 
1266) 750073980, 
1267) 750204650, 
1268) 751512091, 
1269) 751552120, 
1270) 752446588, 
1271) 753536315, 
1272) 754102950, 
1273) 754434647, 
1274) 754817605, 
1275) 755637253, 
1276) 757955756, 
1277) 758341694, 
1278) 758647978, 
1279) 758846650, 
1280) 759227289, 
1281) 761303618, 
1282) 761511860, 
1283) 761998205, 
1284) 762129222, 
1285) 763571355, 
1286) 764206105, 
1287) 764611441, 
1288) 765039285, 
1289) 765645064, 
1290) 765790338, 
1291) 766026795, 
1292) 766240926, 
1293) 766276939, 
1294) 766677928, 
1295) 768184118, 
1296) 768613874, 
1297) 769110892, 
1298) 770047688, 
1299) 770493821, 
1300) 773236592, 
1301) 773500824, 
1302) 774839620, 
1303) 774895206, 
1304) 775639115, 
1305) 776126570, 
1306) 776774139, 
1307) 777673313, 
1308) 778350779, 
1309) 779753439, 
1310) 779884265, 
1311) 780322286, 
1312) 782745441, 
1313) 783809667, 
1314) 784120961, 
1315) 784493340, 
1316) 784662368, 
1317) 784982596, 
1318) 785505759, 
1319) 786033563, 
1320) 786987391, 
1321) 787152290, 
1322) 788450089, 
1323) 788944587, 
1324) 790368749, 
1325) 790688081, 
1326) 791936105, 
1327) 792042712, 
1328) 792439647, 
1329) 792930612, 
1330) 793060189, 
1331) 793303648, 
1332) 793617401, 
1333) 793803559, 
1334) 794623694, 
1335) 794836555, 
1336) 794966910, 
1337) 795348149, 
1338) 796408331, 
1339) 797050013, 
1340) 799216495, 
1341) 799527334, 
1342) 799766030, 
1343) 800039389, 
1344) 800809283, 
1345) 801090784, 
1346) 801165949, 
1347) 803252909, 
1348) 803801400, 
1349) 804161975, 
1350) 804222562, 
1351) 804625974, 
1352) 806432325, 
1353) 806801713, 
1354) 808196812, 
1355) 809249709, 
1356) 809690502, 
1357) 809762263, 
1358) 809837988, 
1359) 811746617, 
1360) 812214751, 
1361) 812470499, 
1362) 812540981, 
1363) 813482588, 
1364) 813557216, 
1365) 814376244, 
1366) 816619952, 
1367) 817525671, 
1368) 817595303, 
1369) 817636502, 
1370) 817692122, 
1371) 818306790, 
1372) 818378431, 
1373) 822217486, 
1374) 822728348, 
1375) 822875962, 
1376) 823794012, 
1377) 823858315, 
1378) 824950026, 
1379) 825083263, 
1380) 825399245, 
1381) 825748701, 
1382) 825892996, 
1383) 826633602, 
1384) 827941728, 
1385) 828911632, 
1386) 829548670, 
1387) 830009834, 
1388) 830655645, 
1389) 830981855, 
1390) 831504768, 
1391) 832163878, 
1392) 832359274, 
1393) 832786564, 
1394) 834003645, 
1395) 834490724, 
1396) 834869559, 
1397) 834997961, 
1398) 835466643, 
1399) 836476388, 
1400) 836639305, 
1401) 836716123, 
1402) 838564882, 
1403) 839278909, 
1404) 839321596, 
1405) 839355709, 
1406) 839736389, 
1407) 839796063, 
1408) 840734921, 
1409) 841767293, 
1410) 842010996, 
1411) 842463730, 
1412) 842468931, 
1413) 843786016, 
1414) 843861349, 
1415) 844747666, 
1416) 844790940, 
1417) 845843743, 
1418) 845854064, 
1419) 845899225, 
1420) 846754982, 
1421) 846866484, 
1422) 847643085, 
1423) 849322135, 
1424) 850090781, 
1425) 850398608, 
1426) 852005578, 
1427) 852268511, 
1428) 852923890, 
1429) 853976079, 
1430) 854322595, 
1431) 854508730, 
1432) 854558215, 
1433) 855305072, 
1434) 856699245, 
1435) 857925833, 
1436) 858783738, 
1437) 859624833, 
1438) 859762140, 
1439) 859818769, 
1440) 860671078, 
1441) 861827169, 
1442) 862416123, 
1443) 862543835, 
1444) 862738337, 
1445) 863191180, 
1446) 863345204, 
1447) 864524682, 
1448) 864698190, 
1449) 865371987, 
1450) 865856000, 
1451) 865878483, 
1452) 865900421, 
1453) 866296788, 
1454) 867530300, 
1455) 867840532, 
1456) 867991939, 
1457) 868525816, 
1458) 870471942, 
1459) 870698222, 
1460) 871142529, 
1461) 871211342, 
1462) 871786405, 
1463) 872106258, 
1464) 873339087, 
1465) 873445110, 
1466) 873912563, 
1467) 874051270, 
1468) 875914315, 
1469) 876378293, 
1470) 876579512, 
1471) 877577276, 
1472) 878263624, 
1473) 878610587, 
1474) 878896360, 
1475) 879528235, 
1476) 880191609, 
1477) 880680168, 
1478) 881276771, 
1479) 881727630, 
1480) 882150900, 
1481) 882280689, 
1482) 882983528, 
1483) 883609394, 
1484) 884005136, 
1485) 884285002, 
1486) 884667864, 
1487) 884852039, 
1488) 885105872, 
1489) 885536985, 
1490) 886716554, 
1491) 886806326, 
1492) 887991768, 
1493) 888191370, 
1494) 889961992, 
1495) 890124308, 
1496) 891063996, 
1497) 893466614, 
1498) 894537917, 
1499) 894723075, 
1500) 895178071, 
1501) 895899800, 
1502) 896412067, 
1503) 898681398, 
1504) 899074243, 
1505) 899343481, 
1506) 901761875, 
1507) 902434939, 
1508) 904361616, 
1509) 905074757, 
1510) 906932375, 
1511) 907288001, 
1512) 907566441, 
1513) 908399899, 
1514) 908502782, 
1515) 908892020, 
1516) 909139327, 
1517) 909186995, 
1518) 909418346, 
1519) 909448535, 
1520) 909627908, 
1521) 909870775, 
1522) 912059476, 
1523) 912790632, 
1524) 913890707, 
1525) 915497244, 
1526) 916086006, 
1527) 916925137, 
1528) 917153756, 
1529) 917215044, 
1530) 917595417, 
1531) 918001822, 
1532) 918384691, 
1533) 918903582, 
1534) 919858982, 
1535) 920404482, 
1536) 920729404, 
1537) 921175682, 
1538) 921390241, 
1539) 922437385, 
1540) 922721968, 
1541) 925383333, 
1542) 925776655, 
1543) 925949092, 
1544) 926203740, 
1545) 927006857, 
1546) 927580086, 
1547) 928578807, 
1548) 929070244, 
1549) 929831128, 
1550) 930837097, 
1551) 930850131, 
1552) 931834106, 
1553) 931859211, 
1554) 932141474, 
1555) 932196656, 
1556) 932608481, 
1557) 932640305, 
1558) 933794800, 
1559) 934745380, 
1560) 934888220, 
1561) 935510021, 
1562) 935937640, 
1563) 936428827, 
1564) 937281536, 
1565) 937530548, 
1566) 937923610, 
1567) 937931474, 
1568) 938592050, 
1569) 938639093, 
1570) 940212563, 
1571) 940379006, 
1572) 940396183, 
1573) 940399495, 
1574) 940547852, 
1575) 942380722, 
1576) 944484196, 
1577) 945334694, 
1578) 945424206, 
1579) 945702356, 
1580) 946164766, 
1581) 946975278, 
1582) 947048968, 
1583) 947768777, 
1584) 947897753, 
1585) 948373630, 
1586) 948506110, 
1587) 949303639, 
1588) 950791162, 
1589) 951185027, 
1590) 951499850, 
1591) 951696074, 
1592) 951829542, 
1593) 951852806, 
1594) 952039645, 
1595) 953120758, 
1596) 953170100, 
1597) 953351322, 
1598) 953489172, 
1599) 955059206, 
1600) 955110721, 
1601) 956105020, 
1602) 956244754, 
1603) 956345963, 
1604) 956473023, 
1605) 956507905, 
1606) 957299113, 
1607) 957574905, 
1608) 958346427, 
1609) 958713330, 
1610) 959059907, 
1611) 959235597, 
1612) 960386728, 
1613) 961870345, 
1614) 962800811, 
1615) 962972610, 
1616) 963183582, 
1617) 963625916, 
1618) 964057421, 
1619) 964199384, 
1620) 964540232, 
1621) 964599311, 
1622) 964852235, 
1623) 965139566, 
1624) 968001812, 
1625) 969399628, 
1626) 969431473, 
1627) 971822160, 
1628) 973029845, 
1629) 974059380, 
1630) 974554647, 
1631) 974782644, 
1632) 976155175, 
1633) 976310732, 
1634) 977438474, 
1635) 977744992, 
1636) 977870147, 
1637) 978304436, 
1638) 979176133, 
1639) 979421232, 
1640) 980239555, 
1641) 980253146, 
1642) 980554791, 
1643) 981784775, 
1644) 982030895, 
1645) 982888346, 
1646) 983267306, 
1647) 983492011, 
1648) 983933610, 
1649) 983970729, 
1650) 985199821, 
1651) 987184577, 
1652) 987247025, 
1653) 987310650, 
1654) 987755060, 
1655) 988415345, 
1656) 988821803, 
1657) 989294973, 
1658) 989622810, 
1659) 990003204, 
1660) 990040318, 
1661) 990792157, 
1662) 990979464, 
1663) 991048117, 
1664) 991463627, 
1665) 992699371, 
1666) 992789132, 
1667) 992806534, 
1668) 993458306, 
1669) 993875389, 
1670) 994034721, 
1671) 994179497, 
1672) 994260550, 
1673) 994426222, 
1674) 994680155, 
1675) 994906316, 
1676) 995105972, 
1677) 995147166, 
1678) 995583913, 
1679) 996548663, 
1680) 997857799, 
1681) 999682400, 
1682) 1000149312, 
1683) 1000568703, 
1684) 1000710544, 
1685) 1000716826, 
1686) 1001361639, 
1687) 1002218375, 
1688) 1002280808, 
1689) 1002572535, 
1690) 1003831194, 
1691) 1004031759, 
1692) 1004712082, 
1693) 1006652580, 
1694) 1006804512, 
1695) 1007453542, 
1696) 1007701099, 
1697) 1008326647, 
1698) 1009811525, 
1699) 1010767517, 
1700) 1010836450, 
1701) 1011029150, 
1702) 1011927941, 
1703) 1012379029, 
1704) 1012419720, 
1705) 1013633837, 
1706) 1013653147, 
1707) 1014075906, 
1708) 1014530580, 
1709) 1015939530, 
1710) 1017192869, 
1711) 1017356483, 
1712) 1017360187, 
1713) 1018686471, 
1714) 1018878414, 
1715) 1019846312, 
1716) 1020421528, 
1717) 1020884276, 
1718) 1021234949, 
1719) 1022116215, 
1720) 1022402973, 
1721) 1022680478, 
1722) 1024052487, 
1723) 1024140588, 
1724) 1024152096, 
1725) 1025040876, 
1726) 1025073818, 
1727) 1025101164, 
1728) 1025160565, 
1729) 1026521164, 
1730) 1026540326, 
1731) 1026644150, 
1732) 1026961251, 
1733) 1027092579, 
1734) 1027446499, 
1735) 1027794992, 
1736) 1028498696, 
1737) 1029146875, 
1738) 1029468669, 
1739) 1029760907, 
1740) 1030170214, 
1741) 1030258622, 
1742) 1031196542, 
1743) 1031550790, 
1744) 1032196589, 
1745) 1034454052, 
1746) 1034799868, 
1747) 1034806603, 
1748) 1034888490, 
1749) 1036721677, 
1750) 1037496883, 
1751) 1037525443, 
1752) 1038941419, 
1753) 1038942003, 
1754) 1039129905, 
1755) 1039489109, 
1756) 1040001558, 
1757) 1040200367, 
1758) 1041094322, 
1759) 1041818841, 
1760) 1042448410, 
1761) 1042747119, 
1762) 1043205215, 
1763) 1043813886, 
1764) 1044798125, 
1765) 1046318242, 
1766) 1046415027, 
1767) 1047176174, 
1768) 1047350780, 
1769) 1047894908, 
1770) 1049727396, 
1771) 1050076369, 
1772) 1050268214, 
1773) 1050458979, 
1774) 1052169228, 
1775) 1052193710, 
1776) 1052562595, 
1777) 1052600182, 
1778) 1052750831, 
1779) 1052951880, 
1780) 1053452467, 
1781) 1054845948, 
1782) 1054849386, 
1783) 1055031471, 
1784) 1055304990, 
1785) 1056790022, 
1786) 1057113530, 
1787) 1057522478, 
1788) 1058112916, 
1789) 1058704595, 
1790) 1059891715, 
1791) 1059987451, 
1792) 1060327369, 
1793) 1060734515, 
1794) 1060947602, 
1795) 1062435761, 
1796) 1062572596, 
1797) 1062695574, 
1798) 1063704678, 
1799) 1064301980, 
1800) 1065241080, 
1801) 1066692556, 
1802) 1067328262, 
1803) 1067987236, 
1804) 1069515783, 
1805) 1069860496, 
1806) 1070469181, 
1807) 1070559998, 
1808) 1070634304, 
1809) 1070715564, 
1810) 1071240662, 
1811) 1071474534, 
1812) 1072101083, 
1813) 1072799005, 
1814) 1073428232, 
1815) 1073664446, 
1816) 1073897137, 
1817) 1074053242, 
1818) 1074819508, 
1819) 1075843130, 
1820) 1076184953, 
1821) 1077755979, 
1822) 1078578890, 
1823) 1078903520, 
1824) 1078938948, 
1825) 1079041677, 
1826) 1079410699, 
1827) 1079601041, 
1828) 1080083496, 
1829) 1080117289, 
1830) 1081302318, 
1831) 1082141824, 
1832) 1083226664, 
1833) 1083368383, 
1834) 1084250105, 
1835) 1084360990, 
1836) 1084402076, 
1837) 1084428712, 
1838) 1084654198, 
1839) 1084907985, 
1840) 1085469929, 
1841) 1085498989, 
1842) 1085889388, 
1843) 1086354163, 
1844) 1086378835, 
1845) 1086627593, 
1846) 1086734093, 
1847) 1087336430, 
1848) 1087617327, 
1849) 1088047842, 
1850) 1088073876, 
1851) 1088449806, 
1852) 1088560316, 
1853) 1089650483, 
1854) 1089694298, 
1855) 1090020639, 
1856) 1090140381, 
1857) 1090713170, 
1858) 1091135303, 
1859) 1091144406, 
1860) 1093617139, 
1861) 1094435632, 
1862) 1096454244, 
1863) 1096659711, 
1864) 1096989664, 
1865) 1097796462, 
1866) 1098153884, 
1867) 1098365750, 
1868) 1098371511, 
1869) 1098638482, 
1870) 1099557550, 
1871) 1099686395, 
1872) 1099891666, 
1873) 1099984145, 
1874) 1100343196, 
1875) 1101152828, 
1876) 1103212229, 
1877) 1103299299, 
1878) 1104353616, 
1879) 1104629526, 
1880) 1105516254, 
1881) 1109612826, 
1882) 1109753416, 
1883) 1110135785, 
1884) 1110140679, 
1885) 1110426653, 
1886) 1110522864, 
1887) 1110838052, 
1888) 1112983672, 
1889) 1113512310, 
1890) 1113532682, 
1891) 1114012849, 
1892) 1115376918, 
1893) 1116281825, 
1894) 1116398415, 
1895) 1116929180, 
1896) 1117250318, 
1897) 1117330414, 
1898) 1119067216, 
1899) 1122349804, 
1900) 1122914136, 
1901) 1124970866, 
1902) 1125312509, 
1903) 1125611871, 
1904) 1126499174, 
1905) 1126550112, 
1906) 1126875796, 
1907) 1127341291, 
1908) 1127590458, 
1909) 1127617233, 
1910) 1127683508, 
1911) 1128100638, 
1912) 1128616277, 
1913) 1128739336, 
1914) 1128943405, 
1915) 1130116059, 
1916) 1130688420, 
1917) 1131469167, 
1918) 1131888143, 
1919) 1132161182, 
1920) 1132598502, 
1921) 1132710870, 
1922) 1133237944, 
1923) 1133884030, 
1924) 1134500322, 
1925) 1135786206, 
1926) 1136402701, 
1927) 1136837144, 
1928) 1137116611, 
1929) 1137288097, 
1930) 1138748752, 
1931) 1139115045, 
1932) 1139520199, 
1933) 1140161019, 
1934) 1141004327, 
1935) 1141050800, 
1936) 1141497509, 
1937) 1141578698, 
1938) 1141974665, 
1939) 1142254404, 
1940) 1142505143, 
1941) 1145169479, 
1942) 1145397707, 
1943) 1146788302, 
1944) 1147592055, 
1945) 1148342881, 
1946) 1149062255, 
1947) 1149733541, 
1948) 1150275760, 
1949) 1150307564, 
1950) 1151625914, 
1951) 1152741386, 
1952) 1152838010, 
1953) 1153138487, 
1954) 1153417009, 
1955) 1153522362, 
1956) 1155999883, 
1957) 1156546044, 
1958) 1156574507, 
1959) 1156914492, 
1960) 1157102986, 
1961) 1157805098, 
1962) 1160740556, 
1963) 1161171863, 
1964) 1162152915, 
1965) 1163410133, 
1966) 1164057659, 
1967) 1165147417, 
1968) 1165160790, 
1969) 1165346495, 
1970) 1166598636, 
1971) 1166973882, 
1972) 1167335478, 
1973) 1167855957, 
1974) 1168518020, 
1975) 1168565764, 
1976) 1169916029, 
1977) 1170607086, 
1978) 1170767706, 
1979) 1171714528, 
1980) 1172752117, 
1981) 1173163991, 
1982) 1174950524, 
1983) 1174991170, 
1984) 1175129774, 
1985) 1175650557, 
1986) 1175742859, 
1987) 1176858230, 
1988) 1177714276, 
1989) 1178983610, 
1990) 1179520092, 
1991) 1180212797, 
1992) 1180971269, 
1993) 1181568658, 
1994) 1182093014, 
1995) 1182502921, 
1996) 1183042152, 
1997) 1183066785, 
1998) 1183173636, 
1999) 1183747853, 
2000) 1183979221, 
2001) 1184773672, 
2002) 1185120409, 
2003) 1185752453, 
2004) 1186878028, 
2005) 1188757720, 
2006) 1189052718, 
2007) 1189279845, 
2008) 1191829723, 
2009) 1194327842, 
2010) 1194542795, 
2011) 1195210530, 
2012) 1195437590, 
2013) 1195603824, 
2014) 1196479230, 
2015) 1197805359, 
2016) 1198700272, 
2017) 1200588361, 
2018) 1201071110, 
2019) 1202480439, 
2020) 1203069842, 
2021) 1204517262, 
2022) 1208882817, 
2023) 1208944050, 
2024) 1209288402, 
2025) 1209376029, 
2026) 1209441508, 
2027) 1209542386, 
2028) 1209695466, 
2029) 1210024844, 
2030) 1212424551, 
2031) 1212538555, 
2032) 1212805458, 
2033) 1213551232, 
2034) 1213685626, 
2035) 1214739923, 
2036) 1215565705, 
2037) 1215740781, 
2038) 1216576596, 
2039) 1216866819, 
2040) 1216962271, 
2041) 1217384296, 
2042) 1219389153, 
2043) 1220559406, 
2044) 1220635100, 
2045) 1220864068, 
2046) 1221203857, 
2047) 1223685147, 
2048) 1223997135, 
2049) 1224506728, 
2050) 1225164571, 
2051) 1226154109, 
2052) 1227018500, 
2053) 1228122025, 
2054) 1228784216, 
2055) 1228816727, 
2056) 1228919191, 
2057) 1230174357, 
2058) 1230634448, 
2059) 1231106583, 
2060) 1231164107, 
2061) 1234231787, 
2062) 1235040275, 
2063) 1235098675, 
2064) 1235423877, 
2065) 1235526294, 
2066) 1235685060, 
2067) 1235707514, 
2068) 1235713674, 
2069) 1236022614, 
2070) 1236734069, 
2071) 1237460391, 
2072) 1238369950, 
2073) 1238438767, 
2074) 1239051308, 
2075) 1239196798, 
2076) 1239215745, 
2077) 1240037396, 
2078) 1240120956, 
2079) 1240750204, 
2080) 1241154229, 
2081) 1241430729, 
2082) 1242361940, 
2083) 1242859703, 
2084) 1243039581, 
2085) 1243261053, 
2086) 1244125078, 
2087) 1244344172, 
2088) 1244642246, 
2089) 1244950929, 
2090) 1245295927, 
2091) 1246368794, 
2092) 1246457075, 
2093) 1246753701, 
2094) 1247875917, 
2095) 1248568736, 
2096) 1248841068, 
2097) 1249074380, 
2098) 1249769559, 
2099) 1250010287, 
2100) 1250489628, 
2101) 1251461420, 
2102) 1251811632, 
2103) 1251882079, 
2104) 1252236034, 
2105) 1252888519, 
2106) 1252900207, 
2107) 1253565594, 
2108) 1253591048, 
2109) 1254022283, 
2110) 1254627835, 
2111) 1255435636, 
2112) 1255436766, 
2113) 1257563064, 
2114) 1257810712, 
2115) 1258936545, 
2116) 1261500775, 
2117) 1262430050, 
2118) 1262804796, 
2119) 1263148230, 
2120) 1264754044, 
2121) 1264843176, 
2122) 1265538244, 
2123) 1265638038, 
2124) 1265660566, 
2125) 1265707265, 
2126) 1265715096, 
2127) 1265777570, 
2128) 1266157145, 
2129) 1267887922, 
2130) 1268133192, 
2131) 1268389020, 
2132) 1268396280, 
2133) 1268857746, 
2134) 1270967398, 
2135) 1271182140, 
2136) 1272178724, 
2137) 1272394811, 
2138) 1273339468, 
2139) 1273543309, 
2140) 1273960632, 
2141) 1274314853, 
2142) 1276789933, 
2143) 1276916565, 
2144) 1277707982, 
2145) 1277983857, 
2146) 1278406381, 
2147) 1278978686, 
2148) 1279756713, 
2149) 1280267378, 
2150) 1280842772, 
2151) 1281177554, 
2152) 1281183206, 
2153) 1281933860, 
2154) 1282637904, 
2155) 1283049662, 
2156) 1283145958, 
2157) 1285211947, 
2158) 1285602730, 
2159) 1286992614, 
2160) 1287003064, 
2161) 1287871447, 
2162) 1288055603, 
2163) 1288066667, 
2164) 1289307844, 
2165) 1289351473, 
2166) 1291314017, 
2167) 1291721956, 
2168) 1291910145, 
2169) 1292327219, 
2170) 1293413202, 
2171) 1293801282, 
2172) 1294355607, 
2173) 1294458872, 
2174) 1294965773, 
2175) 1295987294, 
2176) 1296064969, 
2177) 1296848809, 
2178) 1298189963, 
2179) 1299430926, 
2180) 1299609533, 
2181) 1299805262, 
2182) 1301426899, 
2183) 1301790047, 
2184) 1302369085, 
2185) 1303356174, 
2186) 1303578018, 
2187) 1303623437, 
2188) 1304575467, 
2189) 1305145572, 
2190) 1305948860, 
2191) 1306319185, 
2192) 1306394804, 
2193) 1306856341, 
2194) 1307046691, 
2195) 1307465664, 
2196) 1307675295, 
2197) 1308003699, 
2198) 1308531559, 
2199) 1309102741, 
2200) 1309591979, 
2201) 1310312316, 
2202) 1311669324, 
2203) 1311982258, 
2204) 1312293140, 
2205) 1312535297, 
2206) 1313662546, 
2207) 1314346189, 
2208) 1315675827, 
2209) 1315785546, 
2210) 1316827530, 
2211) 1316951155, 
2212) 1317159730, 
2213) 1317243397, 
2214) 1317837587, 
2215) 1318586705, 
2216) 1318795663, 
2217) 1318907937, 
2218) 1318998049, 
2219) 1319936385, 
2220) 1320986725, 
2221) 1321005898, 
2222) 1322427891, 
2223) 1323140479, 
2224) 1324369056, 
2225) 1326280828, 
2226) 1326887090, 
2227) 1327815486, 
2228) 1328565356, 
2229) 1329791855, 
2230) 1329931047, 
2231) 1330084793, 
2232) 1330158973, 
2233) 1330814965, 
2234) 1331170069, 
2235) 1331490030, 
2236) 1332594899, 
2237) 1333177726, 
2238) 1333402145, 
2239) 1333968600, 
2240) 1334462004, 
2241) 1334611893, 
2242) 1335349609, 
2243) 1335641152, 
2244) 1336224046, 
2245) 1336273607, 
2246) 1336704359, 
2247) 1336948111, 
2248) 1337068924, 
2249) 1337163386, 
2250) 1337953118, 
2251) 1337955352, 
2252) 1338332713, 
2253) 1339446783, 
2254) 1339615424, 
2255) 1340417823, 
2256) 1341129963, 
2257) 1341891533, 
2258) 1342722160, 
2259) 1342758551, 
2260) 1342829163, 
2261) 1342954062, 
2262) 1343206015, 
2263) 1343502220, 
2264) 1343925069, 
2265) 1343951102, 
2266) 1345271739, 
2267) 1345337049, 
2268) 1345372173, 
2269) 1345673018, 
2270) 1345920147, 
2271) 1347330520, 
2272) 1347340059, 
2273) 1348622761, 
2274) 1351109899, 
2275) 1351366732, 
2276) 1352770613, 
2277) 1353142305, 
2278) 1353248458, 
2279) 1353568122, 
2280) 1353902229, 
2281) 1354642751, 
2282) 1355706489, 
2283) 1357383450, 
2284) 1358025659, 
2285) 1358064787, 
2286) 1358611931, 
2287) 1359078534, 
2288) 1360154623, 
2289) 1360182979, 
2290) 1360347149, 
2291) 1360657643, 
2292) 1361540647, 
2293) 1362290832, 
2294) 1362302021, 
2295) 1362376764, 
2296) 1362390485, 
2297) 1362578289, 
2298) 1363049205, 
2299) 1363478014, 
2300) 1363712274, 
2301) 1363908389, 
2302) 1365277393, 
2303) 1366122642, 
2304) 1366813505, 
2305) 1367932347, 
2306) 1368163413, 
2307) 1369063507, 
2308) 1369445922, 
2309) 1369683910, 
2310) 1370823810, 
2311) 1371361613, 
2312) 1373530168, 
2313) 1373744683, 
2314) 1374304337, 
2315) 1374366362, 
2316) 1375094747, 
2317) 1376457491, 
2318) 1377229512, 
2319) 1378402090, 
2320) 1379009089, 
2321) 1379095198, 
2322) 1379531442, 
2323) 1379679513, 
2324) 1380222064, 
2325) 1380302007, 
2326) 1381142729, 
2327) 1381189189, 
2328) 1381371886, 
2329) 1381530213, 
2330) 1381876362, 
2331) 1382733553, 
2332) 1382938171, 
2333) 1383813365, 
2334) 1386107569, 
2335) 1386186053, 
2336) 1386199563, 
2337) 1386467529, 
2338) 1386511228, 
2339) 1387177455, 
2340) 1387442211, 
2341) 1388385064, 
2342) 1388513301, 
2343) 1388646138, 
2344) 1388983784, 
2345) 1389209097, 
2346) 1389545993, 
2347) 1390944430, 
2348) 1391191979, 
2349) 1391541108, 
2350) 1392383645, 
2351) 1392430100, 
2352) 1392541998, 
2353) 1392897331, 
2354) 1392903047, 
2355) 1393567793, 
2356) 1393716091, 
2357) 1393944801, 
2358) 1394358600, 
2359) 1394492330, 
2360) 1395682929, 
2361) 1396142529, 
2362) 1396821967, 
2363) 1397063524, 
2364) 1398587808, 
2365) 1398876176, 
2366) 1399035577, 
2367) 1399045435, 
2368) 1399079697, 
2369) 1399514499, 
2370) 1399804879, 
2371) 1400967309, 
2372) 1401126399, 
2373) 1401614206, 
2374) 1401652315, 
2375) 1401750502, 
2376) 1403014377, 
2377) 1403349336, 
2378) 1404498433, 
2379) 1404611106, 
2380) 1404991327, 
2381) 1405767544, 
2382) 1405839012, 
2383) 1406174668, 
2384) 1406394208, 
2385) 1406748538, 
2386) 1407051024, 
2387) 1408412882, 
2388) 1408677567, 
2389) 1408866127, 
2390) 1408965648, 
2391) 1409089649, 
2392) 1409200063, 
2393) 1409585257, 
2394) 1410812383, 
2395) 1411979030, 
2396) 1413257112, 
2397) 1413273096, 
2398) 1413724643, 
2399) 1414318453, 
2400) 1414480073, 
2401) 1415770313, 
2402) 1416817446, 
2403) 1417315854, 
2404) 1418178296, 
2405) 1419252852, 
2406) 1419323802, 
2407) 1419665170, 
2408) 1420257093, 
2409) 1420305057, 
2410) 1420453880, 
2411) 1421254565, 
2412) 1421656917, 
2413) 1421896800, 
2414) 1422837198, 
2415) 1422943997, 
2416) 1424498257, 
2417) 1424707259, 
2418) 1426033837, 
2419) 1426164274, 
2420) 1426500868, 
2421) 1426930726, 
2422) 1427758441, 
2423) 1427943107, 
2424) 1427972306, 
2425) 1428001593, 
2426) 1428528498, 
2427) 1429000119, 
2428) 1429812266, 
2429) 1430702152, 
2430) 1431124134, 
2431) 1431369043, 
2432) 1431488601, 
2433) 1432328802, 
2434) 1433919438, 
2435) 1434380865, 
2436) 1435543595, 
2437) 1436032841, 
2438) 1437162264, 
2439) 1437778979, 
2440) 1437806102, 
2441) 1438424837, 
2442) 1438619134, 
2443) 1438821992, 
2444) 1439114501, 
2445) 1439927296, 
2446) 1439938771, 
2447) 1440015265, 
2448) 1441293501, 
2449) 1441953446, 
2450) 1442552952, 
2451) 1442730411, 
2452) 1442972097, 
2453) 1443016597, 
2454) 1444092885, 
2455) 1444316563, 
2456) 1445969411, 
2457) 1446255967, 
2458) 1446939168, 
2459) 1447865888, 
2460) 1448523238, 
2461) 1449043340, 
2462) 1450489272, 
2463) 1450715983, 
2464) 1450735584, 
2465) 1451015498, 
2466) 1452383806, 
2467) 1454060149, 
2468) 1454225004, 
2469) 1454326969, 
2470) 1455126886, 
2471) 1455210843, 
2472) 1455382532, 
2473) 1455851015, 
2474) 1456431243, 
2475) 1458660983, 
2476) 1460553028, 
2477) 1461538078, 
2478) 1462499141, 
2479) 1462776610, 
2480) 1464304367, 
2481) 1465291468, 
2482) 1465881844, 
2483) 1467191809, 
2484) 1467852282, 
2485) 1468541772, 
2486) 1468654734, 
2487) 1469333857, 
2488) 1469871016, 
2489) 1469895704, 
2490) 1470385932, 
2491) 1470667290, 
2492) 1471675872, 
2493) 1471793820, 
2494) 1472582091, 
2495) 1473047650, 
2496) 1473136584, 
2497) 1473155585, 
2498) 1473926684, 
2499) 1474019402, 
2500) 1476063447, 
2501) 1476118876, 
2502) 1477414885, 
2503) 1477734501, 
2504) 1478012393, 
2505) 1478148579, 
2506) 1478243883, 
2507) 1478292173, 
2508) 1478518798, 
2509) 1478825971, 
2510) 1479233629, 
2511) 1479777001, 
2512) 1480586988, 
2513) 1481068809, 
2514) 1481307302, 
2515) 1482243459, 
2516) 1482504646, 
2517) 1483853227, 
2518) 1483953417, 
2519) 1484491388, 
2520) 1485126618, 
2521) 1485656615, 
2522) 1485806266, 
2523) 1488482443, 
2524) 1489329539, 
2525) 1490763529, 
2526) 1491006607, 
2527) 1491418051, 
2528) 1491672722, 
2529) 1493903329, 
2530) 1496462968, 
2531) 1496591770, 
2532) 1496600741, 
2533) 1497009763, 
2534) 1497235577, 
2535) 1497500074, 
2536) 1499164140, 
2537) 1499633102, 
2538) 1500160783, 
2539) 1500307815, 
2540) 1500589186, 
2541) 1500649859, 
2542) 1502094518, 
2543) 1502433609, 
2544) 1503417886, 
2545) 1503567533, 
2546) 1503790569, 
2547) 1504255042, 
2548) 1504898730, 
2549) 1505712103, 
2550) 1508786397, 
2551) 1508799293, 
2552) 1508819976, 
2553) 1509539754, 
2554) 1510058213, 
2555) 1510769435, 
2556) 1511111564, 
2557) 1511490591, 
2558) 1511519761, 
2559) 1511630951, 
2560) 1513156601, 
2561) 1513262800, 
2562) 1513517538, 
2563) 1514558451, 
2564) 1515314173, 
2565) 1516158716, 
2566) 1516177573, 
2567) 1516755579, 
2568) 1517044187, 
2569) 1517140160, 
2570) 1517310247, 
2571) 1517575634, 
2572) 1517992261, 
2573) 1518079821, 
2574) 1518548232, 
2575) 1519034775, 
2576) 1522535250, 
2577) 1522591265, 
2578) 1522911132, 
2579) 1523609659, 
2580) 1523725360, 
2581) 1524318209, 
2582) 1525053922, 
2583) 1525359448, 
2584) 1526321136, 
2585) 1526505177, 
2586) 1526786904, 
2587) 1527464377, 
2588) 1528839422, 
2589) 1530014264, 
2590) 1530579488, 
2591) 1531070034, 
2592) 1533339594, 
2593) 1536218367, 
2594) 1536669758, 
2595) 1537192905, 
2596) 1537702027, 
2597) 1538460250, 
2598) 1538467049, 
2599) 1538568241, 
2600) 1539413128, 
2601) 1539662803, 
2602) 1540222816, 
2603) 1540223156, 
2604) 1540245771, 
2605) 1540605103, 
2606) 1542440447, 
2607) 1544191074, 
2608) 1544287970, 
2609) 1544327544, 
2610) 1545127697, 
2611) 1546247654, 
2612) 1547348504, 
2613) 1548295606, 
2614) 1548843557, 
2615) 1549622487, 
2616) 1550646501, 
2617) 1550670300, 
2618) 1550746699, 
2619) 1551495561, 
2620) 1552232653, 
2621) 1552581520, 
2622) 1552990674, 
2623) 1553187998, 
2624) 1553462156, 
2625) 1554526194, 
2626) 1554643210, 
2627) 1554768991, 
2628) 1555730048, 
2629) 1555829611, 
2630) 1556067895, 
2631) 1556860147, 
2632) 1557091960, 
2633) 1557269269, 
2634) 1557325779, 
2635) 1557622060, 
2636) 1557719470, 
2637) 1558029403, 
2638) 1558122009, 
2639) 1558508358, 
2640) 1561755510, 
2641) 1561798778, 
2642) 1563309411, 
2643) 1563684465, 
2644) 1563957960, 
2645) 1564053670, 
2646) 1564712303, 
2647) 1565139274, 
2648) 1565453358, 
2649) 1566265761, 
2650) 1567471387, 
2651) 1567650200, 
2652) 1567984225, 
2653) 1568450872, 
2654) 1568541855, 
2655) 1568790212, 
2656) 1569047478, 
2657) 1569214384, 
2658) 1569954156, 
2659) 1570795843, 
2660) 1571345536, 
2661) 1572081672, 
2662) 1572691704, 
2663) 1574227943, 
2664) 1574554595, 
2665) 1574716344, 
2666) 1574925924, 
2667) 1575012095, 
2668) 1575199997, 
2669) 1575284682, 
2670) 1575676912, 
2671) 1576248975, 
2672) 1576327142, 
2673) 1576392075, 
2674) 1577517664, 
2675) 1577718104, 
2676) 1577847583, 
2677) 1578982255, 
2678) 1579182865, 
2679) 1579467893, 
2680) 1579867539, 
2681) 1580111509, 
2682) 1580404379, 
2683) 1581506386, 
2684) 1582743646, 
2685) 1582973161, 
2686) 1583389109, 
2687) 1585175044, 
2688) 1586209697, 
2689) 1587660856, 
2690) 1588056929, 
2691) 1589612420, 
2692) 1589778359, 
2693) 1591959214, 
2694) 1592105993, 
2695) 1593255334, 
2696) 1593349015, 
2697) 1593554916, 
2698) 1594764817, 
2699) 1594938170, 
2700) 1595388037, 
2701) 1595535018, 
2702) 1596830691, 
2703) 1596963124, 
2704) 1597272221, 
2705) 1597360909, 
2706) 1597376121, 
2707) 1597412605, 
2708) 1597476869, 
2709) 1597621254, 
2710) 1598244020, 
2711) 1598875061, 
2712) 1599956558, 
2713) 1601148341, 
2714) 1601758188, 
2715) 1602659678, 
2716) 1603339157, 
2717) 1603788628, 
2718) 1604116100, 
2719) 1604517740, 
2720) 1605122145, 
2721) 1605655665, 
2722) 1606074790, 
2723) 1606780278, 
2724) 1607191333, 
2725) 1607317396, 
2726) 1607639263, 
2727) 1607765610, 
2728) 1608448737, 
2729) 1609292852, 
2730) 1611951764, 
2731) 1612238800, 
2732) 1614081078, 
2733) 1615385170, 
2734) 1616062138, 
2735) 1616988174, 
2736) 1617245815, 
2737) 1617722363, 
2738) 1618503015, 
2739) 1618532442, 
2740) 1619153840, 
2741) 1619250131, 
2742) 1619535966, 
2743) 1620287235, 
2744) 1620394988, 
2745) 1621623935, 
2746) 1624072854, 
2747) 1628335816, 
2748) 1629138174, 
2749) 1629185376, 
2750) 1629270251, 
2751) 1629376597, 
2752) 1629697284, 
2753) 1629879798, 
2754) 1629887594, 
2755) 1631313805, 
2756) 1631573440, 
2757) 1631738517, 
2758) 1632371293, 
2759) 1633149839, 
2760) 1633305463, 
2761) 1634339604, 
2762) 1634703030, 
2763) 1634838661, 
2764) 1635142467, 
2765) 1635211469, 
2766) 1635898805, 
2767) 1636090602, 
2768) 1636137333, 
2769) 1636174881, 
2770) 1636712734, 
2771) 1637316898, 
2772) 1638149557, 
2773) 1638936247, 
2774) 1639040741, 
2775) 1640010001, 
2776) 1640880401, 
2777) 1641817408, 
2778) 1641981874, 
2779) 1642119673, 
2780) 1642874269, 
2781) 1643876141, 
2782) 1644085388, 
2783) 1644426812, 
2784) 1644745300, 
2785) 1644892217, 
2786) 1644915108, 
2787) 1647340002, 
2788) 1647935272, 
2789) 1648186592, 
2790) 1649045717, 
2791) 1649179805, 
2792) 1650058223, 
2793) 1650385066, 
2794) 1653015547, 
2795) 1653179630, 
2796) 1653516330, 
2797) 1653623363, 
2798) 1653702943, 
2799) 1654729114, 
2800) 1655101091, 
2801) 1658876313, 
2802) 1658913758, 
2803) 1659486376, 
2804) 1659627822, 
2805) 1660146879, 
2806) 1660261537, 
2807) 1661064811, 
2808) 1661185406, 
2809) 1661267214, 
2810) 1661536107, 
2811) 1662638777, 
2812) 1663199303, 
2813) 1663225488, 
2814) 1664284948, 
2815) 1664584339, 
2816) 1666166866, 
2817) 1667237001, 
2818) 1667525567, 
2819) 1667862347, 
2820) 1668241106, 
2821) 1668623802, 
2822) 1669181751, 
2823) 1669834189, 
2824) 1669865523, 
2825) 1669990624, 
2826) 1670202096, 
2827) 1670980507, 
2828) 1674650757, 
2829) 1674917960, 
2830) 1675228314, 
2831) 1675874393, 
2832) 1676090971, 
2833) 1676134987, 
2834) 1676139231, 
2835) 1676778217, 
2836) 1678420554, 
2837) 1678882971, 
2838) 1680280141, 
2839) 1682138330, 
2840) 1682903775, 
2841) 1683992828, 
2842) 1684001017, 
2843) 1686521455, 
2844) 1687961591, 
2845) 1687965327, 
2846) 1688051752, 
2847) 1688055118, 
2848) 1688402599, 
2849) 1689302611, 
2850) 1689566861, 
2851) 1690678181, 
2852) 1691066117, 
2853) 1692547074, 
2854) 1693009534, 
2855) 1693356256, 
2856) 1694409605, 
2857) 1695680927, 
2858) 1696161984, 
2859) 1696508959, 
2860) 1696619255, 
2861) 1697071615, 
2862) 1698332795, 
2863) 1699234279, 
2864) 1701111689, 
2865) 1701178589, 
2866) 1702200326, 
2867) 1702953146, 
2868) 1704185630, 
2869) 1704551956, 
2870) 1704839882, 
2871) 1705684992, 
2872) 1706570255, 
2873) 1707289485, 
2874) 1707583177, 
2875) 1708027919, 
2876) 1708502064, 
2877) 1708896854, 
2878) 1708921336, 
2879) 1709402681, 
2880) 1710296662, 
2881) 1710649671, 
2882) 1711597707, 
2883) 1712738547, 
2884) 1714070862, 
2885) 1714310085, 
2886) 1714499804, 
2887) 1714506768, 
2888) 1714641122, 
2889) 1715177038, 
2890) 1716640865, 
2891) 1717153654, 
2892) 1721055453, 
2893) 1722344640, 
2894) 1723241794, 
2895) 1723426178, 
2896) 1724797769, 
2897) 1724862529, 
2898) 1725493429, 
2899) 1725854430, 
2900) 1726065950, 
2901) 1726660559, 
2902) 1728527869, 
2903) 1731973651, 
2904) 1734098208, 
2905) 1734918071, 
2906) 1735157097, 
2907) 1735384514, 
2908) 1736394413, 
2909) 1736580573, 
2910) 1737415543, 
2911) 1738319483, 
2912) 1738779432, 
2913) 1739731146, 
2914) 1739771853, 
2915) 1740833033, 
2916) 1741020130, 
2917) 1741265362, 
2918) 1741508633, 
2919) 1742398096, 
2920) 1743739196, 
2921) 1745840976, 
2922) 1745934029, 
2923) 1746622216, 
2924) 1747191930, 
2925) 1747426725, 
2926) 1747435479, 
2927) 1747731292, 
2928) 1749568570, 
2929) 1750212620, 
2930) 1750562130, 
2931) 1751401607, 
2932) 1751834481, 
2933) 1752811377, 
2934) 1752929353, 
2935) 1753248563, 
2936) 1753464121, 
2937) 1753605358, 
2938) 1753622271, 
2939) 1754078703, 
2940) 1754250122, 
2941) 1754854514, 
2942) 1754895853, 
2943) 1755414074, 
2944) 1755798595, 
2945) 1756610884, 
2946) 1756682880, 
2947) 1756949197, 
2948) 1758731143, 
2949) 1759447769, 
2950) 1759625244, 
2951) 1759681562, 
2952) 1759861382, 
2953) 1761287258, 
2954) 1763534915, 
2955) 1763822843, 
2956) 1764437558, 
2957) 1764784052, 
2958) 1766060181, 
2959) 1766118577, 
2960) 1767070849, 
2961) 1767129321, 
2962) 1767665589, 
2963) 1769064738, 
2964) 1770002072, 
2965) 1770022012, 
2966) 1770294911, 
2967) 1770617873, 
2968) 1771498584, 
2969) 1772838272, 
2970) 1773219353, 
2971) 1773780990, 
2972) 1774296064, 
2973) 1774741857, 
2974) 1775271352, 
2975) 1775416393, 
2976) 1777933722, 
2977) 1779599796, 
2978) 1779635839, 
2979) 1779819846, 
2980) 1781444027, 
2981) 1783164272, 
2982) 1783387678, 
2983) 1783673420, 
2984) 1783848746, 
2985) 1784092188, 
2986) 1784468391, 
2987) 1784640545, 
2988) 1784993504, 
2989) 1785769107, 
2990) 1786943681, 
2991) 1787411479, 
2992) 1787689667, 
2993) 1788109277, 
2994) 1788316822, 
2995) 1789053115, 
2996) 1789479002, 
2997) 1789659575, 
2998) 1790409756, 
2999) 1792348821, 
3000) 1793658886, 
3001) 1794208652, 
3002) 1794643906, 
3003) 1794821004, 
3004) 1795042690, 
3005) 1795163270, 
3006) 1796041224, 
3007) 1796803225, 
3008) 1796817501, 
3009) 1797019292, 
3010) 1797775823, 
3011) 1798117593, 
3012) 1800484507, 
3013) 1802893296, 
3014) 1803211569, 
3015) 1803691733, 
3016) 1803730723, 
3017) 1805428401, 
3018) 1806084436, 
3019) 1806158595, 
3020) 1809247622, 
3021) 1809272360, 
3022) 1811027124, 
3023) 1811961636, 
3024) 1812603815, 
3025) 1812829678, 
3026) 1814012790, 
3027) 1815722887, 
3028) 1815851015, 
3029) 1818409170, 
3030) 1818420225, 
3031) 1819903783, 
3032) 1820493930, 
3033) 1821550718, 
3034) 1822000984, 
3035) 1822224191, 
3036) 1823212961, 
3037) 1825068143, 
3038) 1825491398, 
3039) 1825665365, 
3040) 1825733330, 
3041) 1826183361, 
3042) 1826198539, 
3043) 1826740933, 
3044) 1826825501, 
3045) 1827366596, 
3046) 1827879789, 
3047) 1827925845, 
3048) 1828320773, 
3049) 1828451726, 
3050) 1829426466, 
3051) 1831119831, 
3052) 1831573644, 
3053) 1832574457, 
3054) 1833374558, 
3055) 1833964586, 
3056) 1834389703, 
3057) 1835667608, 
3058) 1836035590, 
3059) 1836635145, 
3060) 1836728606, 
3061) 1837789206, 
3062) 1837824068, 
3063) 1837851881, 
3064) 1841101953, 
3065) 1842056865, 
3066) 1842603203, 
3067) 1842921131, 
3068) 1843203211, 
3069) 1843323072, 
3070) 1845327788, 
3071) 1845830295, 
3072) 1847121131, 
3073) 1847191433, 
3074) 1847390862, 
3075) 1847570226, 
3076) 1847755678, 
3077) 1848024500, 
3078) 1848151796, 
3079) 1848527600, 
3080) 1849297047, 
3081) 1849721005, 
3082) 1849754042, 
3083) 1850030827, 
3084) 1850602205, 
3085) 1850699767, 
3086) 1850788101, 
3087) 1850812532, 
3088) 1850962939, 
3089) 1850979855, 
3090) 1851802509, 
3091) 1851877830, 
3092) 1852138382, 
3093) 1852261066, 
3094) 1852314545, 
3095) 1853762491, 
3096) 1854320052, 
3097) 1855255606, 
3098) 1855507645, 
3099) 1857249557, 
3100) 1859010869, 
3101) 1860379685, 
3102) 1860742658, 
3103) 1861196430, 
3104) 1861849664, 
3105) 1862020488, 
3106) 1862101082, 
3107) 1862389731, 
3108) 1863374170, 
3109) 1864542095, 
3110) 1865392563, 
3111) 1865537991, 
3112) 1866148351, 
3113) 1867647281, 
3114) 1868424915, 
3115) 1869063027, 
3116) 1870272543, 
3117) 1870373202, 
3118) 1870444456, 
3119) 1870594097, 
3120) 1870835748, 
3121) 1871333524, 
3122) 1872082349, 
3123) 1872321965, 
3124) 1872350200, 
3125) 1872384995, 
3126) 1872575126, 
3127) 1873099190, 
3128) 1874645159, 
3129) 1874877001, 
3130) 1875079882, 
3131) 1875436873, 
3132) 1876092335, 
3133) 1876164174, 
3134) 1876638471, 
3135) 1878117449, 
3136) 1878155437, 
3137) 1879467029, 
3138) 1879751926, 
3139) 1879784152, 
3140) 1879871393, 
3141) 1880664289, 
3142) 1880728275, 
3143) 1880761803, 
3144) 1881087040, 
3145) 1881089527, 
3146) 1881666119, 
3147) 1882012908, 
3148) 1882321994, 
3149) 1883147149, 
3150) 1883262678, 
3151) 1884467755, 
3152) 1884723613, 
3153) 1885757938, 
3154) 1886066395, 
3155) 1887713644, 
3156) 1888902428, 
3157) 1889011703, 
3158) 1889145050, 
3159) 1889815035, 
3160) 1890077681, 
3161) 1892452375, 
3162) 1892982204, 
3163) 1893543025, 
3164) 1895148190, 
3165) 1895990853, 
3166) 1896192001, 
3167) 1897849875, 
3168) 1897898683, 
3169) 1898336183, 
3170) 1898490203, 
3171) 1898751519, 
3172) 1899041993, 
3173) 1899695872, 
3174) 1900125416, 
3175) 1900581051, 
3176) 1902537207, 
3177) 1902828394, 
3178) 1903185915, 
3179) 1903759192, 
3180) 1904009566, 
3181) 1904077433, 
3182) 1904842984, 
3183) 1905502591, 
3184) 1905786800, 
3185) 1906554871, 
3186) 1907678616, 
3187) 1907775259, 
3188) 1907853809, 
3189) 1908973383, 
3190) 1909040640, 
3191) 1909123119, 
3192) 1909452946, 
3193) 1910083974, 
3194) 1911177963, 
3195) 1911185809, 
3196) 1911566629, 
3197) 1911622697, 
3198) 1911626493, 
3199) 1912828127, 
3200) 1914009814, 
3201) 1914597880, 
3202) 1914658577, 
3203) 1915125708, 
3204) 1916398311, 
3205) 1916758625, 
3206) 1916880983, 
3207) 1918047605, 
3208) 1918331438, 
3209) 1918333369, 
3210) 1919108541, 
3211) 1919286682, 
3212) 1919989751, 
3213) 1920866627, 
3214) 1921363932, 
3215) 1923702539, 
3216) 1926904937, 
3217) 1927171671, 
3218) 1927583893, 
3219) 1927889855, 
3220) 1928020579, 
3221) 1928970990, 
3222) 1929404276, 
3223) 1929666762, 
3224) 1930270792, 
3225) 1932689116, 
3226) 1933265430, 
3227) 1933475877, 
3228) 1934013050, 
3229) 1934440273, 
3230) 1934960343, 
3231) 1935393422, 
3232) 1935977687, 
3233) 1936693145, 
3234) 1937005042, 
3235) 1938266643, 
3236) 1939279493, 
3237) 1941467980, 
3238) 1941938017, 
3239) 1942012910, 
3240) 1942676340, 
3241) 1944856176, 
3242) 1945991280, 
3243) 1946336990, 
3244) 1947348506, 
3245) 1947357574, 
3246) 1947928888, 
3247) 1949010352, 
3248) 1951643305, 
3249) 1953502022, 
3250) 1953529605, 
3251) 1953562987, 
3252) 1954564899, 
3253) 1954732447, 
3254) 1955075923, 
3255) 1955361657, 
3256) 1955753600, 
3257) 1956364876, 
3258) 1956804678, 
3259) 1956949951, 
3260) 1957196654, 
3261) 1957248976, 
3262) 1957616083, 
3263) 1957956664, 
3264) 1958138344, 
3265) 1959029342, 
3266) 1959291366, 
3267) 1960080084, 
3268) 1960774586, 
3269) 1960888113, 
3270) 1961894710, 
3271) 1962122745, 
3272) 1962216065, 
3273) 1962824336, 
3274) 1965769689, 
3275) 1965945183, 
3276) 1966715154, 
3277) 1966976656, 
3278) 1967316265, 
3279) 1970064261, 
3280) 1970305910, 
3281) 1970907000, 
3282) 1973175187, 
3283) 1973917245, 
3284) 1975199106, 
3285) 1975240925, 
3286) 1975597490, 
3287) 1976583882, 
3288) 1976908851, 
3289) 1977427644, 
3290) 1977601802, 
3291) 1979678683, 
3292) 1980182469, 
3293) 1980312015, 
3294) 1981988846, 
3295) 1982380100, 
3296) 1984192088, 
3297) 1984319283, 
3298) 1985483407, 
3299) 1985624856, 
3300) 1985717052, 
3301) 1986030691, 
3302) 1986084550, 
3303) 1986377131, 
3304) 1986995279, 
3305) 1987482769, 
3306) 1988146266, 
3307) 1988666296, 
3308) 1988710967, 
3309) 1989944378, 
3310) 1991058732, 
3311) 1992657508, 
3312) 1993304502, 
3313) 1993628147, 
3314) 1994691652, 
3315) 1995729314, 
3316) 1995842490, 
3317) 1996183348, 
3318) 1996202032, 
3319) 1997417043, 
3320) 1997573400, 
3321) 1997839408, 
3322) 1999867083, 
3323) 1999901104, 
3324) 2000026228, 
3325) 2000029948, 
3326) 2000235408, 
3327) 2000240805, 
3328) 2000911021, 
3329) 2000918284, 
3330) 2001517470, 
3331) 2001770533, 
3332) 2001797054, 
3333) 2002242483, 
3334) 2003029952, 
3335) 2003952584, 
3336) 2004689224, 
3337) 2004795435, 
3338) 2005086942, 
3339) 2005231560, 
3340) 2005478166, 
3341) 2005802589, 
3342) 2005882466, 
3343) 2007204810, 
3344) 2007904185, 
3345) 2008383607, 
3346) 2008700350, 
3347) 2009671771, 
3348) 2009742350, 
3349) 2009927918, 
3350) 2009966147, 
3351) 2010767490, 
3352) 2011297194, 
3353) 2011521777, 
3354) 2011542069, 
3355) 2011712338, 
3356) 2012073287, 
3357) 2013157117, 
3358) 2013901398, 
3359) 2014777680, 
3360) 2015120838, 
3361) 2015315736, 
3362) 2015530830, 
3363) 2016643095, 
3364) 2017895607, 
3365) 2018667970, 
3366) 2019079240, 
3367) 2019368064, 
3368) 2019575965, 
3369) 2019594435, 
3370) 2019803251, 
3371) 2024454730, 
3372) 2024783460, 
3373) 2025171434, 
3374) 2025564721, 
3375) 2025600150, 
3376) 2027040030, 
3377) 2027721175, 
3378) 2029183109, 
3379) 2029265093, 
3380) 2029466044, 
3381) 2030124239, 
3382) 2031441293, 
3383) 2031862654, 
3384) 2032209930, 
3385) 2032602482, 
3386) 2033489239, 
3387) 2034072340, 
3388) 2036041640, 
3389) 2036445979, 
3390) 2036552500, 
3391) 2036638239, 
3392) 2038135900, 
3393) 2038431975, 
3394) 2038717324, 
3395) 2040096051, 
3396) 2040105578, 
3397) 2040558852, 
3398) 2040951710, 
3399) 2041284128, 
3400) 2042563238, 
3401) 2042735262, 
3402) 2043425897, 
3403) 2044790180, 
3404) 2045030083, 
3405) 2045205379, 
3406) 2045383422, 
3407) 2047235618, 
3408) 2047753243, 
3409) 2047962017, 
3410) 2048788671, 
3411) 2049150666, 
3412) 2049231006, 
3413) 2049752880, 
3414) 2050316691, 
3415) 2050774487, 
3416) 2050801247, 
3417) 2051018398, 
3418) 2052397254, 
3419) 2052413664, 
3420) 2052634279, 
3421) 2053069227, 
3422) 2053132004, 
3423) 2054310546, 
3424) 2054560205, 
3425) 2055467158, 
3426) 2055722559, 
3427) 2056417506, 
3428) 2056694628, 
3429) 2057904164, 
3430) 2059104882, 
3431) 2059727983, 
3432) 2060482749, 
3433) 2061655333, 
3434) 2061942788, 
3435) 2062514083, 
3436) 2063114542, 
3437) 2063594090, 
3438) 2064371729, 
3439) 2064397939, 
3440) 2066013118, 
3441) 2066044876, 
3442) 2066277807, 
3443) 2066362151, 
3444) 2067016682, 
3445) 2067773156, 
3446) 2069503711, 
3447) 2069713300, 
3448) 2069858017, 
3449) 2070212363, 
3450) 2071683658, 
3451) 2072037860, 
3452) 2072101607, 
3453) 2072464160, 
3454) 2072519144, 
3455) 2072595341, 
3456) 2073349249, 
3457) 2073702719, 
3458) 2073903935, 
3459) 2074039885, 
3460) 2074222967, 
3461) 2074364668, 
3462) 2077289184, 
3463) 2078547741, 
3464) 2078620659, 
3465) 2079454477, 
3466) 2079764380, 
3467) 2079874299, 
3468) 2081236891, 
3469) 2081467383, 
3470) 2081548722, 
3471) 2081820957, 
3472) 2081966046, 
3473) 2082273494, 
3474) 2083652342, 
3475) 2083995814, 
3476) 2084256232, 
3477) 2085222938, 
3478) 2085714271, 
3479) 2085855927, 
3480) 2086025398, 
3481) 2086491711, 
3482) 2086741855, 
3483) 2086752666, 
3484) 2087414635, 
3485) 2088792980, 
3486) 2088799872, 
3487) 2089218136, 
3488) 2089912091, 
3489) 2091130907, 
3490) 2091413786, 
3491) 2091547774, 
3492) 2092320682, 
3493) 2092455824, 
3494) 2092694203, 
3495) 2092771339, 
3496) 2093106645, 
3497) 2094600423, 
3498) 2094746742, 
3499) 2095375475, 
3500) 2095929708, 
3501) 2096715485, 
3502) 2096931147, 
3503) 2097103171, 
3504) 2097838684, 
3505) 2097906909, 
3506) 2098144785, 
3507) 2098659958, 
3508) 2098910767, 
3509) 2099133627, 
3510) 2099611626, 
3511) 2100048405, 
3512) 2100602928, 
3513) 2100686217, 
3514) 2101180381, 
3515) 2101465006, 
3516) 2101826444, 
3517) 2102268148, 
3518) 2104028858, 
3519) 2104099855, 
3520) 2105325044, 
3521) 2105675899, 
3522) 2106317258, 
3523) 2107968642, 
3524) 2108464198, 
3525) 2109404064, 
3526) 2109439122, 
3527) 2109551127, 
3528) 2109755936, 
3529) 2111000821, 
3530) 2111574159, 
3531) 2112462402, 
3532) 2113812360, 
3533) 2114072154, 
3534) 2114583488, 
3535) 2114835177, 
3536) 2115222586, 
3537) 2115566144, 
3538) 2117142095, 
3539) 2117914379, 
3540) 2118243488, 
3541) 2118858482, 
3542) 2119219323, 
3543) 2121096058, 
3544) 2122311464, 
3545) 2122756378, 
3546) 2122867030, 
3547) 2123113213, 
3548) 2124129122, 
3549) 2124156873, 
3550) 2124532846, 
3551) 2124589467, 
3552) 2124983256, 
3553) 2126333925, 
3554) 2128024732, 
3555) 2128686543, 
3556) 2129104597, 
3557) 2129146521, 
3558) 2129393114, 
3559) 2131541086, 
3560) 2131821461, 
3561) 2131868789, 
3562) 2132009146, 
3563) 2132319810, 
3564) 2132602231, 
3565) 2132616730, 
3566) 2133151368, 
3567) 2134113812, 
3568) 2134703414, 
3569) 2135259385, 
3570) 2136191752, 
3571) 2137053973, 
3572) 2137086040, 
3573) 2137527221, 
3574) 2139092893, 
3575) 2139510701, 
3576) 2139787262, 
3577) 2139853472, 
3578) 2139886411, 
3579) 2140186168, 
3580) 2140474465, 
3581) 2140863464, 
3582) 2141577935, 
3583) 2142115864, 
3584) 2142292170, 
3585) 2142713582, 
3586) 2143037982, 
3587) 2143892160, 
3588) 2143913530, 
3589) 2144110925, 
3590) 2144141310, 
3591) 2144749960, 
3592) 2145058913, 
3593) 2145503891, 
3594) 2145551741, 
3595) 2146347632, 
3596) 2146450405, 
3597) 2146656505, 
3598) 2146700673, 
3599) 2146725667, 
3600) 2146768190, 
3601) 2146906229, 
3602) 2147071650, 
3603) 2147178177, 
3604) 2148143627, 
3605) 2148410532, 
3606) 2148964995, 
3607) 2150095566, 
3608) 2150528757, 
3609) 2151017047, 
3610) 2151078289, 
3611) 2151344264, 
3612) 2151777824, 
3613) 2151789771, 
3614) 2151882394, 
3615) 2152242306, 
3616) 2152450234, 
3617) 2154471600, 
3618) 2154499041, 
3619) 2155503870, 
3620) 2155858804, 
3621) 2155940888, 
3622) 2156148227, 
3623) 2156246350, 
3624) 2157222956, 
3625) 2157482286, 
3626) 2157895661, 
3627) 2157926268, 
3628) 2157978045, 
3629) 2159252712, 
3630) 2160439578, 
3631) 2162497822, 
3632) 2163851022, 
3633) 2163879134, 
3634) 2163957249, 
3635) 2164732388, 
3636) 2165267369, 
3637) 2165778020, 
3638) 2166161552, 
3639) 2167778913, 
3640) 2168451434, 
3641) 2169718090, 
3642) 2170057343, 
3643) 2170209833, 
3644) 2171211229, 
3645) 2171898193, 
3646) 2172164836, 
3647) 2172521118, 
3648) 2173493020, 
3649) 2173664176, 
3650) 2173920835, 
3651) 2174919728, 
3652) 2175727296, 
3653) 2176176840, 
3654) 2176509054, 
3655) 2178939953, 
3656) 2179219637, 
3657) 2180273761, 
3658) 2180896943, 
3659) 2181079141, 
3660) 2182015306, 
3661) 2182521528, 
3662) 2183666222, 
3663) 2183751828, 
3664) 2184114400, 
3665) 2184806224, 
3666) 2184954653, 
3667) 2185137490, 
3668) 2185290606, 
3669) 2186901829, 
3670) 2186935798, 
3671) 2187277650, 
3672) 2187905223, 
3673) 2187940965, 
3674) 2188212239, 
3675) 2188267713, 
3676) 2188921037, 
3677) 2190093601, 
3678) 2190530984, 
3679) 2192007700, 
3680) 2192702931, 
3681) 2194139774, 
3682) 2195304190, 
3683) 2195410207, 
3684) 2197067908, 
3685) 2197528672, 
3686) 2197866808, 
3687) 2200641421, 
3688) 2201762197, 
3689) 2203025374, 
3690) 2203120607, 
3691) 2205361330, 
3692) 2207435955, 
3693) 2208104990, 
3694) 2209291528, 
3695) 2209632468, 
3696) 2209719215, 
3697) 2210412778, 
3698) 2211058174, 
3699) 2211351904, 
3700) 2211485110, 
3701) 2212546633, 
3702) 2213112645, 
3703) 2213407151, 
3704) 2215820157, 
3705) 2215970597, 
3706) 2216507721, 
3707) 2218815633, 
3708) 2219848072, 
3709) 2221139454, 
3710) 2221410361, 
3711) 2221726280, 
3712) 2221920909, 
3713) 2221974341, 
3714) 2222008132, 
3715) 2222110737, 
3716) 2223215215, 
3717) 2223688440, 
3718) 2223931268, 
3719) 2224630431, 
3720) 2226456837, 
3721) 2230159082, 
3722) 2230223408, 
3723) 2230256966, 
3724) 2230401677, 
3725) 2230572636, 
3726) 2231868037, 
3727) 2232419400, 
3728) 2233347628, 
3729) 2233497559, 
3730) 2233507213, 
3731) 2233710975, 
3732) 2234703837, 
3733) 2235282255, 
3734) 2235628651, 
3735) 2237246888, 
3736) 2238325078, 
3737) 2238800664, 
3738) 2238906460, 
3739) 2241440042, 
3740) 2242250241, 
3741) 2242335381, 
3742) 2243160336, 
3743) 2245199569, 
3744) 2246549460, 
3745) 2246806070, 
3746) 2247413808, 
3747) 2247703130, 
3748) 2248804394, 
3749) 2250716116, 
3750) 2250845397, 
3751) 2251507876, 
3752) 2252010373, 
3753) 2252273056, 
3754) 2252375948, 
3755) 2252908056, 
3756) 2253028788, 
3757) 2253571428, 
3758) 2254122843, 
3759) 2254576127, 
3760) 2255224505, 
3761) 2255707881, 
3762) 2257929980, 
3763) 2258411767, 
3764) 2258712067, 
3765) 2259434766, 
3766) 2261052620, 
3767) 2261397131, 
3768) 2261575969, 
3769) 2261768992, 
3770) 2261895279, 
3771) 2264123850, 
3772) 2265579014, 
3773) 2266996472, 
3774) 2267168306, 
3775) 2268301193, 
3776) 2268474999, 
3777) 2268583385, 
3778) 2268764221, 
3779) 2268817784, 
3780) 2270424988, 
3781) 2270565471, 
3782) 2271118749, 
3783) 2271813247, 
3784) 2272572494, 
3785) 2272637212, 
3786) 2273452712, 
3787) 2273543777, 
3788) 2274648161, 
3789) 2274807257, 
3790) 2275579309, 
3791) 2276454384, 
3792) 2276769382, 
3793) 2277018675, 
3794) 2277057415, 
3795) 2278036211, 
3796) 2279202474, 
3797) 2279252116, 
3798) 2280346903, 
3799) 2281021610, 
3800) 2281609002, 
3801) 2281916777, 
3802) 2282637021, 
3803) 2282660734, 
3804) 2282808153, 
3805) 2283085931, 
3806) 2283673098, 
3807) 2285945384, 
3808) 2287371349, 
3809) 2287561995, 
3810) 2287702854, 
3811) 2288175715, 
3812) 2288264249, 
3813) 2288470139, 
3814) 2289239960, 
3815) 2289289809, 
3816) 2290681086, 
3817) 2291081993, 
3818) 2291971183, 
3819) 2292338742, 
3820) 2294346887, 
3821) 2294364198, 
3822) 2294978161, 
3823) 2295029173, 
3824) 2295570197, 
3825) 2295662387, 
3826) 2295791599, 
3827) 2296857809, 
3828) 2297902544, 
3829) 2298224414, 
3830) 2299004227, 
3831) 2299725779, 
3832) 2300374541, 
3833) 2300459821, 
3834) 2301053883, 
3835) 2301697137, 
3836) 2302065211, 
3837) 2302601392, 
3838) 2302903165, 
3839) 2303731331, 
3840) 2303849514, 
3841) 2303913746, 
3842) 2304299608, 
3843) 2304548310, 
3844) 2304548344, 
3845) 2304946422, 
3846) 2305152754, 
3847) 2307597027, 
3848) 2308086434, 
3849) 2310574342, 
3850) 2311203190, 
3851) 2311488895, 
3852) 2311570113, 
3853) 2312729389, 
3854) 2313056381, 
3855) 2314103212, 
3856) 2314523987, 
3857) 2316033774, 
3858) 2316509854, 
3859) 2317232346, 
3860) 2319853740, 
3861) 2320297557, 
3862) 2322111376, 
3863) 2324107537, 
3864) 2324216213, 
3865) 2324317629, 
3866) 2324413793, 
3867) 2324657988, 
3868) 2325155386, 
3869) 2325937101, 
3870) 2326495194, 
3871) 2328092828, 
3872) 2328102461, 
3873) 2328248132, 
3874) 2329467305, 
3875) 2330530524, 
3876) 2332022140, 
3877) 2332186536, 
3878) 2332260564, 
3879) 2332959398, 
3880) 2333506958, 
3881) 2334313809, 
3882) 2334368550, 
3883) 2334711118, 
3884) 2334798711, 
3885) 2335300052, 
3886) 2336300167, 
3887) 2336860211, 
3888) 2337284097, 
3889) 2337312451, 
3890) 2337899496, 
3891) 2338401653, 
3892) 2339197264, 
3893) 2339386776, 
3894) 2339905778, 
3895) 2340130405, 
3896) 2340139407, 
3897) 2340901523, 
3898) 2341193562, 
3899) 2341562366, 
3900) 2341805974, 
3901) 2342546678, 
3902) 2342587734, 
3903) 2343516778, 
3904) 2344470639, 
3905) 2344645864, 
3906) 2344828607, 
3907) 2347252395, 
3908) 2347365307, 
3909) 2347624691, 
3910) 2349108819, 
3911) 2349115288, 
3912) 2350026362, 
3913) 2350030198, 
3914) 2350075943, 
3915) 2351110500, 
3916) 2351502379, 
3917) 2351796239, 
3918) 2351936358, 
3919) 2352423194, 
3920) 2353888399, 
3921) 2354331470, 
3922) 2354652605, 
3923) 2354672509, 
3924) 2354675258, 
3925) 2355287512, 
3926) 2355379491, 
3927) 2355767418, 
3928) 2356494220, 
3929) 2356614192, 
3930) 2356915021, 
3931) 2357383726, 
3932) 2358887148, 
3933) 2359262334, 
3934) 2359975578, 
3935) 2360099679, 
3936) 2360963008, 
3937) 2360992338, 
3938) 2361724891, 
3939) 2361863501, 
3940) 2362080876, 
3941) 2362223666, 
3942) 2363528804, 
3943) 2363743663, 
3944) 2364001951, 
3945) 2364294989, 
3946) 2364866256, 
3947) 2365179301, 
3948) 2365587953, 
3949) 2365604358, 
3950) 2365775249, 
3951) 2365871157, 
3952) 2366019650, 
3953) 2366072871, 
3954) 2366106109, 
3955) 2366417274, 
3956) 2366473906, 
3957) 2369362413, 
3958) 2369532898, 
3959) 2370333302, 
3960) 2370594872, 
3961) 2371690317, 
3962) 2371732057, 
3963) 2373264678, 
3964) 2373333437, 
3965) 2373384068, 
3966) 2373486070, 
3967) 2373582720, 
3968) 2374031675, 
3969) 2374310560, 
3970) 2374441558, 
3971) 2374960685, 
3972) 2375725703, 
3973) 2378543075, 
3974) 2379715278, 
3975) 2380231897, 
3976) 2380338270, 
3977) 2380598429, 
3978) 2381082098, 
3979) 2381948476, 
3980) 2383368326, 
3981) 2384810004, 
3982) 2388310380, 
3983) 2388683292, 
3984) 2388947736, 
3985) 2390328717, 
3986) 2391739743, 
3987) 2393137156, 
3988) 2393338171, 
3989) 2393402590, 
3990) 2393450990, 
3991) 2393486655, 
3992) 2393544867, 
3993) 2394329905, 
3994) 2394472882, 
3995) 2394661635, 
3996) 2395873966, 
3997) 2396172097, 
3998) 2396522164, 
3999) 2396806248, 
4000) 2397168983, 
4001) 2397223013, 
4002) 2397224442, 
4003) 2398298499, 
4004) 2398789320, 
4005) 2399441862, 
4006) 2401187270, 
4007) 2401297771, 
4008) 2401537686, 
4009) 2402633408, 
4010) 2403798183, 
4011) 2403852375, 
4012) 2403926342, 
4013) 2404590204, 
4014) 2405346424, 
4015) 2406220092, 
4016) 2407286459, 
4017) 2408032574, 
4018) 2409196266, 
4019) 2409270079, 
4020) 2409664990, 
4021) 2409900666, 
4022) 2410364434, 
4023) 2410867384, 
4024) 2411238872, 
4025) 2411256176, 
4026) 2411479976, 
4027) 2411639100, 
4028) 2412685252, 
4029) 2413407850, 
4030) 2413650428, 
4031) 2414039344, 
4032) 2414443646, 
4033) 2415371084, 
4034) 2416487161, 
4035) 2416670372, 
4036) 2416787149, 
4037) 2416805904, 
4038) 2416985342, 
4039) 2417287277, 
4040) 2417989643, 
4041) 2418907149, 
4042) 2418954049, 
4043) 2419747350, 
4044) 2420015242, 
4045) 2420125140, 
4046) 2421130423, 
4047) 2421569617, 
4048) 2422039104, 
4049) 2423291370, 
4050) 2423423951, 
4051) 2423619669, 
4052) 2424549077, 
4053) 2425007577, 
4054) 2425079313, 
4055) 2425337316, 
4056) 2427691939, 
4057) 2428512392, 
4058) 2428549998, 
4059) 2429557661, 
4060) 2429678080, 
4061) 2431281475, 
4062) 2432453943, 
4063) 2434044750, 
4064) 2434610016, 
4065) 2434639450, 
4066) 2435040683, 
4067) 2435526094, 
4068) 2435558386, 
4069) 2435659176, 
4070) 2437165654, 
4071) 2437334651, 
4072) 2438628621, 
4073) 2438648230, 
4074) 2439385502, 
4075) 2439472670, 
4076) 2439911131, 
4077) 2440490990, 
4078) 2441585101, 
4079) 2442200195, 
4080) 2442733773, 
4081) 2442817292, 
4082) 2443113426, 
4083) 2443231849, 
4084) 2443656283, 
4085) 2444724837, 
4086) 2445042680, 
4087) 2445873734, 
4088) 2446051450, 
4089) 2446643999, 
4090) 2446754955, 
4091) 2447009761, 
4092) 2447366325, 
4093) 2447435194, 
4094) 2447472160, 
4095) 2447648178, 
4096) 2447651297, 
4097) 2447750074, 
4098) 2448504455, 
4099) 2448877827, 
4100) 2449813325, 
4101) 2450023799, 
4102) 2450431718, 
4103) 2450487211, 
4104) 2450926208, 
4105) 2451302022, 
4106) 2451501977, 
4107) 2452637222, 
4108) 2454433477, 
4109) 2454821844, 
4110) 2454944203, 
4111) 2455454313, 
4112) 2455471702, 
4113) 2457023882, 
4114) 2458911804, 
4115) 2459288054, 
4116) 2459738115, 
4117) 2460687471, 
4118) 2460812057, 
4119) 2461833413, 
4120) 2462135310, 
4121) 2463770078, 
4122) 2463899160, 
4123) 2464204553, 
4124) 2464457695, 
4125) 2464744712, 
4126) 2465209333, 
4127) 2465363840, 
4128) 2465496573, 
4129) 2466581065, 
4130) 2467816441, 
4131) 2468040510, 
4132) 2468085860, 
4133) 2468816174, 
4134) 2469013004, 
4135) 2469357372, 
4136) 2470213650, 
4137) 2471023539, 
4138) 2473057863, 
4139) 2474412059, 
4140) 2474549503, 
4141) 2474614368, 
4142) 2474862165, 
4143) 2475163678, 
4144) 2475728391, 
4145) 2475800889, 
4146) 2476471167, 
4147) 2477653057, 
4148) 2478420439, 
4149) 2479007153, 
4150) 2479250022, 
4151) 2480540535, 
4152) 2480807004, 
4153) 2480873296, 
4154) 2481111550, 
4155) 2482404681, 
4156) 2482726727, 
4157) 2483027401, 
4158) 2483131032, 
4159) 2483198432, 
4160) 2483827242, 
4161) 2484629103, 
4162) 2485557608, 
4163) 2486257836, 
4164) 2486760934, 
4165) 2486878981, 
4166) 2487586918, 
4167) 2488105058, 
4168) 2488347209, 
4169) 2488806653, 
4170) 2489623585, 
4171) 2490524009, 
4172) 2490533234, 
4173) 2490657592, 
4174) 2491142365, 
4175) 2491360175, 
4176) 2492656559, 
4177) 2493017575, 
4178) 2493181765, 
4179) 2494250010, 
4180) 2494946556, 
4181) 2495476767, 
4182) 2496466213, 
4183) 2496861128, 
4184) 2497210862, 
4185) 2497825923, 
4186) 2498110018, 
4187) 2499487451, 
4188) 2500737079, 
4189) 2500967867, 
4190) 2501082896, 
4191) 2501633840, 
4192) 2502475729, 
4193) 2503094939, 
4194) 2503541989, 
4195) 2503607025, 
4196) 2505915678, 
4197) 2506432048, 
4198) 2506466039, 
4199) 2506486394, 
4200) 2506665107, 
4201) 2506840383, 
4202) 2507584120, 
4203) 2507905403, 
4204) 2508644647, 
4205) 2508848743, 
4206) 2509208910, 
4207) 2509720476, 
4208) 2511522823, 
4209) 2511948041, 
4210) 2512149120, 
4211) 2513170615, 
4212) 2513511873, 
4213) 2514685144, 
4214) 2514957218, 
4215) 2515096239, 
4216) 2515379201, 
4217) 2516378876, 
4218) 2517173440, 
4219) 2518293483, 
4220) 2519612831, 
4221) 2520089867, 
4222) 2521210932, 
4223) 2523287819, 
4224) 2523374823, 
4225) 2523604949, 
4226) 2523609139, 
4227) 2524962727, 
4228) 2525109465, 
4229) 2525236178, 
4230) 2525856881, 
4231) 2526457133, 
4232) 2526612636, 
4233) 2527951860, 
4234) 2528761089, 
4235) 2529371103, 
4236) 2529822903, 
4237) 2531158959, 
4238) 2531249160, 
4239) 2531825349, 
4240) 2532054171, 
4241) 2532313066, 
4242) 2532649702, 
4243) 2534375532, 
4244) 2535228296, 
4245) 2535824833, 
4246) 2535921317, 
4247) 2536414653, 
4248) 2536698679, 
4249) 2536741916, 
4250) 2536846610, 
4251) 2537669059, 
4252) 2538152179, 
4253) 2538618007, 
4254) 2538840218, 
4255) 2539640061, 
4256) 2539766742, 
4257) 2540982214, 
4258) 2541296695, 
4259) 2541531536, 
4260) 2543283389, 
4261) 2543377274, 
4262) 2543402438, 
4263) 2543856485, 
4264) 2544258624, 
4265) 2544413753, 
4266) 2544556201, 
4267) 2545145431, 
4268) 2545213155, 
4269) 2545264812, 
4270) 2546310297, 
4271) 2546519085, 
4272) 2546804568, 
4273) 2546805114, 
4274) 2547896628, 
4275) 2548443025, 
4276) 2549057268, 
4277) 2549585635, 
4278) 2550122643, 
4279) 2552093843, 
4280) 2554387253, 
4281) 2555306156, 
4282) 2555564928, 
4283) 2556031335, 
4284) 2556733606, 
4285) 2557204552, 
4286) 2557799438, 
4287) 2558384432, 
4288) 2558606505, 
4289) 2559859372, 
4290) 2561281672, 
4291) 2563248803, 
4292) 2563348342, 
4293) 2564911383, 
4294) 2565168301, 
4295) 2565675439, 
4296) 2566922014, 
4297) 2566946035, 
4298) 2567697400, 
4299) 2568141235, 
4300) 2568203648, 
4301) 2568682879, 
4302) 2570112207, 
4303) 2570153128, 
4304) 2570625421, 
4305) 2570967031, 
4306) 2571378218, 
4307) 2572341624, 
4308) 2573733954, 
4309) 2574631091, 
4310) 2576495737, 
4311) 2576551912, 
4312) 2577235790, 
4313) 2577874441, 
4314) 2577939561, 
4315) 2579267353, 
4316) 2579995746, 
4317) 2580062713, 
4318) 2580179169, 
4319) 2580231384, 
4320) 2580557018, 
4321) 2583226062, 
4322) 2583605746, 
4323) 2583951471, 
4324) 2584584995, 
4325) 2585530676, 
4326) 2585559061, 
4327) 2585694535, 
4328) 2586334580, 
4329) 2586403522, 
4330) 2586923798, 
4331) 2587010898, 
4332) 2588479777, 
4333) 2589962261, 
4334) 2591824677, 
4335) 2593111523, 
4336) 2593560601, 
4337) 2593988888, 
4338) 2594632875, 
4339) 2595754842, 
4340) 2596946057, 
4341) 2598360542, 
4342) 2599383551, 
4343) 2601866515, 
4344) 2601914842, 
4345) 2602459065, 
4346) 2603097290, 
4347) 2603357787, 
4348) 2603954784, 
4349) 2604073154, 
4350) 2604148115, 
4351) 2604238676, 
4352) 2604845969, 
4353) 2605122605, 
4354) 2605207152, 
4355) 2605527151, 
4356) 2605541023, 
4357) 2605939665, 
4358) 2606135943, 
4359) 2607173304, 
4360) 2607173885, 
4361) 2608346350, 
4362) 2608643258, 
4363) 2609646106, 
4364) 2610103646, 
4365) 2610521201, 
4366) 2612038978, 
4367) 2612514174, 
4368) 2614058364, 
4369) 2614922012, 
4370) 2617262625, 
4371) 2617346334, 
4372) 2617632977, 
4373) 2619687355, 
4374) 2620286310, 
4375) 2620810786, 
4376) 2621453949, 
4377) 2621704309, 
4378) 2622138725, 
4379) 2622145181, 
4380) 2622451713, 
4381) 2622708604, 
4382) 2623369557, 
4383) 2624193637, 
4384) 2624705814, 
4385) 2624787689, 
4386) 2624987915, 
4387) 2625326997, 
4388) 2626450450, 
4389) 2626674121, 
4390) 2626748771, 
4391) 2627074663, 
4392) 2627365443, 
4393) 2627633142, 
4394) 2628918834, 
4395) 2629327896, 
4396) 2629513906, 
4397) 2629817146, 
4398) 2630242359, 
4399) 2630871899, 
4400) 2630934374, 
4401) 2631481621, 
4402) 2631670840, 
4403) 2632050179, 
4404) 2632460480, 
4405) 2633805799, 
4406) 2635055776, 
4407) 2635331127, 
4408) 2635475715, 
4409) 2635762041, 
4410) 2635952578, 
4411) 2637864982, 
4412) 2637943097, 
4413) 2639821825, 
4414) 2640374601, 
4415) 2641352706, 
4416) 2641500544, 
4417) 2641896352, 
4418) 2643278592, 
4419) 2643380123, 
4420) 2643486561, 
4421) 2644018444, 
4422) 2644866989, 
4423) 2644979467, 
4424) 2647296846, 
4425) 2647557696, 
4426) 2647790569, 
4427) 2648227125, 
4428) 2648631987, 
4429) 2649060993, 
4430) 2650251601, 
4431) 2650515070, 
4432) 2650963377, 
4433) 2652037928, 
4434) 2652286654, 
4435) 2652578383, 
4436) 2652639814, 
4437) 2653574839, 
4438) 2654718521, 
4439) 2655704937, 
4440) 2655801212, 
4441) 2657487540, 
4442) 2657515205, 
4443) 2657798096, 
4444) 2658117491, 
4445) 2658391650, 
4446) 2658554448, 
4447) 2659572549, 
4448) 2659689218, 
4449) 2659908986, 
4450) 2660041515, 
4451) 2661275848, 
4452) 2661567054, 
4453) 2662029958, 
4454) 2662569571, 
4455) 2662612310, 
4456) 2662753491, 
4457) 2662842149, 
4458) 2663295123, 
4459) 2663776521, 
4460) 2663805996, 
4461) 2664394519, 
4462) 2665159466, 
4463) 2665409915, 
4464) 2666109543, 
4465) 2666444031, 
4466) 2666737052, 
4467) 2666961617, 
4468) 2668434107, 
4469) 2669850958, 
4470) 2670404119, 
4471) 2670491606, 
4472) 2670506715, 
4473) 2672008743, 
4474) 2672094159, 
4475) 2672739803, 
4476) 2672754129, 
4477) 2674430431, 
4478) 2675000840, 
4479) 2676452774, 
4480) 2677431694, 
4481) 2677699904, 
4482) 2677702542, 
4483) 2677856236, 
4484) 2678643036, 
4485) 2679177986, 
4486) 2679428006, 
4487) 2679541024, 
4488) 2681701638, 
4489) 2682282489, 
4490) 2682873344, 
4491) 2682894906, 
4492) 2683844199, 
4493) 2684553996, 
4494) 2685078530, 
4495) 2685182636, 
4496) 2685465001, 
4497) 2685927318, 
4498) 2687610062, 
4499) 2688256680, 
4500) 2688822594, 
4501) 2690563734, 
4502) 2692435209, 
4503) 2692689890, 
4504) 2693559871, 
4505) 2693632136, 
4506) 2693761049, 
4507) 2693943137, 
4508) 2694802480, 
4509) 2695618839, 
4510) 2696331951, 
4511) 2697731666, 
4512) 2697833908, 
4513) 2697851723, 
4514) 2698289661, 
4515) 2698961967, 
4516) 2699174474, 
4517) 2700470712, 
4518) 2700553297, 
4519) 2700945893, 
4520) 2703596742, 
4521) 2704442020, 
4522) 2705230392, 
4523) 2705374204, 
4524) 2705454260, 
4525) 2706040913, 
4526) 2706064500, 
4527) 2706140417, 
4528) 2706880511, 
4529) 2707243072, 
4530) 2707477525, 
4531) 2708295907, 
4532) 2709160452, 
4533) 2710328893, 
4534) 2710665776, 
4535) 2710784126, 
4536) 2712430418, 
4537) 2712629545, 
4538) 2713284371, 
4539) 2717050837, 
4540) 2717388023, 
4541) 2718630294, 
4542) 2719568286, 
4543) 2720180883, 
4544) 2720990812, 
4545) 2721222854, 
4546) 2721231382, 
4547) 2722268770, 
4548) 2722271639, 
4549) 2723679618, 
4550) 2724358172, 
4551) 2724413138, 
4552) 2725647986, 
4553) 2725675762, 
4554) 2726119592, 
4555) 2726264334, 
4556) 2726433893, 
4557) 2726714279, 
4558) 2727031583, 
4559) 2727256930, 
4560) 2727455902, 
4561) 2727615537, 
4562) 2727764353, 
4563) 2728713113, 
4564) 2728940306, 
4565) 2728946409, 
4566) 2729600933, 
4567) 2729860954, 
4568) 2729939046, 
4569) 2729951483, 
4570) 2730022424, 
4571) 2730165840, 
4572) 2730389090, 
4573) 2730479104, 
4574) 2731903596, 
4575) 2732579819, 
4576) 2732644971, 
4577) 2733679601, 
4578) 2736220756, 
4579) 2736773724, 
4580) 2737146286, 
4581) 2737848388, 
4582) 2738992881, 
4583) 2739686226, 
4584) 2739931005, 
4585) 2739972903, 
4586) 2740035950, 
4587) 2740036642, 
4588) 2740429896, 
4589) 2741416149, 
4590) 2741769189, 
4591) 2741807042, 
4592) 2741841719, 
4593) 2741862660, 
4594) 2742508962, 
4595) 2742802440, 
4596) 2743054962, 
4597) 2743720201, 
4598) 2744889442, 
4599) 2745257265, 
4600) 2745397300, 
4601) 2745925750, 
4602) 2746294908, 
4603) 2747628860, 
4604) 2748166301, 
4605) 2748948948, 
4606) 2749450756, 
4607) 2749682196, 
4608) 2750689608, 
4609) 2750767296, 
4610) 2751250617, 
4611) 2751903640, 
4612) 2752884384, 
4613) 2753017479, 
4614) 2754429359, 
4615) 2756409277, 
4616) 2756541293, 
4617) 2757389979, 
4618) 2757391013, 
4619) 2757788503, 
4620) 2757793888, 
4621) 2757877228, 
4622) 2758155883, 
4623) 2759065456, 
4624) 2760087644, 
4625) 2761161479, 
4626) 2761615703, 
4627) 2761694330, 
4628) 2761783925, 
4629) 2764251648, 
4630) 2765376727, 
4631) 2766588657, 
4632) 2767005839, 
4633) 2767030809, 
4634) 2767722909, 
4635) 2768666205, 
4636) 2769069615, 
4637) 2769513611, 
4638) 2770822085, 
4639) 2770918805, 
4640) 2772060389, 
4641) 2772384227, 
4642) 2772477608, 
4643) 2772971585, 
4644) 2774043471, 
4645) 2775040564, 
4646) 2776301336, 
4647) 2777995838, 
4648) 2778642678, 
4649) 2778772531, 
4650) 2779689248, 
4651) 2779779974, 
4652) 2780222969, 
4653) 2781492325, 
4654) 2781821886, 
4655) 2781842063, 
4656) 2783742745, 
4657) 2784063992, 
4658) 2784387334, 
4659) 2784413009, 
4660) 2788764445, 
4661) 2789017937, 
4662) 2789172290, 
4663) 2789990955, 
4664) 2792232000, 
4665) 2792379911, 
4666) 2793021910, 
4667) 2793036519, 
4668) 2793880281, 
4669) 2794052235, 
4670) 2795333124, 
4671) 2797877559, 
4672) 2798011806, 
4673) 2798546935, 
4674) 2798740599, 
4675) 2799525569, 
4676) 2799595676, 
4677) 2799735182, 
4678) 2801406415, 
4679) 2801581742, 
4680) 2801588941, 
4681) 2802092111, 
4682) 2802738947, 
4683) 2802856446, 
4684) 2803180213, 
4685) 2803708417, 
4686) 2804316442, 
4687) 2804925429, 
4688) 2805061476, 
4689) 2806144977, 
4690) 2806515315, 
4691) 2806840088, 
4692) 2807334963, 
4693) 2807438209, 
4694) 2807786889, 
4695) 2808859283, 
4696) 2809253924, 
4697) 2810253161, 
4698) 2811159761, 
4699) 2811341197, 
4700) 2811488656, 
4701) 2811576505, 
4702) 2811763095, 
4703) 2811910327, 
4704) 2812781025, 
4705) 2812826187, 
4706) 2813389081, 
4707) 2813985956, 
4708) 2814195451, 
4709) 2814462144, 
4710) 2815457553, 
4711) 2815496015, 
4712) 2815835615, 
4713) 2816127448, 
4714) 2816625914, 
4715) 2817702272, 
4716) 2818768409, 
4717) 2818899586, 
4718) 2819194737, 
4719) 2819473522, 
4720) 2819754135, 
4721) 2821716706, 
4722) 2823176246, 
4723) 2823470635, 
4724) 2823974109, 
4725) 2827215553, 
4726) 2827221361, 
4727) 2827251369, 
4728) 2827531455, 
4729) 2827982202, 
4730) 2828957396, 
4731) 2830280355, 
4732) 2831645473, 
4733) 2831775405, 
4734) 2831942758, 
4735) 2832065954, 
4736) 2832462267, 
4737) 2835126469, 
4738) 2835520918, 
4739) 2835653492, 
4740) 2836619293, 
4741) 2837834170, 
4742) 2838379850, 
4743) 2838707595, 
4744) 2839535891, 
4745) 2841690874, 
4746) 2843096129, 
4747) 2843547618, 
4748) 2844697482, 
4749) 2845954628, 
4750) 2846111644, 
4751) 2846769216, 
4752) 2847309415, 
4753) 2847855632, 
4754) 2848282757, 
4755) 2848431555, 
4756) 2849425433, 
4757) 2849704751, 
4758) 2849751773, 
4759) 2849891955, 
4760) 2852238508, 
4761) 2852957124, 
4762) 2853727206, 
4763) 2855663502, 
4764) 2856148168, 
4765) 2858105011, 
4766) 2858505947, 
4767) 2859029070, 
4768) 2861340045, 
4769) 2862174825, 
4770) 2862185179, 
4771) 2862381357, 
4772) 2862591449, 
4773) 2863447590, 
4774) 2865473897, 
4775) 2865706541, 
4776) 2867619170, 
4777) 2867651844, 
4778) 2869508210, 
4779) 2869555881, 
4780) 2870118270, 
4781) 2870245208, 
4782) 2870896621, 
4783) 2871379954, 
4784) 2871538069, 
4785) 2872175594, 
4786) 2873357484, 
4787) 2873894688, 
4788) 2874503894, 
4789) 2876866005, 
4790) 2877454540, 
4791) 2878047164, 
4792) 2879773919, 
4793) 2879990866, 
4794) 2881227941, 
4795) 2881297748, 
4796) 2881584413, 
4797) 2881639601, 
4798) 2882223342, 
4799) 2882262183, 
4800) 2883121484, 
4801) 2883778765, 
4802) 2884050430, 
4803) 2884304734, 
4804) 2884454070, 
4805) 2885816910, 
4806) 2886107965, 
4807) 2886206103, 
4808) 2887784133, 
4809) 2887894994, 
4810) 2888329227, 
4811) 2888376330, 
4812) 2888582060, 
4813) 2888635847, 
4814) 2889228785, 
4815) 2889831355, 
4816) 2891409888, 
4817) 2891706302, 
4818) 2891718935, 
4819) 2891781264, 
4820) 2891898159, 
4821) 2892007338, 
4822) 2893033309, 
4823) 2893416473, 
4824) 2893730799, 
4825) 2894454075, 
4826) 2895028636, 
4827) 2895698116, 
4828) 2895864504, 
4829) 2897786110, 
4830) 2898978297, 
4831) 2899080082, 
4832) 2899160037, 
4833) 2899295965, 
4834) 2899507202, 
4835) 2899759966, 
4836) 2900731684, 
4837) 2901123453, 
4838) 2902425101, 
4839) 2902803942, 
4840) 2903370400, 
4841) 2903517810, 
4842) 2903644603, 
4843) 2906458199, 
4844) 2907207657, 
4845) 2908361003, 
4846) 2908730418, 
4847) 2909522481, 
4848) 2910530183, 
4849) 2912741197, 
4850) 2913309653, 
4851) 2913826712, 
4852) 2917766787, 
4853) 2917808439, 
4854) 2918452068, 
4855) 2918464068, 
4856) 2918715707, 
4857) 2918808929, 
4858) 2918872564, 
4859) 2919216423, 
4860) 2919817662, 
4861) 2920198279, 
4862) 2920227767, 
4863) 2921022927, 
4864) 2921320601, 
4865) 2922135373, 
4866) 2923440475, 
4867) 2923467598, 
4868) 2923488721, 
4869) 2923787020, 
4870) 2923979766, 
4871) 2924239506, 
4872) 2924996489, 
4873) 2925088346, 
4874) 2925906261, 
4875) 2926084553, 
4876) 2926477411, 
4877) 2927042435, 
4878) 2927175377, 
4879) 2927683427, 
4880) 2928349798, 
4881) 2928489130, 
4882) 2929164285, 
4883) 2929708983, 
4884) 2929956384, 
4885) 2931383560, 
4886) 2931580919, 
4887) 2931808692, 
4888) 2933487947, 
4889) 2933612725, 
4890) 2934093838, 
4891) 2934489919, 
4892) 2934714961, 
4893) 2935536056, 
4894) 2935750049, 
4895) 2936026542, 
4896) 2936253049, 
4897) 2937300554, 
4898) 2937454605, 
4899) 2937808432, 
4900) 2938352853, 
4901) 2938463174, 
4902) 2939183218, 
4903) 2939358694, 
4904) 2942719545, 
4905) 2942787798, 
4906) 2942859614, 
4907) 2943600280, 
4908) 2943683774, 
4909) 2943833350, 
4910) 2945048141, 
4911) 2945360337, 
4912) 2945730269, 
4913) 2945886585, 
4914) 2948053943, 
4915) 2948372185, 
4916) 2951576128, 
4917) 2951783383, 
4918) 2952156343, 
4919) 2952976669, 
4920) 2953750309, 
4921) 2954264224, 
4922) 2954956493, 
4923) 2955033717, 
4924) 2955521853, 
4925) 2955875627, 
4926) 2957308628, 
4927) 2957641509, 
4928) 2958590461, 
4929) 2958704207, 
4930) 2959604008, 
4931) 2959948361, 
4932) 2960034051, 
4933) 2960877313, 
4934) 2961853335, 
4935) 2962242589, 
4936) 2962674462, 
4937) 2962715651, 
4938) 2962721161, 
4939) 2962971018, 
4940) 2964069356, 
4941) 2965147608, 
4942) 2965172980, 
4943) 2965196557, 
4944) 2965322161, 
4945) 2965863088, 
4946) 2966110539, 
4947) 2966302947, 
4948) 2966770753, 
4949) 2967050864, 
4950) 2967120422, 
4951) 2968600666, 
4952) 2969326286, 
4953) 2969841890, 
4954) 2970039214, 
4955) 2971010743, 
4956) 2971095412, 
4957) 2971542831, 
4958) 2971833664, 
4959) 2972196470, 
4960) 2972894518, 
4961) 2973878684, 
4962) 2974770683, 
4963) 2976073335, 
4964) 2976457674, 
4965) 2976742679, 
4966) 2977610479, 
4967) 2977738094, 
4968) 2978494812, 
4969) 2979932436, 
4970) 2979982537, 
4971) 2980663072, 
4972) 2980719948, 
4973) 2980910355, 
4974) 2981060974, 
4975) 2981240781, 
4976) 2982523885, 
4977) 2985418625, 
4978) 2985814821, 
4979) 2986398749, 
4980) 2986685379, 
4981) 2986699759, 
4982) 2987612224, 
4983) 2989256627, 
4984) 2989970429, 
4985) 2990616299, 
4986) 2992514543, 
4987) 2993923675, 
4988) 2994240815, 
4989) 2995053498, 
4990) 2996159856, 
4991) 2996570141, 
4992) 2996762295, 
4993) 2997425419, 
4994) 2998904938, 
4995) 2999041868, 
4996) 2999303635, 
4997) 2999497132, 
4998) 2999870192, 
4999) 2999966804, 
