Number of elements is 100
Type of array is reversed
Sorting algorithm - merge
Running time of sorting algorithm is 42ms
0) 19352019, 
1) 26712586, 
2) 34466699, 
3) 68383201, 
4) 86639528, 
5) 97041343, 
6) 111415606, 
7) 114254077, 
8) 143769120, 
9) 250524186, 
10) 256945133, 
11) 257078567, 
12) 306584223, 
13) 320765228, 
14) 332704793, 
15) 337880377, 
16) 406976402, 
17) 430550926, 
18) 458332104, 
19) 488382327, 
20) 489648945, 
21) 497613385, 
22) 500097591, 
23) 517452006, 
24) 551933030, 
25) 552642996, 
26) 590729113, 
27) 606596861, 
28) 635420891, 
29) 747222725, 
30) 759573782, 
31) 820361428, 
32) 831056347, 
33) 833059632, 
34) 836171943, 
35) 841792109, 
36) 888229116, 
37) 909661472, 
38) 972484926, 
39) 983501369, 
40) 1032158802, 
41) 1037717457, 
42) 1086086567, 
43) 1111488967, 
44) 1127574333, 
45) 1172014784, 
46) 1188405432, 
47) 1213269336, 
48) 1221043653, 
49) 1246013119, 
50) 1259149946, 
51) 1297005214, 
52) 1316606584, 
53) 1320226140, 
54) 1347893279, 
55) 1409557223, 
56) 1425801757, 
57) 1447964653, 
58) 1476134931, 
59) 1503062083, 
60) 1514137935, 
61) 1550757574, 
62) 1564662169, 
63) 1613971411, 
64) 1718218889, 
65) 1719729536, 
66) 1732755295, 
67) 1807462547, 
68) 1813822896, 
69) 1882135936, 
70) 1922301132, 
71) 1934204364, 
72) 1937119933, 
73) 1959675428, 
74) 1995764888, 
75) 2173628703, 
76) 2191108879, 
77) 2238779720, 
78) 2255449143, 
79) 2278560788, 
80) 2348453032, 
81) 2360098848, 
82) 2385761249, 
83) 2458626551, 
84) 2463725747, 
85) 2497232105, 
86) 2504982826, 
87) 2544779874, 
88) 2622664868, 
89) 2631260922, 
90) 2642538337, 
91) 2735872436, 
92) 2742177525, 
93) 2786387817, 
94) 2796132072, 
95) 2863842896, 
96) 2904835041, 
97) 2921303397, 
98) 2939239691, 
99) 2939783043, 
