Number of elements is 1000
Type of array is rendomized
Sorting algorithm - merge
Running time of sorting algorithm is 434ms
0) 9325934, 
1) 11211893, 
2) 13945241, 
3) 18135791, 
4) 22003226, 
5) 22889678, 
6) 25108724, 
7) 27350762, 
8) 28584616, 
9) 34587620, 
10) 36041293, 
11) 37286263, 
12) 39167468, 
13) 40841543, 
14) 43964531, 
15) 46239408, 
16) 53699707, 
17) 54385757, 
18) 55895890, 
19) 56131218, 
20) 57171768, 
21) 61854363, 
22) 62987692, 
23) 63389179, 
24) 63667765, 
25) 73886772, 
26) 76868168, 
27) 85757358, 
28) 91801468, 
29) 101352355, 
30) 112389846, 
31) 113787731, 
32) 116079915, 
33) 117314903, 
34) 122491293, 
35) 122991862, 
36) 128531797, 
37) 134488263, 
38) 135359197, 
39) 138407057, 
40) 138940689, 
41) 142987023, 
42) 145620139, 
43) 147770561, 
44) 147945909, 
45) 155794996, 
46) 157195404, 
47) 160213558, 
48) 162170983, 
49) 163935832, 
50) 164819775, 
51) 166492581, 
52) 167055400, 
53) 167485170, 
54) 167859523, 
55) 189014764, 
56) 194994480, 
57) 196651301, 
58) 198736333, 
59) 201604942, 
60) 202498144, 
61) 203838652, 
62) 204675049, 
63) 209184478, 
64) 210895174, 
65) 213110442, 
66) 232366801, 
67) 239669139, 
68) 243242989, 
69) 248230304, 
70) 250810783, 
71) 250946685, 
72) 251096022, 
73) 253952349, 
74) 254556276, 
75) 259613531, 
76) 260856521, 
77) 265337868, 
78) 267392256, 
79) 267608416, 
80) 271606537, 
81) 273100517, 
82) 277319801, 
83) 280674450, 
84) 283420882, 
85) 283654669, 
86) 286726263, 
87) 288444737, 
88) 288557322, 
89) 291019538, 
90) 295319836, 
91) 300522991, 
92) 303930209, 
93) 315234980, 
94) 317974991, 
95) 321582231, 
96) 321739302, 
97) 324694065, 
98) 333696685, 
99) 335347521, 
100) 336265276, 
101) 344888416, 
102) 345626573, 
103) 345963120, 
104) 349413324, 
105) 349830123, 
106) 353595876, 
107) 364926289, 
108) 368404561, 
109) 368865338, 
110) 376300031, 
111) 376627130, 
112) 378902867, 
113) 380417358, 
114) 392636243, 
115) 392836092, 
116) 393838117, 
117) 395438600, 
118) 395876572, 
119) 397444577, 
120) 399765874, 
121) 399878678, 
122) 400423155, 
123) 400929438, 
124) 409496182, 
125) 409673168, 
126) 409919503, 
127) 410777817, 
128) 411374118, 
129) 412818792, 
130) 415308126, 
131) 416414411, 
132) 420815473, 
133) 423577634, 
134) 424113964, 
135) 425946619, 
136) 430086368, 
137) 432117771, 
138) 432789792, 
139) 432999461, 
140) 444680320, 
141) 446210983, 
142) 448754360, 
143) 452189713, 
144) 457214025, 
145) 460505763, 
146) 461256755, 
147) 462860942, 
148) 463366125, 
149) 464396298, 
150) 465622128, 
151) 466611376, 
152) 466637959, 
153) 466734475, 
154) 466922529, 
155) 470159008, 
156) 470885588, 
157) 471153209, 
158) 478533266, 
159) 478567075, 
160) 478908630, 
161) 483863313, 
162) 484010812, 
163) 493367208, 
164) 493553817, 
165) 495047218, 
166) 495157845, 
167) 498513497, 
168) 500552845, 
169) 503086544, 
170) 503414902, 
171) 505863716, 
172) 523845206, 
173) 526139242, 
174) 528064911, 
175) 529109193, 
176) 529511069, 
177) 531564874, 
178) 532152421, 
179) 532464999, 
180) 532976825, 
181) 533828653, 
182) 546201463, 
183) 547421537, 
184) 550364768, 
185) 559177826, 
186) 564455890, 
187) 567672875, 
188) 569545192, 
189) 578249809, 
190) 583406835, 
191) 583930097, 
192) 585652235, 
193) 589539101, 
194) 594615445, 
195) 596837891, 
196) 601711697, 
197) 601861024, 
198) 603755397, 
199) 610402473, 
200) 614100545, 
201) 617492356, 
202) 617548941, 
203) 619588822, 
204) 621173073, 
205) 621247341, 
206) 625706333, 
207) 627961597, 
208) 633031715, 
209) 634838954, 
210) 634963477, 
211) 636105958, 
212) 643162234, 
213) 643870928, 
214) 647361315, 
215) 650773681, 
216) 660362944, 
217) 661718008, 
218) 666429247, 
219) 669283233, 
220) 669382694, 
221) 669612639, 
222) 673447372, 
223) 677639575, 
224) 678626691, 
225) 679785035, 
226) 683020441, 
227) 685350152, 
228) 686210017, 
229) 688394195, 
230) 688519600, 
231) 692350414, 
232) 696041586, 
233) 696632784, 
234) 702027402, 
235) 702966895, 
236) 703507574, 
237) 703837878, 
238) 708066092, 
239) 723174321, 
240) 725012592, 
241) 731616201, 
242) 737305486, 
243) 741758737, 
244) 745456230, 
245) 745965993, 
246) 746533352, 
247) 746955790, 
248) 759257150, 
249) 761915344, 
250) 763878238, 
251) 764325122, 
252) 768035573, 
253) 768289869, 
254) 769359190, 
255) 770533009, 
256) 777745926, 
257) 782160588, 
258) 782519589, 
259) 787249019, 
260) 792242551, 
261) 795834211, 
262) 804948379, 
263) 810218992, 
264) 812609032, 
265) 816632804, 
266) 819542436, 
267) 828536162, 
268) 829731527, 
269) 837014296, 
270) 840076511, 
271) 841797067, 
272) 844213433, 
273) 844399619, 
274) 847302439, 
275) 850263311, 
276) 852855031, 
277) 862660708, 
278) 866124103, 
279) 872785653, 
280) 876422557, 
281) 876709625, 
282) 880778262, 
283) 883078659, 
284) 888323719, 
285) 888854029, 
286) 889695526, 
287) 892517568, 
288) 893367569, 
289) 894325488, 
290) 898850527, 
291) 901758314, 
292) 907210030, 
293) 908364554, 
294) 909131383, 
295) 912637443, 
296) 915882481, 
297) 921722374, 
298) 921844393, 
299) 924020841, 
300) 928472957, 
301) 928830330, 
302) 928860439, 
303) 930112192, 
304) 937907318, 
305) 938546154, 
306) 939974277, 
307) 941213899, 
308) 941987080, 
309) 942989472, 
310) 945846896, 
311) 948251060, 
312) 949193798, 
313) 949866288, 
314) 953344217, 
315) 954208291, 
316) 957924864, 
317) 959335401, 
318) 960071949, 
319) 963831314, 
320) 967500435, 
321) 967711659, 
322) 968010661, 
323) 970902908, 
324) 972981591, 
325) 974137099, 
326) 979553989, 
327) 980846545, 
328) 981231888, 
329) 993465577, 
330) 994170446, 
331) 995136201, 
332) 996179041, 
333) 1010669115, 
334) 1011923993, 
335) 1018047511, 
336) 1023524136, 
337) 1025192297, 
338) 1028399259, 
339) 1030856829, 
340) 1032291354, 
341) 1037849617, 
342) 1045731619, 
343) 1049290943, 
344) 1049723742, 
345) 1050409412, 
346) 1052100365, 
347) 1052767925, 
348) 1052922161, 
349) 1055796786, 
350) 1056215753, 
351) 1060795012, 
352) 1061514896, 
353) 1063982366, 
354) 1066658963, 
355) 1068742730, 
356) 1069243655, 
357) 1069257243, 
358) 1070639306, 
359) 1081281022, 
360) 1082277718, 
361) 1082712506, 
362) 1083139270, 
363) 1091488317, 
364) 1092672287, 
365) 1097370203, 
366) 1097951313, 
367) 1102463367, 
368) 1104855629, 
369) 1111323857, 
370) 1111850498, 
371) 1112215363, 
372) 1120396196, 
373) 1120941399, 
374) 1124188135, 
375) 1125999756, 
376) 1128393156, 
377) 1132934276, 
378) 1135982350, 
379) 1139604986, 
380) 1139997281, 
381) 1144694150, 
382) 1145337490, 
383) 1146403058, 
384) 1149236750, 
385) 1150208799, 
386) 1155489493, 
387) 1157911690, 
388) 1158134046, 
389) 1161292575, 
390) 1163166158, 
391) 1168664781, 
392) 1171649203, 
393) 1172577137, 
394) 1174841897, 
395) 1184456831, 
396) 1184917081, 
397) 1194458921, 
398) 1194535521, 
399) 1195544374, 
400) 1202251225, 
401) 1203252977, 
402) 1204326676, 
403) 1212037312, 
404) 1212746924, 
405) 1222433338, 
406) 1226850281, 
407) 1227234047, 
408) 1229624786, 
409) 1230392907, 
410) 1234984372, 
411) 1235529505, 
412) 1238391952, 
413) 1240158477, 
414) 1242835749, 
415) 1243768252, 
416) 1246373422, 
417) 1249234717, 
418) 1257086485, 
419) 1257982014, 
420) 1261790681, 
421) 1262751188, 
422) 1264098370, 
423) 1264354243, 
424) 1267154266, 
425) 1273612755, 
426) 1277172681, 
427) 1278164378, 
428) 1280483245, 
429) 1284512339, 
430) 1286889637, 
431) 1289877809, 
432) 1293854765, 
433) 1296048991, 
434) 1302157969, 
435) 1303207728, 
436) 1305842745, 
437) 1312696280, 
438) 1313390600, 
439) 1313838638, 
440) 1314200269, 
441) 1318174598, 
442) 1319962824, 
443) 1320148196, 
444) 1323886172, 
445) 1330613634, 
446) 1332450524, 
447) 1333090082, 
448) 1335668446, 
449) 1343519860, 
450) 1345362014, 
451) 1349439566, 
452) 1351858105, 
453) 1353273898, 
454) 1353682924, 
455) 1358885417, 
456) 1359397645, 
457) 1361789496, 
458) 1365013199, 
459) 1367663388, 
460) 1368864973, 
461) 1371317608, 
462) 1373651535, 
463) 1374866886, 
464) 1376731243, 
465) 1378210070, 
466) 1380133257, 
467) 1382046377, 
468) 1384132645, 
469) 1388575739, 
470) 1393746853, 
471) 1404395873, 
472) 1408799991, 
473) 1409269852, 
474) 1410272930, 
475) 1417292055, 
476) 1422047118, 
477) 1423491882, 
478) 1424043415, 
479) 1427418516, 
480) 1427699834, 
481) 1428582348, 
482) 1439147423, 
483) 1441927532, 
484) 1441980948, 
485) 1443332689, 
486) 1444718235, 
487) 1445889669, 
488) 1467195957, 
489) 1470951524, 
490) 1473382049, 
491) 1475443219, 
492) 1476346691, 
493) 1476425756, 
494) 1477091999, 
495) 1481327298, 
496) 1483766720, 
497) 1489544437, 
498) 1493343539, 
499) 1499670490, 
500) 1501322123, 
501) 1517507367, 
502) 1517886813, 
503) 1520648491, 
504) 1521924414, 
505) 1526294580, 
506) 1533955991, 
507) 1539574834, 
508) 1540079894, 
509) 1541761676, 
510) 1548116840, 
511) 1552370249, 
512) 1552948155, 
513) 1555399951, 
514) 1556388364, 
515) 1559598349, 
516) 1566192455, 
517) 1571997488, 
518) 1576470141, 
519) 1583320882, 
520) 1598128745, 
521) 1601604459, 
522) 1602201861, 
523) 1604283135, 
524) 1610442739, 
525) 1620430927, 
526) 1621911854, 
527) 1622080691, 
528) 1624498173, 
529) 1624773864, 
530) 1625470642, 
531) 1625786198, 
532) 1626671480, 
533) 1628572837, 
534) 1628640403, 
535) 1631690977, 
536) 1636527760, 
537) 1638715719, 
538) 1640893334, 
539) 1645440209, 
540) 1646385484, 
541) 1648621594, 
542) 1656642715, 
543) 1657812384, 
544) 1664910138, 
545) 1666816469, 
546) 1667547133, 
547) 1667740919, 
548) 1671142113, 
549) 1673688687, 
550) 1673718005, 
551) 1674982323, 
552) 1678515508, 
553) 1682512153, 
554) 1688368330, 
555) 1689386387, 
556) 1693067268, 
557) 1697041919, 
558) 1698929107, 
559) 1701128875, 
560) 1706756955, 
561) 1707728788, 
562) 1709627786, 
563) 1710333227, 
564) 1710475543, 
565) 1714129783, 
566) 1714337479, 
567) 1717579657, 
568) 1720081669, 
569) 1723247681, 
570) 1724970130, 
571) 1729598538, 
572) 1729738011, 
573) 1733937268, 
574) 1735008761, 
575) 1736622678, 
576) 1746826709, 
577) 1749122977, 
578) 1752085840, 
579) 1752607835, 
580) 1755540596, 
581) 1758465741, 
582) 1758709840, 
583) 1759972468, 
584) 1763671237, 
585) 1765435999, 
586) 1766044214, 
587) 1775855275, 
588) 1778561501, 
589) 1782441550, 
590) 1788127904, 
591) 1788732883, 
592) 1800706079, 
593) 1801100714, 
594) 1802364439, 
595) 1806989101, 
596) 1807391877, 
597) 1808081872, 
598) 1812998490, 
599) 1815548887, 
600) 1824602973, 
601) 1825939863, 
602) 1826932309, 
603) 1827032483, 
604) 1832020847, 
605) 1832045306, 
606) 1834266712, 
607) 1834901411, 
608) 1835173825, 
609) 1839458342, 
610) 1843873490, 
611) 1849256737, 
612) 1852830260, 
613) 1856518338, 
614) 1858311441, 
615) 1859269560, 
616) 1859805901, 
617) 1859992399, 
618) 1865058454, 
619) 1866174529, 
620) 1867890606, 
621) 1869753541, 
622) 1870984522, 
623) 1876869968, 
624) 1881381016, 
625) 1881495222, 
626) 1885319699, 
627) 1885334176, 
628) 1887426248, 
629) 1892655551, 
630) 1903914001, 
631) 1907055853, 
632) 1908899086, 
633) 1909291337, 
634) 1912480295, 
635) 1916691235, 
636) 1917899952, 
637) 1919273755, 
638) 1921425804, 
639) 1923127950, 
640) 1925322987, 
641) 1928309992, 
642) 1930818110, 
643) 1933899876, 
644) 1937069407, 
645) 1937294919, 
646) 1939133195, 
647) 1944491633, 
648) 1949247360, 
649) 1949727932, 
650) 1959851927, 
651) 1960759883, 
652) 1961320756, 
653) 1962795736, 
654) 1966484347, 
655) 1979386708, 
656) 1983107858, 
657) 1983396784, 
658) 1983800931, 
659) 1986160682, 
660) 1987351354, 
661) 1993934272, 
662) 1994350094, 
663) 1998129044, 
664) 1998308187, 
665) 1998596723, 
666) 1999550843, 
667) 2000806385, 
668) 2003482098, 
669) 2006731420, 
670) 2013129069, 
671) 2013480458, 
672) 2019543217, 
673) 2020241535, 
674) 2020404653, 
675) 2025989696, 
676) 2027104278, 
677) 2029202269, 
678) 2038548352, 
679) 2038930087, 
680) 2040786973, 
681) 2044748164, 
682) 2046213550, 
683) 2046682341, 
684) 2055355512, 
685) 2057302967, 
686) 2062447725, 
687) 2064102833, 
688) 2078961697, 
689) 2079232295, 
690) 2079361566, 
691) 2081811536, 
692) 2084970481, 
693) 2087346884, 
694) 2094841374, 
695) 2097353351, 
696) 2104627655, 
697) 2107507909, 
698) 2108350784, 
699) 2115429341, 
700) 2116975300, 
701) 2119231160, 
702) 2123290645, 
703) 2123728177, 
704) 2124704381, 
705) 2138666026, 
706) 2142895312, 
707) 2143236408, 
708) 2146219816, 
709) 2152475609, 
710) 2155295492, 
711) 2157058495, 
712) 2160117523, 
713) 2165164354, 
714) 2165297082, 
715) 2170720436, 
716) 2173142669, 
717) 2179705819, 
718) 2180209532, 
719) 2183239034, 
720) 2183858715, 
721) 2183974943, 
722) 2185781951, 
723) 2192994178, 
724) 2193470898, 
725) 2198386442, 
726) 2198411721, 
727) 2199106113, 
728) 2199166014, 
729) 2203361766, 
730) 2207804888, 
731) 2207939402, 
732) 2207993828, 
733) 2208940085, 
734) 2214256295, 
735) 2214519313, 
736) 2214971253, 
737) 2220250159, 
738) 2226225326, 
739) 2231683551, 
740) 2232591375, 
741) 2232685470, 
742) 2237811841, 
743) 2238632661, 
744) 2240279016, 
745) 2248544306, 
746) 2251814102, 
747) 2254183232, 
748) 2254542911, 
749) 2256222673, 
750) 2258049820, 
751) 2258334447, 
752) 2265443577, 
753) 2267642564, 
754) 2267805953, 
755) 2269493688, 
756) 2271082199, 
757) 2273868034, 
758) 2276275658, 
759) 2277911876, 
760) 2286120668, 
761) 2289080968, 
762) 2289299945, 
763) 2289745370, 
764) 2294717756, 
765) 2296469622, 
766) 2303906561, 
767) 2307168981, 
768) 2312575279, 
769) 2319912223, 
770) 2324199925, 
771) 2324629635, 
772) 2325653496, 
773) 2328009245, 
774) 2328435288, 
775) 2329891064, 
776) 2331085622, 
777) 2332303787, 
778) 2332756997, 
779) 2334296293, 
780) 2337324347, 
781) 2343310405, 
782) 2345174978, 
783) 2348301277, 
784) 2350382658, 
785) 2353180845, 
786) 2353318168, 
787) 2358425478, 
788) 2360808010, 
789) 2364855137, 
790) 2368785631, 
791) 2373514897, 
792) 2379579441, 
793) 2384415577, 
794) 2388673237, 
795) 2396333445, 
796) 2397687504, 
797) 2401437003, 
798) 2407247122, 
799) 2412077860, 
800) 2414187346, 
801) 2414910180, 
802) 2419602676, 
803) 2419630371, 
804) 2422630796, 
805) 2429238868, 
806) 2430761089, 
807) 2432530419, 
808) 2434919355, 
809) 2436839115, 
810) 2437766723, 
811) 2439438474, 
812) 2442178711, 
813) 2442301955, 
814) 2444264576, 
815) 2444613860, 
816) 2448494868, 
817) 2457621156, 
818) 2460456844, 
819) 2463156916, 
820) 2468198942, 
821) 2468303157, 
822) 2469550440, 
823) 2470183168, 
824) 2471407623, 
825) 2474923168, 
826) 2476600567, 
827) 2477221197, 
828) 2481084750, 
829) 2481484995, 
830) 2483779504, 
831) 2490895307, 
832) 2491643595, 
833) 2492223843, 
834) 2495234008, 
835) 2496570625, 
836) 2498678565, 
837) 2502505133, 
838) 2503941744, 
839) 2508138114, 
840) 2509157178, 
841) 2511713076, 
842) 2516161024, 
843) 2519570078, 
844) 2519728981, 
845) 2520143103, 
846) 2527657834, 
847) 2528266055, 
848) 2529946042, 
849) 2537673644, 
850) 2539178017, 
851) 2540223076, 
852) 2541521729, 
853) 2547627564, 
854) 2551913576, 
855) 2560839547, 
856) 2571162813, 
857) 2572597952, 
858) 2573392099, 
859) 2577159933, 
860) 2582045588, 
861) 2583799601, 
862) 2588244961, 
863) 2594140107, 
864) 2599120243, 
865) 2608845681, 
866) 2610143688, 
867) 2612210609, 
868) 2617805450, 
869) 2617862126, 
870) 2619890426, 
871) 2619898043, 
872) 2620449345, 
873) 2620545532, 
874) 2620944735, 
875) 2622441808, 
876) 2623980616, 
877) 2624766907, 
878) 2631101140, 
879) 2631144240, 
880) 2638202111, 
881) 2645069167, 
882) 2649581526, 
883) 2649652624, 
884) 2650353479, 
885) 2652495323, 
886) 2657292120, 
887) 2660313672, 
888) 2669213177, 
889) 2674067646, 
890) 2679310354, 
891) 2679546120, 
892) 2681700518, 
893) 2689405912, 
894) 2693237363, 
895) 2693745909, 
896) 2696258699, 
897) 2696411847, 
898) 2696528812, 
899) 2696745147, 
900) 2705578098, 
901) 2706043033, 
902) 2707235153, 
903) 2713932911, 
904) 2717598764, 
905) 2718727706, 
906) 2720608968, 
907) 2726413125, 
908) 2727163030, 
909) 2728508504, 
910) 2733814709, 
911) 2736732640, 
912) 2743847538, 
913) 2746455092, 
914) 2754210366, 
915) 2755091823, 
916) 2759226449, 
917) 2759777953, 
918) 2763353048, 
919) 2770105312, 
920) 2771541707, 
921) 2771910761, 
922) 2774843231, 
923) 2778059329, 
924) 2780830849, 
925) 2792259366, 
926) 2793214889, 
927) 2796380320, 
928) 2797110931, 
929) 2797242315, 
930) 2797743631, 
931) 2798870659, 
932) 2800447715, 
933) 2800644713, 
934) 2800767716, 
935) 2801438379, 
936) 2803651643, 
937) 2811915698, 
938) 2814502503, 
939) 2815892359, 
940) 2816325116, 
941) 2824791010, 
942) 2825263461, 
943) 2826885216, 
944) 2827269188, 
945) 2827755322, 
946) 2828243376, 
947) 2830654935, 
948) 2831353415, 
949) 2833822771, 
950) 2836395410, 
951) 2840702973, 
952) 2844426934, 
953) 2849874417, 
954) 2852393719, 
955) 2861245163, 
956) 2861611637, 
957) 2861765547, 
958) 2862858208, 
959) 2863750001, 
960) 2866232518, 
961) 2870522647, 
962) 2872289812, 
963) 2875911259, 
964) 2879509985, 
965) 2879997089, 
966) 2883170910, 
967) 2884808837, 
968) 2886597557, 
969) 2906708982, 
970) 2916275300, 
971) 2917594432, 
972) 2918034202, 
973) 2927066186, 
974) 2929049797, 
975) 2929650615, 
976) 2929928368, 
977) 2930487339, 
978) 2938998009, 
979) 2939367089, 
980) 2939734338, 
981) 2941944319, 
982) 2952435247, 
983) 2953281397, 
984) 2955901497, 
985) 2956385874, 
986) 2961465451, 
987) 2963097748, 
988) 2963312364, 
989) 2964036305, 
990) 2965074860, 
991) 2970997194, 
992) 2971136335, 
993) 2972848877, 
994) 2976075719, 
995) 2979844568, 
996) 2984704055, 
997) 2990134367, 
998) 2994264494, 
999) 2995336876, 
