Number of elements is 500
Type of array is sorted
Sorting algorithm - merge
Running time of sorting algorithm is 172ms
0) 4170115, 
1) 6225317, 
2) 32768676, 
3) 45555351, 
4) 54681279, 
5) 55542776, 
6) 58174886, 
7) 65358036, 
8) 73130698, 
9) 75213402, 
10) 80407590, 
11) 84275112, 
12) 92714495, 
13) 93609110, 
14) 100343641, 
15) 108137783, 
16) 113566716, 
17) 120026892, 
18) 123832367, 
19) 137017110, 
20) 143703812, 
21) 145897893, 
22) 156945669, 
23) 159468473, 
24) 178531090, 
25) 191405491, 
26) 191647877, 
27) 198700395, 
28) 211174519, 
29) 214269325, 
30) 216895731, 
31) 217555180, 
32) 218676972, 
33) 220054929, 
34) 221327541, 
35) 221876359, 
36) 223963807, 
37) 225996592, 
38) 236247853, 
39) 246480275, 
40) 260977953, 
41) 262129430, 
42) 269127398, 
43) 270828739, 
44) 273514103, 
45) 288452263, 
46) 288489410, 
47) 291595957, 
48) 293555794, 
49) 305908583, 
50) 308622053, 
51) 317435429, 
52) 321934496, 
53) 326811012, 
54) 327925198, 
55) 332732239, 
56) 333927610, 
57) 334943458, 
58) 335751803, 
59) 339927989, 
60) 341023802, 
61) 345808320, 
62) 354385008, 
63) 362013563, 
64) 362831719, 
65) 375677527, 
66) 376552052, 
67) 378277891, 
68) 379395933, 
69) 379748449, 
70) 382928437, 
71) 392697877, 
72) 394065191, 
73) 414636260, 
74) 421797887, 
75) 424443452, 
76) 426723218, 
77) 433836080, 
78) 436261068, 
79) 438944223, 
80) 443668737, 
81) 444125554, 
82) 452126809, 
83) 453835730, 
84) 458193997, 
85) 458232418, 
86) 461458827, 
87) 468083308, 
88) 470421642, 
89) 477528218, 
90) 480720339, 
91) 482552520, 
92) 486858623, 
93) 498980245, 
94) 518642204, 
95) 524308597, 
96) 533128788, 
97) 551083138, 
98) 563234215, 
99) 565647506, 
100) 567829222, 
101) 569437252, 
102) 586386542, 
103) 613225599, 
104) 616567388, 
105) 617153345, 
106) 624691705, 
107) 629006826, 
108) 640939447, 
109) 641612013, 
110) 645016014, 
111) 651645274, 
112) 656724606, 
113) 660886845, 
114) 662097743, 
115) 700839286, 
116) 712237984, 
117) 730684941, 
118) 731351130, 
119) 735643821, 
120) 736833876, 
121) 740395160, 
122) 740598549, 
123) 743702052, 
124) 749833579, 
125) 761770691, 
126) 766929605, 
127) 773155596, 
128) 785897757, 
129) 795426287, 
130) 796062134, 
131) 819387456, 
132) 820088357, 
133) 821567256, 
134) 823440687, 
135) 823753134, 
136) 841584674, 
137) 849638055, 
138) 852912477, 
139) 854324632, 
140) 855632775, 
141) 856780356, 
142) 860242935, 
143) 862121069, 
144) 863800474, 
145) 868022877, 
146) 872199136, 
147) 875085882, 
148) 879026192, 
149) 883542852, 
150) 886270212, 
151) 895156807, 
152) 905819456, 
153) 911716619, 
154) 924168602, 
155) 924237650, 
156) 931107567, 
157) 939034238, 
158) 945071665, 
159) 951255868, 
160) 962166966, 
161) 964354578, 
162) 965027381, 
163) 981557924, 
164) 998109076, 
165) 1002743732, 
166) 1004166551, 
167) 1005906775, 
168) 1009006764, 
169) 1010734073, 
170) 1012397247, 
171) 1014790837, 
172) 1018293272, 
173) 1026261511, 
174) 1036380380, 
175) 1052621286, 
176) 1062281762, 
177) 1068693647, 
178) 1076032604, 
179) 1080548340, 
180) 1081312536, 
181) 1091066377, 
182) 1107595335, 
183) 1108100803, 
184) 1126369906, 
185) 1129653642, 
186) 1134802463, 
187) 1146077735, 
188) 1147451434, 
189) 1152502129, 
190) 1157551022, 
191) 1162861346, 
192) 1164329247, 
193) 1167075214, 
194) 1170278137, 
195) 1171507746, 
196) 1171861783, 
197) 1174222369, 
198) 1175569272, 
199) 1178842780, 
200) 1187589428, 
201) 1189366339, 
202) 1192742692, 
203) 1200865473, 
204) 1207629941, 
205) 1209014862, 
206) 1209514813, 
207) 1215372064, 
208) 1216653021, 
209) 1217388448, 
210) 1219076250, 
211) 1219578649, 
212) 1224592583, 
213) 1235647348, 
214) 1236337055, 
215) 1237836213, 
216) 1250763867, 
217) 1252632439, 
218) 1253107357, 
219) 1253805154, 
220) 1257495034, 
221) 1263042682, 
222) 1264760932, 
223) 1271162764, 
224) 1271703501, 
225) 1273229335, 
226) 1286368671, 
227) 1286970018, 
228) 1295120441, 
229) 1297057528, 
230) 1300287218, 
231) 1303652372, 
232) 1304306867, 
233) 1317272346, 
234) 1344731780, 
235) 1347343030, 
236) 1349571786, 
237) 1359741135, 
238) 1363867861, 
239) 1364843161, 
240) 1365946132, 
241) 1379764529, 
242) 1394547195, 
243) 1403235243, 
244) 1407657386, 
245) 1423603165, 
246) 1431803450, 
247) 1453093318, 
248) 1454889284, 
249) 1457623243, 
250) 1460264777, 
251) 1464098920, 
252) 1490015672, 
253) 1496360194, 
254) 1503536131, 
255) 1511883917, 
256) 1521691925, 
257) 1537160908, 
258) 1549241396, 
259) 1559632664, 
260) 1561250881, 
261) 1561548974, 
262) 1566936403, 
263) 1567821910, 
264) 1570308867, 
265) 1576113345, 
266) 1578770381, 
267) 1580014447, 
268) 1583888363, 
269) 1584152901, 
270) 1601708400, 
271) 1603252078, 
272) 1606922381, 
273) 1611752990, 
274) 1621065215, 
275) 1621105246, 
276) 1622991768, 
277) 1631572559, 
278) 1640583421, 
279) 1642079797, 
280) 1644820093, 
281) 1647760938, 
282) 1664551431, 
283) 1679249424, 
284) 1686137757, 
285) 1692139790, 
286) 1693023764, 
287) 1699541249, 
288) 1700225542, 
289) 1701462364, 
290) 1702872008, 
291) 1706470166, 
292) 1714076989, 
293) 1728482932, 
294) 1728894327, 
295) 1739872898, 
296) 1740855306, 
297) 1751162733, 
298) 1761954799, 
299) 1768801020, 
300) 1769843135, 
301) 1779123725, 
302) 1791702258, 
303) 1807883123, 
304) 1824894314, 
305) 1825067521, 
306) 1828304832, 
307) 1832238280, 
308) 1844197235, 
309) 1853218125, 
310) 1861165949, 
311) 1866362760, 
312) 1870224594, 
313) 1892931603, 
314) 1896083766, 
315) 1899972388, 
316) 1900936900, 
317) 1903036955, 
318) 1919838246, 
319) 1921084153, 
320) 1925048907, 
321) 1926876253, 
322) 1930061076, 
323) 1934389136, 
324) 1935601479, 
325) 1946223049, 
326) 1947349945, 
327) 1966921618, 
328) 1983428414, 
329) 1988578944, 
330) 1992517371, 
331) 1997959162, 
332) 2010424117, 
333) 2012694528, 
334) 2016944722, 
335) 2048217473, 
336) 2049821352, 
337) 2054694793, 
338) 2055705144, 
339) 2064630303, 
340) 2067105570, 
341) 2069356222, 
342) 2070491055, 
343) 2072992013, 
344) 2091644667, 
345) 2099688678, 
346) 2105427344, 
347) 2118320125, 
348) 2127144524, 
349) 2132383684, 
350) 2136588045, 
351) 2138922911, 
352) 2141347475, 
353) 2148240843, 
354) 2154426760, 
355) 2154928704, 
356) 2155380011, 
357) 2155967261, 
358) 2158478225, 
359) 2162708640, 
360) 2163203990, 
361) 2164607821, 
362) 2166339488, 
363) 2166383228, 
364) 2167905819, 
365) 2175533135, 
366) 2177235048, 
367) 2184651825, 
368) 2187423693, 
369) 2199626193, 
370) 2227989778, 
371) 2230369981, 
372) 2234237708, 
373) 2249089426, 
374) 2251314863, 
375) 2252262493, 
376) 2264692571, 
377) 2267696035, 
378) 2274955898, 
379) 2282598941, 
380) 2294545379, 
381) 2305278336, 
382) 2305790198, 
383) 2306720307, 
384) 2310693768, 
385) 2318052769, 
386) 2338694611, 
387) 2338926839, 
388) 2340695504, 
389) 2347362234, 
390) 2356993231, 
391) 2363390959, 
392) 2366199270, 
393) 2368227688, 
394) 2368493900, 
395) 2383104422, 
396) 2386772064, 
397) 2387520671, 
398) 2389491090, 
399) 2395195208, 
400) 2397758943, 
401) 2399660710, 
402) 2421652338, 
403) 2432738032, 
404) 2433256888, 
405) 2434758932, 
406) 2437457375, 
407) 2437610850, 
408) 2439540674, 
409) 2441748312, 
410) 2466926575, 
411) 2472779970, 
412) 2474877972, 
413) 2475261114, 
414) 2475275650, 
415) 2477606275, 
416) 2483381274, 
417) 2490827713, 
418) 2491598957, 
419) 2503331695, 
420) 2514724533, 
421) 2532420544, 
422) 2533421760, 
423) 2536167829, 
424) 2539491083, 
425) 2543440676, 
426) 2545076334, 
427) 2547563229, 
428) 2556512072, 
429) 2565983643, 
430) 2570241133, 
431) 2575585696, 
432) 2582173338, 
433) 2582485227, 
434) 2582587929, 
435) 2587930662, 
436) 2588965317, 
437) 2591863243, 
438) 2591974596, 
439) 2592623799, 
440) 2610189308, 
441) 2614175140, 
442) 2615823267, 
443) 2623539499, 
444) 2624118267, 
445) 2625588163, 
446) 2627404197, 
447) 2634216241, 
448) 2634266680, 
449) 2635413149, 
450) 2635456228, 
451) 2640239886, 
452) 2643990185, 
453) 2647878320, 
454) 2649570579, 
455) 2657505619, 
456) 2658745964, 
457) 2658987689, 
458) 2661628969, 
459) 2661995534, 
460) 2663293303, 
461) 2663367992, 
462) 2676718844, 
463) 2685363112, 
464) 2691838746, 
465) 2697410334, 
466) 2698216481, 
467) 2722102480, 
468) 2727924763, 
469) 2731805213, 
470) 2731991590, 
471) 2741032470, 
472) 2746370670, 
473) 2758868445, 
474) 2760961014, 
475) 2764542777, 
476) 2766124015, 
477) 2785749938, 
478) 2798853913, 
479) 2803579937, 
480) 2808098780, 
481) 2811228579, 
482) 2812542273, 
483) 2814647764, 
484) 2818302482, 
485) 2841174061, 
486) 2853248010, 
487) 2863561288, 
488) 2874945588, 
489) 2882532871, 
490) 2888602036, 
491) 2892023579, 
492) 2895855643, 
493) 2897893689, 
494) 2912161649, 
495) 2930342824, 
496) 2937643204, 
497) 2974255630, 
498) 2979016493, 
499) 2992839167, 
