Number of elements is 100
Type of array is reversed
Sorting algorithm - Shell
Running time of sorting algorithm is 4ms
0) 66082725, 
1) 57427307, 
2) 50778892, 
3) 70022145, 
4) 81182713, 
5) 116817194, 
6) 170300127, 
7) 232186694, 
8) 276669739, 
9) 296407930, 
10) 390234810, 
11) 453016540, 
12) 466020411, 
13) 473785783, 
14) 498518348, 
15) 567890781, 
16) 626252656, 
17) 641955197, 
18) 669768048, 
19) 676701636, 
20) 693275727, 
21) 720591963, 
22) 747525123, 
23) 777679155, 
24) 788782412, 
25) 831009910, 
26) 794099311, 
27) 792204579, 
28) 878232431, 
29) 909031221, 
30) 919377395, 
31) 938174007, 
32) 945679186, 
33) 965198219, 
34) 966868532, 
35) 1044793568, 
36) 1048863899, 
37) 1065073615, 
38) 1088353916, 
39) 1107833692, 
40) 1159526558, 
41) 1179171567, 
42) 1207283836, 
43) 1208220734, 
44) 1240168688, 
45) 1280552649, 
46) 1334517319, 
47) 1391115423, 
48) 1406507921, 
49) 1485280822, 
50) 1774505179, 
51) 1529019191, 
52) 1489886638, 
53) 1861251478, 
54) 1894471834, 
55) 1915316844, 
56) 1936599153, 
57) 1984441571, 
58) 2047410281, 
59) 2088278725, 
60) 2095860641, 
61) 2102706471, 
62) 2110418321, 
63) 2127308443, 
64) 2151909928, 
65) 2233309193, 
66) 2240584046, 
67) 2249913284, 
68) 2251781233, 
69) 2303573726, 
70) 2310454722, 
71) 2350227673, 
72) 2411115916, 
73) 2462377582, 
74) 2470206009, 
75) 2599766297, 
76) 2495905818, 
77) 2472121763, 
78) 2613023173, 
79) 2624418976, 
80) 2644985824, 
81) 2672558126, 
82) 2704360363, 
83) 2725688571, 
84) 2734413145, 
85) 2742880894, 
86) 2753225117, 
87) 2759925600, 
88) 2803459578, 
89) 2812282341, 
90) 2828451412, 
91) 2860277258, 
92) 2902406202, 
93) 2914199618, 
94) 2921329439, 
95) 2936752522, 
96) 2957408301, 
97) 2962905937, 
98) 2962981109, 
99) 2986719842, 
