Number of elements is 500
Type of array is sorted
Sorting algorithm - Shell
Running time of sorting algorithm is 16ms
0) 978482, 
1) 3270101, 
2) 15185613, 
3) 19475050, 
4) 46452831, 
5) 53906656, 
6) 59082278, 
7) 60245127, 
8) 68213798, 
9) 71921731, 
10) 73485563, 
11) 74939320, 
12) 75960511, 
13) 82110145, 
14) 88466539, 
15) 95379320, 
16) 98860541, 
17) 111008497, 
18) 140712883, 
19) 142952283, 
20) 144776913, 
21) 154342178, 
22) 156189251, 
23) 165036607, 
24) 173446460, 
25) 180818180, 
26) 199097611, 
27) 202865586, 
28) 213938030, 
29) 216960333, 
30) 223573217, 
31) 226260493, 
32) 229020067, 
33) 235282258, 
34) 251280103, 
35) 254922671, 
36) 255377066, 
37) 256490449, 
38) 261605157, 
39) 262289129, 
40) 273337953, 
41) 274780011, 
42) 281773365, 
43) 282010768, 
44) 282428494, 
45) 285567297, 
46) 291210015, 
47) 294931530, 
48) 312209983, 
49) 315663317, 
50) 317221256, 
51) 328390041, 
52) 330263575, 
53) 338365957, 
54) 347520381, 
55) 349633071, 
56) 350464817, 
57) 351899895, 
58) 356116900, 
59) 356492870, 
60) 357521171, 
61) 357596932, 
62) 371583148, 
63) 377692740, 
64) 379273349, 
65) 381615347, 
66) 394827806, 
67) 399376633, 
68) 400408842, 
69) 412898562, 
70) 416552804, 
71) 419618545, 
72) 428864593, 
73) 442333550, 
74) 444858682, 
75) 455009603, 
76) 455568765, 
77) 467154727, 
78) 470630024, 
79) 479425972, 
80) 486798898, 
81) 493972769, 
82) 501968408, 
83) 517624989, 
84) 518418370, 
85) 518864144, 
86) 520008879, 
87) 533734260, 
88) 534033372, 
89) 545125015, 
90) 548743865, 
91) 549490904, 
92) 567645233, 
93) 574665743, 
94) 581361190, 
95) 597689176, 
96) 597791121, 
97) 614676228, 
98) 618718003, 
99) 620894329, 
100) 625176420, 
101) 629663439, 
102) 640813398, 
103) 654556423, 
104) 657637226, 
105) 659155458, 
106) 672953352, 
107) 679576507, 
108) 687286577, 
109) 714789037, 
110) 719696690, 
111) 722999688, 
112) 725219868, 
113) 727586341, 
114) 730196660, 
115) 737724567, 
116) 738615247, 
117) 742609649, 
118) 744615175, 
119) 759283466, 
120) 774816767, 
121) 779985211, 
122) 787643150, 
123) 801505934, 
124) 802526903, 
125) 819940554, 
126) 822317072, 
127) 825753131, 
128) 839467884, 
129) 844084366, 
130) 844659489, 
131) 845117978, 
132) 856589232, 
133) 863910511, 
134) 874797029, 
135) 875916637, 
136) 884593862, 
137) 886073775, 
138) 886532521, 
139) 892583612, 
140) 903719023, 
141) 907017985, 
142) 909352359, 
143) 915954731, 
144) 926986303, 
145) 929702140, 
146) 932451473, 
147) 935045316, 
148) 949146062, 
149) 964602826, 
150) 976394138, 
151) 978813819, 
152) 978819046, 
153) 1000157745, 
154) 1003198324, 
155) 1007613462, 
156) 1008792719, 
157) 1017627174, 
158) 1019922804, 
159) 1027214070, 
160) 1038948765, 
161) 1039372972, 
162) 1040181239, 
163) 1050758919, 
164) 1051471808, 
165) 1060776742, 
166) 1068750202, 
167) 1074753331, 
168) 1093828846, 
169) 1094462304, 
170) 1100548307, 
171) 1103977396, 
172) 1110338407, 
173) 1110490799, 
174) 1110911595, 
175) 1118267146, 
176) 1124480728, 
177) 1130960933, 
178) 1131072502, 
179) 1136236765, 
180) 1137040127, 
181) 1137054590, 
182) 1162093089, 
183) 1163680075, 
184) 1169372741, 
185) 1169839553, 
186) 1170063564, 
187) 1178636506, 
188) 1187145127, 
189) 1193853566, 
190) 1195894480, 
191) 1213068569, 
192) 1220089673, 
193) 1222333603, 
194) 1223767689, 
195) 1231720306, 
196) 1247971053, 
197) 1254076807, 
198) 1256661069, 
199) 1277302805, 
200) 1301865212, 
201) 1303885164, 
202) 1313307392, 
203) 1321396001, 
204) 1322920873, 
205) 1335799385, 
206) 1339039479, 
207) 1341704530, 
208) 1347603611, 
209) 1353061479, 
210) 1353931250, 
211) 1358320336, 
212) 1358366236, 
213) 1362819267, 
214) 1365037005, 
215) 1378881498, 
216) 1381668471, 
217) 1383695074, 
218) 1387796406, 
219) 1401372761, 
220) 1402464025, 
221) 1411716340, 
222) 1417451410, 
223) 1418663628, 
224) 1419761455, 
225) 1426930933, 
226) 1430044454, 
227) 1437697279, 
228) 1441120633, 
229) 1443803581, 
230) 1448880326, 
231) 1455818525, 
232) 1456047855, 
233) 1474683395, 
234) 1480538539, 
235) 1491554686, 
236) 1494039462, 
237) 1496404084, 
238) 1508702559, 
239) 1509999315, 
240) 1511504237, 
241) 1514780230, 
242) 1517192496, 
243) 1520210470, 
244) 1525989949, 
245) 1532434406, 
246) 1533075559, 
247) 1538403190, 
248) 1542104252, 
249) 1544738508, 
250) 1550271194, 
251) 1555548622, 
252) 1556067425, 
253) 1557373473, 
254) 1565218926, 
255) 1571869509, 
256) 1578834179, 
257) 1581349222, 
258) 1584574971, 
259) 1584996658, 
260) 1593528169, 
261) 1601771677, 
262) 1602499321, 
263) 1611205127, 
264) 1611567982, 
265) 1614848872, 
266) 1615851657, 
267) 1616153778, 
268) 1618681313, 
269) 1620565753, 
270) 1623168538, 
271) 1627076820, 
272) 1648546734, 
273) 1657275375, 
274) 1666022972, 
275) 1666866989, 
276) 1677477199, 
277) 1681850578, 
278) 1682977701, 
279) 1688015955, 
280) 1688963737, 
281) 1693621567, 
282) 1697581529, 
283) 1706826129, 
284) 1708254886, 
285) 1709317420, 
286) 1720075936, 
287) 1723321046, 
288) 1724514053, 
289) 1726271537, 
290) 1729736277, 
291) 1739110423, 
292) 1742226220, 
293) 1752811679, 
294) 1765903069, 
295) 1781397776, 
296) 1789949504, 
297) 1797801507, 
298) 1798914240, 
299) 1799247672, 
300) 1816694156, 
301) 1818750978, 
302) 1821569476, 
303) 1834918424, 
304) 1842130866, 
305) 1844665250, 
306) 1852311977, 
307) 1856211286, 
308) 1869330084, 
309) 1884313593, 
310) 1886586874, 
311) 1888704666, 
312) 1889626969, 
313) 1892885843, 
314) 1897613974, 
315) 1904825478, 
316) 1910045153, 
317) 1914098239, 
318) 1923970791, 
319) 1925941173, 
320) 1928708301, 
321) 1929626455, 
322) 1931840790, 
323) 1935819961, 
324) 1936434472, 
325) 1938242034, 
326) 1947061602, 
327) 1951112716, 
328) 1959807581, 
329) 1964666103, 
330) 1973380202, 
331) 1973595635, 
332) 1983833889, 
333) 1986161646, 
334) 1990750417, 
335) 1995989077, 
336) 2002858044, 
337) 2008908767, 
338) 2011260320, 
339) 2015299204, 
340) 2021429507, 
341) 2027099956, 
342) 2036665433, 
343) 2041100807, 
344) 2049336241, 
345) 2062603385, 
346) 2069053121, 
347) 2078018442, 
348) 2079304226, 
349) 2081765930, 
350) 2088624417, 
351) 2093249504, 
352) 2096918739, 
353) 2099641247, 
354) 2099788149, 
355) 2102215660, 
356) 2107010087, 
357) 2108155153, 
358) 2111647135, 
359) 2116218434, 
360) 2117568112, 
361) 2124596607, 
362) 2126590158, 
363) 2129773704, 
364) 2137718650, 
365) 2150937552, 
366) 2174556737, 
367) 2181732352, 
368) 2183129074, 
369) 2187132692, 
370) 2190943709, 
371) 2196519765, 
372) 2198066949, 
373) 2200251041, 
374) 2202006149, 
375) 2208117002, 
376) 2222783721, 
377) 2229862411, 
378) 2235098410, 
379) 2253361415, 
380) 2254077798, 
381) 2261609163, 
382) 2270851274, 
383) 2272318626, 
384) 2287800478, 
385) 2291813825, 
386) 2307292459, 
387) 2317490419, 
388) 2322388529, 
389) 2331925460, 
390) 2341052900, 
391) 2349654755, 
392) 2351523474, 
393) 2363882331, 
394) 2366393001, 
395) 2366847338, 
396) 2372757404, 
397) 2376620735, 
398) 2384172931, 
399) 2389625551, 
400) 2403632156, 
401) 2403729705, 
402) 2404945660, 
403) 2408247701, 
404) 2416008186, 
405) 2425021258, 
406) 2427539640, 
407) 2430532069, 
408) 2433416008, 
409) 2457054402, 
410) 2470372688, 
411) 2475415493, 
412) 2484359415, 
413) 2492587793, 
414) 2492912591, 
415) 2501392275, 
416) 2503898340, 
417) 2506341836, 
418) 2513707877, 
419) 2529763301, 
420) 2541416333, 
421) 2542458978, 
422) 2551922058, 
423) 2556441829, 
424) 2575456150, 
425) 2576166150, 
426) 2583621115, 
427) 2594343831, 
428) 2598313162, 
429) 2600802461, 
430) 2604318371, 
431) 2608869132, 
432) 2614513020, 
433) 2619798363, 
434) 2626208346, 
435) 2628483197, 
436) 2628514775, 
437) 2628765486, 
438) 2632306617, 
439) 2639446784, 
440) 2640930943, 
441) 2655198651, 
442) 2664591163, 
443) 2670243140, 
444) 2671293085, 
445) 2676017409, 
446) 2676782300, 
447) 2679800678, 
448) 2684501932, 
449) 2689467962, 
450) 2696117964, 
451) 2717310679, 
452) 2717674182, 
453) 2719364077, 
454) 2720361417, 
455) 2721007887, 
456) 2726528816, 
457) 2727799259, 
458) 2729482707, 
459) 2740575176, 
460) 2758907820, 
461) 2769310568, 
462) 2792888002, 
463) 2794355307, 
464) 2795543959, 
465) 2801156863, 
466) 2806942496, 
467) 2809165111, 
468) 2827302369, 
469) 2829096023, 
470) 2832589746, 
471) 2832879142, 
472) 2833741113, 
473) 2839357129, 
474) 2846150187, 
475) 2847146202, 
476) 2852995808, 
477) 2854113275, 
478) 2870061525, 
479) 2873154917, 
480) 2879311966, 
481) 2881158086, 
482) 2884985182, 
483) 2893849996, 
484) 2898814162, 
485) 2903515998, 
486) 2906605523, 
487) 2912954471, 
488) 2921486521, 
489) 2928147902, 
490) 2930503995, 
491) 2931521669, 
492) 2934680692, 
493) 2935801146, 
494) 2936186215, 
495) 2954440897, 
496) 2969663335, 
497) 2980945225, 
498) 2987002363, 
499) 2992519305, 
