Number of elements is 5000
Type of array is sorted
Sorting algorithm - Shell
Running time of sorting algorithm is 229ms
0) 101196, 
1) 290143, 
2) 298984, 
3) 773647, 
4) 1842642, 
5) 1966301, 
6) 2618774, 
7) 3256479, 
8) 3498894, 
9) 3562600, 
10) 3957523, 
11) 4704605, 
12) 5548654, 
13) 6930962, 
14) 7236962, 
15) 7588872, 
16) 7664298, 
17) 9090836, 
18) 10269157, 
19) 11651504, 
20) 12631718, 
21) 13361945, 
22) 13572648, 
23) 13605339, 
24) 14819967, 
25) 15390588, 
26) 15938633, 
27) 16591458, 
28) 17951639, 
29) 19027691, 
30) 19530052, 
31) 20200338, 
32) 20774266, 
33) 21255191, 
34) 22755430, 
35) 23321276, 
36) 23458446, 
37) 24678206, 
38) 25011070, 
39) 26150647, 
40) 26258589, 
41) 26780104, 
42) 27331142, 
43) 28172860, 
44) 28591860, 
45) 30260057, 
46) 31494944, 
47) 31993623, 
48) 34165180, 
49) 34458488, 
50) 34862785, 
51) 35073060, 
52) 35481254, 
53) 35615803, 
54) 35703701, 
55) 35732350, 
56) 35925833, 
57) 37185795, 
58) 37433640, 
59) 37956010, 
60) 38532886, 
61) 39658123, 
62) 40124356, 
63) 41284618, 
64) 41335811, 
65) 41782139, 
66) 42882229, 
67) 43208880, 
68) 43751402, 
69) 44149069, 
70) 44177661, 
71) 44240691, 
72) 44833422, 
73) 45381286, 
74) 48900852, 
75) 49354988, 
76) 49496357, 
77) 49648763, 
78) 50383402, 
79) 50579178, 
80) 50764457, 
81) 50766787, 
82) 50871483, 
83) 51123933, 
84) 51494498, 
85) 52265071, 
86) 52599481, 
87) 52738381, 
88) 53158769, 
89) 53307719, 
90) 54499961, 
91) 54796777, 
92) 55302641, 
93) 55676899, 
94) 56070072, 
95) 56330410, 
96) 56822885, 
97) 57262161, 
98) 57498402, 
99) 57552667, 
100) 57671611, 
101) 57737856, 
102) 58227263, 
103) 59674065, 
104) 59683988, 
105) 60870838, 
106) 60918771, 
107) 61517717, 
108) 61644807, 
109) 61701503, 
110) 62248219, 
111) 62627758, 
112) 62813412, 
113) 63316816, 
114) 63445909, 
115) 63542120, 
116) 63978058, 
117) 64408664, 
118) 64790007, 
119) 64867047, 
120) 65337743, 
121) 65734406, 
122) 65917944, 
123) 66291667, 
124) 66958296, 
125) 67949523, 
126) 68823752, 
127) 69042164, 
128) 69366282, 
129) 70149566, 
130) 70693676, 
131) 71247507, 
132) 71414320, 
133) 71968003, 
134) 74344055, 
135) 74351645, 
136) 75314990, 
137) 75537164, 
138) 76896502, 
139) 77080431, 
140) 79318583, 
141) 79460834, 
142) 79775941, 
143) 80193458, 
144) 81458879, 
145) 82133699, 
146) 82907613, 
147) 83707380, 
148) 84101014, 
149) 84985521, 
150) 85067178, 
151) 85174681, 
152) 85300378, 
153) 85652166, 
154) 85669633, 
155) 86630263, 
156) 86743610, 
157) 86906719, 
158) 88713996, 
159) 88904500, 
160) 89233857, 
161) 90018222, 
162) 90732660, 
163) 92558859, 
164) 92977900, 
165) 93293834, 
166) 93474017, 
167) 93951555, 
168) 94375498, 
169) 94409646, 
170) 95506357, 
171) 95694307, 
172) 96065020, 
173) 96193496, 
174) 97289508, 
175) 97390240, 
176) 98056712, 
177) 98704579, 
178) 98741077, 
179) 100433922, 
180) 100870746, 
181) 100905574, 
182) 101652817, 
183) 101682798, 
184) 102826119, 
185) 102878759, 
186) 104536812, 
187) 105633715, 
188) 107103259, 
189) 107367911, 
190) 107609247, 
191) 108877888, 
192) 109569038, 
193) 110710373, 
194) 111602815, 
195) 112031167, 
196) 112395279, 
197) 112970267, 
198) 112984516, 
199) 113569251, 
200) 115701235, 
201) 116986195, 
202) 117019445, 
203) 117881204, 
204) 120301584, 
205) 120319117, 
206) 120483982, 
207) 121250852, 
208) 121419839, 
209) 122243951, 
210) 123650778, 
211) 124073647, 
212) 124411094, 
213) 125964496, 
214) 127106925, 
215) 128926364, 
216) 129082421, 
217) 129230725, 
218) 129859831, 
219) 130109922, 
220) 130397561, 
221) 130506630, 
222) 131701938, 
223) 133160565, 
224) 133353955, 
225) 133790192, 
226) 134162456, 
227) 134249961, 
228) 134923400, 
229) 136605872, 
230) 136620983, 
231) 137080483, 
232) 137708655, 
233) 138067026, 
234) 139238323, 
235) 139379952, 
236) 139412995, 
237) 140992516, 
238) 141295744, 
239) 141363623, 
240) 144281906, 
241) 144411759, 
242) 144811115, 
243) 145115489, 
244) 145432986, 
245) 145476202, 
246) 145651919, 
247) 147413793, 
248) 147529264, 
249) 147734607, 
250) 148639696, 
251) 149865661, 
252) 150375158, 
253) 151859340, 
254) 152093931, 
255) 152162379, 
256) 153449694, 
257) 153503055, 
258) 153552836, 
259) 153856249, 
260) 153958264, 
261) 154315781, 
262) 154800984, 
263) 155230654, 
264) 155487087, 
265) 155664286, 
266) 155750105, 
267) 155979394, 
268) 155990572, 
269) 156158162, 
270) 156536128, 
271) 157878668, 
272) 158770172, 
273) 159010081, 
274) 159049368, 
275) 159306703, 
276) 159488025, 
277) 161134791, 
278) 162315741, 
279) 162598735, 
280) 162921482, 
281) 164658200, 
282) 165366090, 
283) 167574485, 
284) 167736270, 
285) 169601490, 
286) 170057397, 
287) 170571319, 
288) 171734578, 
289) 172762811, 
290) 173792516, 
291) 173793972, 
292) 174896264, 
293) 174936184, 
294) 174958124, 
295) 175657126, 
296) 175797336, 
297) 176404492, 
298) 176442427, 
299) 177301698, 
300) 177373313, 
301) 177423599, 
302) 178484836, 
303) 179185261, 
304) 179835352, 
305) 180158937, 
306) 180309887, 
307) 180763577, 
308) 181610901, 
309) 182095724, 
310) 182225943, 
311) 182763497, 
312) 183060571, 
313) 183475446, 
314) 183930351, 
315) 183998406, 
316) 184657298, 
317) 185047827, 
318) 185211235, 
319) 185351521, 
320) 185354333, 
321) 185737379, 
322) 186208307, 
323) 186416926, 
324) 186791938, 
325) 188278017, 
326) 188702986, 
327) 188965102, 
328) 190392098, 
329) 192501664, 
330) 193391092, 
331) 193418763, 
332) 193555070, 
333) 194225651, 
334) 194853766, 
335) 194870141, 
336) 194968278, 
337) 195914345, 
338) 196168556, 
339) 197184714, 
340) 198112279, 
341) 198575442, 
342) 198763132, 
343) 199978484, 
344) 200175196, 
345) 200343355, 
346) 201104473, 
347) 201168256, 
348) 201920866, 
349) 202125662, 
350) 202719370, 
351) 203291844, 
352) 203477041, 
353) 204749341, 
354) 204757662, 
355) 205491679, 
356) 206228354, 
357) 207670135, 
358) 208245081, 
359) 208977393, 
360) 209581379, 
361) 209699425, 
362) 209943224, 
363) 210074235, 
364) 210504358, 
365) 210970654, 
366) 211099940, 
367) 211780800, 
368) 212163725, 
369) 213061978, 
370) 213771813, 
371) 214374681, 
372) 217078755, 
373) 219494785, 
374) 219624920, 
375) 220201509, 
376) 220705057, 
377) 221739822, 
378) 222033260, 
379) 222127415, 
380) 223227958, 
381) 223749518, 
382) 223750825, 
383) 224123978, 
384) 224211132, 
385) 224610904, 
386) 225079645, 
387) 225913161, 
388) 226127808, 
389) 226625985, 
390) 227071840, 
391) 229299816, 
392) 229490700, 
393) 230477901, 
394) 231490780, 
395) 232630760, 
396) 234147540, 
397) 234266985, 
398) 235210086, 
399) 235282112, 
400) 235913354, 
401) 235943914, 
402) 237184563, 
403) 237255743, 
404) 237257252, 
405) 237646622, 
406) 238040400, 
407) 238337356, 
408) 239475214, 
409) 239937556, 
410) 240645691, 
411) 240690431, 
412) 240739334, 
413) 241022047, 
414) 241495064, 
415) 241689602, 
416) 242094225, 
417) 242186784, 
418) 242207070, 
419) 242536195, 
420) 242641871, 
421) 243083140, 
422) 243119728, 
423) 243853801, 
424) 244039167, 
425) 244541446, 
426) 245013802, 
427) 245711093, 
428) 246514384, 
429) 246636206, 
430) 247530133, 
431) 247861752, 
432) 249085558, 
433) 249620104, 
434) 252079060, 
435) 252282793, 
436) 252911907, 
437) 253359542, 
438) 253637677, 
439) 253915888, 
440) 254055642, 
441) 255278565, 
442) 255991454, 
443) 256586900, 
444) 257286246, 
445) 257377248, 
446) 257811316, 
447) 258007428, 
448) 258193806, 
449) 259131454, 
450) 259602672, 
451) 259606121, 
452) 259873090, 
453) 260264725, 
454) 260968494, 
455) 261248073, 
456) 261295715, 
457) 262293415, 
458) 262993972, 
459) 263050445, 
460) 265058447, 
461) 265491966, 
462) 266377426, 
463) 267618886, 
464) 268004741, 
465) 269587254, 
466) 269625943, 
467) 271990085, 
468) 272640564, 
469) 273117200, 
470) 273685428, 
471) 274053489, 
472) 274617693, 
473) 275099087, 
474) 275605179, 
475) 277623367, 
476) 278315920, 
477) 278420395, 
478) 279265259, 
479) 279461508, 
480) 279465387, 
481) 279637699, 
482) 279977525, 
483) 280167793, 
484) 280229315, 
485) 280277599, 
486) 280878519, 
487) 281185485, 
488) 281779886, 
489) 281965802, 
490) 282248583, 
491) 283896136, 
492) 284234343, 
493) 284354994, 
494) 284727029, 
495) 285112392, 
496) 287081951, 
497) 287786721, 
498) 287892199, 
499) 288517578, 
500) 289335643, 
501) 290093049, 
502) 291411093, 
503) 291745907, 
504) 292008351, 
505) 292067978, 
506) 292727449, 
507) 295040930, 
508) 295367180, 
509) 295546884, 
510) 299737810, 
511) 299782108, 
512) 299793489, 
513) 300829472, 
514) 301205684, 
515) 302041707, 
516) 302066725, 
517) 302153688, 
518) 302187961, 
519) 303104410, 
520) 304156575, 
521) 304718889, 
522) 304741461, 
523) 305483277, 
524) 305980456, 
525) 306283966, 
526) 307223411, 
527) 308146475, 
528) 308310940, 
529) 309031766, 
530) 309376046, 
531) 309495846, 
532) 309579931, 
533) 310737514, 
534) 311764935, 
535) 314327852, 
536) 314706935, 
537) 315155258, 
538) 315162558, 
539) 315266052, 
540) 315754653, 
541) 316524491, 
542) 316992554, 
543) 317261222, 
544) 317729573, 
545) 318294539, 
546) 318692951, 
547) 318901962, 
548) 319635190, 
549) 319641273, 
550) 320684405, 
551) 321412634, 
552) 321652000, 
553) 324008812, 
554) 324644624, 
555) 325404604, 
556) 325490449, 
557) 325740830, 
558) 328373604, 
559) 328920946, 
560) 330103337, 
561) 331137740, 
562) 332420112, 
563) 332578600, 
564) 332686509, 
565) 332875109, 
566) 332991580, 
567) 334123277, 
568) 334163075, 
569) 334460337, 
570) 336650245, 
571) 337313127, 
572) 337980892, 
573) 339293082, 
574) 339938615, 
575) 340867648, 
576) 340938772, 
577) 341021061, 
578) 341148038, 
579) 341246997, 
580) 341979657, 
581) 342027746, 
582) 342183312, 
583) 342734357, 
584) 342935193, 
585) 343089525, 
586) 343210521, 
587) 343560941, 
588) 345017794, 
589) 346891941, 
590) 347019880, 
591) 347594513, 
592) 347944874, 
593) 348167683, 
594) 348536426, 
595) 351515894, 
596) 351531126, 
597) 352178615, 
598) 352204495, 
599) 352999835, 
600) 353311225, 
601) 353777075, 
602) 353854399, 
603) 354195175, 
604) 354397913, 
605) 354670864, 
606) 355110690, 
607) 356473613, 
608) 357072980, 
609) 357075700, 
610) 357200329, 
611) 359581956, 
612) 359917389, 
613) 360124068, 
614) 360882717, 
615) 361415253, 
616) 361957593, 
617) 362723891, 
618) 362822346, 
619) 363263915, 
620) 363521864, 
621) 363698279, 
622) 364634742, 
623) 365312175, 
624) 365668550, 
625) 365831916, 
626) 366012879, 
627) 366080656, 
628) 368592389, 
629) 368770554, 
630) 369291088, 
631) 369511927, 
632) 371029012, 
633) 371542634, 
634) 372593541, 
635) 372822968, 
636) 372887125, 
637) 373255148, 
638) 374368751, 
639) 375081725, 
640) 376064878, 
641) 376524650, 
642) 376570310, 
643) 377078230, 
644) 377216778, 
645) 378593538, 
646) 380001175, 
647) 380176882, 
648) 381173981, 
649) 381282500, 
650) 381408526, 
651) 381821745, 
652) 382084241, 
653) 382306020, 
654) 382535873, 
655) 382563123, 
656) 383065008, 
657) 383917505, 
658) 384338946, 
659) 384670136, 
660) 385301817, 
661) 385419942, 
662) 385854432, 
663) 386346860, 
664) 390109988, 
665) 390402882, 
666) 390522216, 
667) 390829874, 
668) 391448180, 
669) 391565443, 
670) 391595417, 
671) 391810670, 
672) 392593572, 
673) 392972173, 
674) 394092564, 
675) 394926709, 
676) 394974040, 
677) 395081700, 
678) 396177330, 
679) 396178392, 
680) 396480809, 
681) 397878386, 
682) 398526265, 
683) 400424864, 
684) 400513389, 
685) 401725463, 
686) 401854319, 
687) 401865058, 
688) 401941885, 
689) 403449879, 
690) 404227978, 
691) 405046012, 
692) 405080679, 
693) 405558790, 
694) 407004448, 
695) 407113565, 
696) 408302299, 
697) 408794476, 
698) 409743588, 
699) 409978778, 
700) 410688118, 
701) 410791691, 
702) 410928792, 
703) 411413898, 
704) 412488309, 
705) 415020770, 
706) 415221710, 
707) 415390630, 
708) 415694169, 
709) 416701572, 
710) 417293859, 
711) 417587807, 
712) 418182921, 
713) 418279067, 
714) 418854992, 
715) 419202977, 
716) 419566581, 
717) 420254444, 
718) 421294977, 
719) 421658739, 
720) 422042152, 
721) 422084251, 
722) 422127484, 
723) 422525946, 
724) 422530167, 
725) 423239800, 
726) 423945684, 
727) 424243373, 
728) 424310773, 
729) 424419638, 
730) 424519462, 
731) 425253872, 
732) 425258012, 
733) 425791789, 
734) 426218845, 
735) 426251228, 
736) 427168071, 
737) 427819271, 
738) 429166285, 
739) 429217360, 
740) 429374906, 
741) 429967377, 
742) 429967435, 
743) 431166205, 
744) 431465946, 
745) 432002874, 
746) 432288518, 
747) 432953704, 
748) 434232474, 
749) 434273104, 
750) 434679183, 
751) 434817996, 
752) 434926220, 
753) 435250941, 
754) 436860438, 
755) 437211830, 
756) 437649549, 
757) 438171787, 
758) 438684360, 
759) 438975114, 
760) 439816381, 
761) 440067632, 
762) 440225032, 
763) 441270077, 
764) 441409259, 
765) 441462510, 
766) 441975826, 
767) 442121294, 
768) 442349610, 
769) 442351318, 
770) 442390420, 
771) 442596640, 
772) 442623667, 
773) 442648209, 
774) 442836888, 
775) 444552034, 
776) 444798986, 
777) 446237830, 
778) 447272370, 
779) 447522888, 
780) 447600994, 
781) 448754189, 
782) 448851682, 
783) 448954286, 
784) 449109025, 
785) 449470190, 
786) 451242007, 
787) 452606120, 
788) 452832187, 
789) 454286386, 
790) 454904573, 
791) 454962410, 
792) 455154317, 
793) 455610182, 
794) 456417689, 
795) 456485058, 
796) 457153395, 
797) 457942546, 
798) 457968061, 
799) 458633706, 
800) 458936881, 
801) 459396736, 
802) 461812222, 
803) 464835303, 
804) 465389994, 
805) 466470924, 
806) 467050333, 
807) 467805282, 
808) 468746475, 
809) 468813683, 
810) 468996023, 
811) 469235834, 
812) 470743866, 
813) 470808013, 
814) 471868896, 
815) 472165123, 
816) 472766766, 
817) 474981883, 
818) 476239738, 
819) 477926501, 
820) 478183292, 
821) 478202260, 
822) 479083766, 
823) 479119863, 
824) 479247367, 
825) 479573661, 
826) 480435589, 
827) 480839347, 
828) 481014439, 
829) 481303043, 
830) 481780760, 
831) 481953087, 
832) 482214301, 
833) 482377845, 
834) 482630888, 
835) 482920599, 
836) 483685728, 
837) 483797323, 
838) 484096823, 
839) 485194995, 
840) 485312408, 
841) 485758891, 
842) 486595324, 
843) 486910084, 
844) 487109288, 
845) 487159738, 
846) 487426489, 
847) 488034147, 
848) 488268686, 
849) 490396814, 
850) 490524276, 
851) 490914129, 
852) 491280542, 
853) 491990605, 
854) 492798836, 
855) 493234733, 
856) 493717513, 
857) 494182403, 
858) 495847655, 
859) 496057144, 
860) 496183387, 
861) 496732418, 
862) 496763507, 
863) 496862174, 
864) 497386615, 
865) 497465857, 
866) 497503026, 
867) 498865824, 
868) 498902545, 
869) 500125080, 
870) 500701314, 
871) 501352975, 
872) 501952656, 
873) 502264748, 
874) 503902876, 
875) 504432721, 
876) 504453426, 
877) 506286598, 
878) 507189219, 
879) 507290365, 
880) 507537497, 
881) 508687534, 
882) 508917266, 
883) 509428774, 
884) 509775794, 
885) 509881993, 
886) 509897674, 
887) 510183079, 
888) 511124068, 
889) 511689725, 
890) 512963540, 
891) 513135664, 
892) 513538726, 
893) 514410651, 
894) 515454937, 
895) 517229325, 
896) 517417800, 
897) 518232673, 
898) 518573700, 
899) 519239167, 
900) 519349815, 
901) 520435169, 
902) 520658042, 
903) 521244090, 
904) 522385865, 
905) 522419709, 
906) 522770717, 
907) 523276141, 
908) 523324995, 
909) 523357262, 
910) 523972352, 
911) 524004825, 
912) 524387559, 
913) 524975613, 
914) 525070283, 
915) 525265483, 
916) 526539132, 
917) 526932785, 
918) 526954688, 
919) 527542606, 
920) 527684374, 
921) 528603518, 
922) 529874990, 
923) 533635326, 
924) 534502566, 
925) 534520053, 
926) 535932276, 
927) 536893413, 
928) 537456913, 
929) 537532786, 
930) 537926975, 
931) 537959882, 
932) 538718391, 
933) 538722362, 
934) 541478374, 
935) 542031482, 
936) 543299713, 
937) 544486579, 
938) 544800124, 
939) 545185686, 
940) 545678282, 
941) 545948419, 
942) 547196750, 
943) 547737741, 
944) 547917797, 
945) 548542333, 
946) 549736574, 
947) 550767279, 
948) 551765763, 
949) 551833300, 
950) 552445073, 
951) 552579306, 
952) 554138416, 
953) 554502038, 
954) 555236794, 
955) 555588224, 
956) 555648872, 
957) 556376379, 
958) 556968296, 
959) 557106444, 
960) 557265720, 
961) 558016568, 
962) 558175568, 
963) 558396306, 
964) 559934452, 
965) 560047872, 
966) 561550581, 
967) 561567807, 
968) 561573497, 
969) 562580911, 
970) 563060056, 
971) 563781927, 
972) 564178704, 
973) 565260721, 
974) 565286708, 
975) 565846946, 
976) 566322861, 
977) 567159736, 
978) 568121393, 
979) 568817433, 
980) 569013712, 
981) 569251140, 
982) 570545494, 
983) 572406056, 
984) 572646215, 
985) 572865472, 
986) 574350880, 
987) 574393448, 
988) 574496502, 
989) 574500772, 
990) 575285797, 
991) 575829208, 
992) 576610310, 
993) 576688219, 
994) 577261143, 
995) 577263902, 
996) 577404406, 
997) 578913048, 
998) 578967812, 
999) 579772569, 
1000) 580126223, 
1001) 580545414, 
1002) 581829213, 
1003) 582077423, 
1004) 582188762, 
1005) 582364878, 
1006) 582480381, 
1007) 584100270, 
1008) 584330314, 
1009) 584842231, 
1010) 585401108, 
1011) 585739065, 
1012) 585743873, 
1013) 586322881, 
1014) 587429894, 
1015) 587433840, 
1016) 588045332, 
1017) 592716614, 
1018) 593816151, 
1019) 594329169, 
1020) 596059780, 
1021) 596231768, 
1022) 596967543, 
1023) 597067898, 
1024) 597540613, 
1025) 597585754, 
1026) 599173292, 
1027) 599337307, 
1028) 599351297, 
1029) 600652304, 
1030) 600804764, 
1031) 600860728, 
1032) 602980179, 
1033) 603394905, 
1034) 604547104, 
1035) 606022468, 
1036) 606197468, 
1037) 606971340, 
1038) 607447965, 
1039) 609005348, 
1040) 609309607, 
1041) 609646021, 
1042) 611415738, 
1043) 613130000, 
1044) 613409111, 
1045) 613735162, 
1046) 613976721, 
1047) 614427301, 
1048) 614722602, 
1049) 614853781, 
1050) 615310167, 
1051) 615439040, 
1052) 615701812, 
1053) 615890095, 
1054) 615949617, 
1055) 616151403, 
1056) 616596032, 
1057) 618484172, 
1058) 619798510, 
1059) 620252781, 
1060) 620933938, 
1061) 620938213, 
1062) 621141791, 
1063) 621519992, 
1064) 622246797, 
1065) 623229202, 
1066) 624124151, 
1067) 624221132, 
1068) 624303448, 
1069) 624350434, 
1070) 624926301, 
1071) 625216706, 
1072) 625303482, 
1073) 625578443, 
1074) 626836971, 
1075) 627054219, 
1076) 627058150, 
1077) 627628318, 
1078) 628088409, 
1079) 629460974, 
1080) 629664716, 
1081) 629789026, 
1082) 630188901, 
1083) 631001970, 
1084) 631204543, 
1085) 631573316, 
1086) 631771032, 
1087) 632463966, 
1088) 633346858, 
1089) 633520445, 
1090) 636350457, 
1091) 636450197, 
1092) 637023324, 
1093) 637716106, 
1094) 638618071, 
1095) 639221377, 
1096) 640295392, 
1097) 641085022, 
1098) 641167538, 
1099) 641560247, 
1100) 642128730, 
1101) 642231945, 
1102) 642554394, 
1103) 642644108, 
1104) 643286889, 
1105) 643801796, 
1106) 643875181, 
1107) 643990006, 
1108) 644693935, 
1109) 645816455, 
1110) 645845821, 
1111) 646440620, 
1112) 647139584, 
1113) 648403262, 
1114) 648645488, 
1115) 649578010, 
1116) 649627138, 
1117) 651500845, 
1118) 653966649, 
1119) 654328587, 
1120) 654879401, 
1121) 655127696, 
1122) 655360164, 
1123) 655553753, 
1124) 655717846, 
1125) 656156954, 
1126) 656549177, 
1127) 657242390, 
1128) 657606841, 
1129) 657838909, 
1130) 657843116, 
1131) 658547489, 
1132) 658608226, 
1133) 658677323, 
1134) 659581624, 
1135) 660218675, 
1136) 660312845, 
1137) 662121257, 
1138) 663472615, 
1139) 665174508, 
1140) 666436483, 
1141) 666972133, 
1142) 667825666, 
1143) 668088611, 
1144) 668231542, 
1145) 668635402, 
1146) 669051899, 
1147) 669420654, 
1148) 669759493, 
1149) 670436232, 
1150) 670541927, 
1151) 670576969, 
1152) 671081793, 
1153) 672464941, 
1154) 672555545, 
1155) 672965461, 
1156) 674347969, 
1157) 674393834, 
1158) 675052830, 
1159) 675307994, 
1160) 675380158, 
1161) 675674013, 
1162) 678184254, 
1163) 678196664, 
1164) 678771964, 
1165) 678832849, 
1166) 680265691, 
1167) 680296763, 
1168) 680540164, 
1169) 681108702, 
1170) 681268329, 
1171) 681615073, 
1172) 682005852, 
1173) 682345066, 
1174) 682521111, 
1175) 683095451, 
1176) 683405108, 
1177) 684042034, 
1178) 684052994, 
1179) 684203221, 
1180) 684622407, 
1181) 684892412, 
1182) 685090159, 
1183) 685161131, 
1184) 685213764, 
1185) 686550395, 
1186) 686613370, 
1187) 687438271, 
1188) 687865923, 
1189) 687992831, 
1190) 688248999, 
1191) 688420848, 
1192) 689053100, 
1193) 689193693, 
1194) 689866189, 
1195) 690321174, 
1196) 691319141, 
1197) 692508728, 
1198) 693815126, 
1199) 694044694, 
1200) 694331185, 
1201) 694527684, 
1202) 694576007, 
1203) 695807957, 
1204) 696023976, 
1205) 697558417, 
1206) 697836464, 
1207) 698118385, 
1208) 699334877, 
1209) 699468966, 
1210) 699923645, 
1211) 700042097, 
1212) 700648007, 
1213) 700908016, 
1214) 701359650, 
1215) 703054672, 
1216) 703072563, 
1217) 703190839, 
1218) 705576690, 
1219) 706929879, 
1220) 707270784, 
1221) 708782196, 
1222) 710845070, 
1223) 711173690, 
1224) 711865669, 
1225) 711949115, 
1226) 712636791, 
1227) 713290880, 
1228) 713312077, 
1229) 714137890, 
1230) 715301632, 
1231) 718442130, 
1232) 718703129, 
1233) 718960939, 
1234) 719120823, 
1235) 720640136, 
1236) 720659977, 
1237) 720715166, 
1238) 720858548, 
1239) 721134379, 
1240) 721473514, 
1241) 723234209, 
1242) 723668757, 
1243) 724457070, 
1244) 724706290, 
1245) 724766077, 
1246) 725245963, 
1247) 725406952, 
1248) 726742142, 
1249) 728099407, 
1250) 728366740, 
1251) 728485782, 
1252) 728506620, 
1253) 728975210, 
1254) 729831027, 
1255) 729859330, 
1256) 730032992, 
1257) 730074537, 
1258) 731673042, 
1259) 732041285, 
1260) 732282266, 
1261) 732317895, 
1262) 733750883, 
1263) 734373793, 
1264) 735136540, 
1265) 735914653, 
1266) 736341008, 
1267) 737055237, 
1268) 738516498, 
1269) 738706560, 
1270) 738875718, 
1271) 738991595, 
1272) 739391314, 
1273) 739833884, 
1274) 739946615, 
1275) 744888330, 
1276) 745282803, 
1277) 746422200, 
1278) 746902756, 
1279) 747186698, 
1280) 747809245, 
1281) 748118342, 
1282) 748651568, 
1283) 749200264, 
1284) 749592306, 
1285) 749610010, 
1286) 749654521, 
1287) 749998053, 
1288) 750364422, 
1289) 750891465, 
1290) 751488206, 
1291) 751620981, 
1292) 753048080, 
1293) 753059122, 
1294) 753500332, 
1295) 753874053, 
1296) 756327771, 
1297) 756466230, 
1298) 756718773, 
1299) 757660152, 
1300) 758010685, 
1301) 758071379, 
1302) 758634055, 
1303) 758966574, 
1304) 759094774, 
1305) 759121025, 
1306) 759767455, 
1307) 760240119, 
1308) 760867851, 
1309) 760929715, 
1310) 761009614, 
1311) 761187577, 
1312) 761354321, 
1313) 761443419, 
1314) 761560302, 
1315) 761609783, 
1316) 763418829, 
1317) 764606699, 
1318) 765002388, 
1319) 765784287, 
1320) 766361971, 
1321) 767244939, 
1322) 767593136, 
1323) 768856171, 
1324) 769023581, 
1325) 771375099, 
1326) 772071856, 
1327) 772165887, 
1328) 772569575, 
1329) 773645778, 
1330) 774076534, 
1331) 774896161, 
1332) 775579697, 
1333) 777953230, 
1334) 778538105, 
1335) 778551821, 
1336) 779308886, 
1337) 779626498, 
1338) 779842504, 
1339) 779856194, 
1340) 780280159, 
1341) 780352404, 
1342) 780907042, 
1343) 781799993, 
1344) 782455680, 
1345) 782930420, 
1346) 783584906, 
1347) 783865375, 
1348) 784091486, 
1349) 784542511, 
1350) 785500733, 
1351) 785608844, 
1352) 785748089, 
1353) 785866058, 
1354) 786568323, 
1355) 787433345, 
1356) 790993066, 
1357) 791974366, 
1358) 792508678, 
1359) 792907075, 
1360) 793012569, 
1361) 793237577, 
1362) 794808690, 
1363) 794841674, 
1364) 795516169, 
1365) 797099753, 
1366) 798405891, 
1367) 798523735, 
1368) 799029565, 
1369) 799281333, 
1370) 799381134, 
1371) 799751476, 
1372) 800304539, 
1373) 800453170, 
1374) 801194639, 
1375) 802096677, 
1376) 802510493, 
1377) 802880399, 
1378) 803244562, 
1379) 804035417, 
1380) 805341940, 
1381) 805418193, 
1382) 806388124, 
1383) 806560415, 
1384) 806673586, 
1385) 807012987, 
1386) 807206138, 
1387) 807645913, 
1388) 807915492, 
1389) 808176607, 
1390) 809244665, 
1391) 810628150, 
1392) 810919570, 
1393) 810935785, 
1394) 811206700, 
1395) 811919814, 
1396) 812691079, 
1397) 813434196, 
1398) 813720059, 
1399) 814936750, 
1400) 816251902, 
1401) 816454479, 
1402) 816919599, 
1403) 817371428, 
1404) 817431515, 
1405) 817543154, 
1406) 818825177, 
1407) 819146671, 
1408) 819203860, 
1409) 819211798, 
1410) 819260194, 
1411) 819282085, 
1412) 819566618, 
1413) 821199234, 
1414) 821223484, 
1415) 821225285, 
1416) 821830643, 
1417) 822181978, 
1418) 822914504, 
1419) 823728660, 
1420) 825775655, 
1421) 826508649, 
1422) 826726373, 
1423) 828177602, 
1424) 828368166, 
1425) 828927314, 
1426) 829082272, 
1427) 829230102, 
1428) 830304092, 
1429) 830532076, 
1430) 830660307, 
1431) 831857359, 
1432) 832068160, 
1433) 833248506, 
1434) 834311401, 
1435) 834610415, 
1436) 834967853, 
1437) 835398174, 
1438) 835400667, 
1439) 835695877, 
1440) 836797655, 
1441) 837251693, 
1442) 837399350, 
1443) 837927296, 
1444) 838468859, 
1445) 838657573, 
1446) 838706525, 
1447) 838811070, 
1448) 840111064, 
1449) 840611334, 
1450) 842152859, 
1451) 843898935, 
1452) 844556818, 
1453) 846102538, 
1454) 846519055, 
1455) 847766011, 
1456) 847927035, 
1457) 848061593, 
1458) 848169387, 
1459) 848329178, 
1460) 849859154, 
1461) 851938138, 
1462) 851954998, 
1463) 852869926, 
1464) 853816167, 
1465) 854303441, 
1466) 854379884, 
1467) 855335750, 
1468) 855340307, 
1469) 856359204, 
1470) 859918914, 
1471) 860786700, 
1472) 860915311, 
1473) 861509360, 
1474) 862728333, 
1475) 863408376, 
1476) 863594701, 
1477) 863644128, 
1478) 863888092, 
1479) 864019890, 
1480) 864892147, 
1481) 866346463, 
1482) 866997005, 
1483) 867679428, 
1484) 868083540, 
1485) 869282422, 
1486) 869381725, 
1487) 870018754, 
1488) 870796908, 
1489) 871363529, 
1490) 871543900, 
1491) 871545740, 
1492) 871917501, 
1493) 872703134, 
1494) 873496807, 
1495) 873646879, 
1496) 875312296, 
1497) 877421192, 
1498) 877617806, 
1499) 877709910, 
1500) 878231572, 
1501) 879054240, 
1502) 879097335, 
1503) 879128797, 
1504) 879510513, 
1505) 879676276, 
1506) 880365547, 
1507) 880853255, 
1508) 881240118, 
1509) 881449533, 
1510) 881690655, 
1511) 883538803, 
1512) 883611210, 
1513) 884876181, 
1514) 884904822, 
1515) 885384003, 
1516) 885648736, 
1517) 885715723, 
1518) 886000455, 
1519) 886086278, 
1520) 886168471, 
1521) 886425714, 
1522) 886425897, 
1523) 886910908, 
1524) 887002678, 
1525) 887532494, 
1526) 887800876, 
1527) 891902682, 
1528) 892745270, 
1529) 892817199, 
1530) 893770522, 
1531) 894623863, 
1532) 894919066, 
1533) 895052707, 
1534) 897125463, 
1535) 898901615, 
1536) 898919392, 
1537) 899154644, 
1538) 899428122, 
1539) 899794302, 
1540) 901339446, 
1541) 904100242, 
1542) 904223112, 
1543) 904389176, 
1544) 904542259, 
1545) 905169458, 
1546) 905702673, 
1547) 905799565, 
1548) 905871529, 
1549) 909278848, 
1550) 909584518, 
1551) 909586294, 
1552) 910208977, 
1553) 910966261, 
1554) 911246963, 
1555) 911292929, 
1556) 911638712, 
1557) 912819728, 
1558) 913150191, 
1559) 914061140, 
1560) 914563054, 
1561) 915964324, 
1562) 915968342, 
1563) 916079201, 
1564) 916631536, 
1565) 916785131, 
1566) 917442477, 
1567) 918631186, 
1568) 922044082, 
1569) 923399127, 
1570) 923484487, 
1571) 923943468, 
1572) 924667659, 
1573) 924757372, 
1574) 925352694, 
1575) 925435940, 
1576) 925583472, 
1577) 926117244, 
1578) 926310100, 
1579) 927529530, 
1580) 928715571, 
1581) 929285028, 
1582) 929483134, 
1583) 929765706, 
1584) 930300340, 
1585) 930407930, 
1586) 930513024, 
1587) 930668527, 
1588) 932603003, 
1589) 932672777, 
1590) 932693629, 
1591) 937175257, 
1592) 939902551, 
1593) 940350108, 
1594) 940372942, 
1595) 940604393, 
1596) 941023073, 
1597) 941387446, 
1598) 941526628, 
1599) 941823500, 
1600) 942041761, 
1601) 942643807, 
1602) 943926065, 
1603) 944310120, 
1604) 944606994, 
1605) 944623824, 
1606) 945437974, 
1607) 945891041, 
1608) 947187930, 
1609) 950070697, 
1610) 950209928, 
1611) 951363331, 
1612) 951903832, 
1613) 952333232, 
1614) 952455410, 
1615) 952754267, 
1616) 953583051, 
1617) 954077125, 
1618) 954594981, 
1619) 955888582, 
1620) 956861659, 
1621) 957159317, 
1622) 958316731, 
1623) 958627587, 
1624) 958668992, 
1625) 958716723, 
1626) 958846733, 
1627) 958963179, 
1628) 959315635, 
1629) 959942773, 
1630) 960690848, 
1631) 961116436, 
1632) 962138488, 
1633) 964056160, 
1634) 964375029, 
1635) 964959516, 
1636) 965197938, 
1637) 965674611, 
1638) 967315201, 
1639) 967472038, 
1640) 967597101, 
1641) 968120634, 
1642) 970352508, 
1643) 970471679, 
1644) 971219235, 
1645) 971872701, 
1646) 973077999, 
1647) 973573853, 
1648) 974030312, 
1649) 974291281, 
1650) 974387037, 
1651) 976161370, 
1652) 976791798, 
1653) 976951970, 
1654) 978516393, 
1655) 979215452, 
1656) 979600891, 
1657) 979881984, 
1658) 979909773, 
1659) 979963942, 
1660) 980842620, 
1661) 980929586, 
1662) 981954889, 
1663) 983762899, 
1664) 984560961, 
1665) 985120479, 
1666) 985583873, 
1667) 985622483, 
1668) 986004285, 
1669) 987681532, 
1670) 989114386, 
1671) 989269058, 
1672) 989588571, 
1673) 989800012, 
1674) 990113535, 
1675) 990409578, 
1676) 990708652, 
1677) 991428187, 
1678) 992449908, 
1679) 992821150, 
1680) 993393191, 
1681) 993569252, 
1682) 993705829, 
1683) 993844532, 
1684) 993917691, 
1685) 994904845, 
1686) 995120793, 
1687) 995737925, 
1688) 996311198, 
1689) 996366299, 
1690) 996386673, 
1691) 997561433, 
1692) 997744463, 
1693) 998101420, 
1694) 998674700, 
1695) 999563105, 
1696) 1002019690, 
1697) 1003615680, 
1698) 1003895623, 
1699) 1004216528, 
1700) 1004996140, 
1701) 1005068506, 
1702) 1005176938, 
1703) 1005557971, 
1704) 1005681576, 
1705) 1005728900, 
1706) 1006904662, 
1707) 1006919575, 
1708) 1007102374, 
1709) 1007726812, 
1710) 1007992475, 
1711) 1009026503, 
1712) 1009162183, 
1713) 1010772427, 
1714) 1010877829, 
1715) 1011534722, 
1716) 1011645120, 
1717) 1012487511, 
1718) 1013224440, 
1719) 1013773496, 
1720) 1013860359, 
1721) 1014426961, 
1722) 1014535945, 
1723) 1014950333, 
1724) 1017480760, 
1725) 1019255397, 
1726) 1019316349, 
1727) 1019973522, 
1728) 1021006809, 
1729) 1023034599, 
1730) 1023812789, 
1731) 1024054187, 
1732) 1024330998, 
1733) 1024770312, 
1734) 1025024141, 
1735) 1025026930, 
1736) 1026249320, 
1737) 1026290927, 
1738) 1027004266, 
1739) 1027851795, 
1740) 1028816971, 
1741) 1029806568, 
1742) 1029983341, 
1743) 1031527064, 
1744) 1032143901, 
1745) 1033596983, 
1746) 1034588192, 
1747) 1035174784, 
1748) 1035727860, 
1749) 1036326152, 
1750) 1036481655, 
1751) 1037115443, 
1752) 1038068232, 
1753) 1038205259, 
1754) 1038255812, 
1755) 1038772715, 
1756) 1039424126, 
1757) 1041107337, 
1758) 1041469541, 
1759) 1042039588, 
1760) 1042283252, 
1761) 1042394423, 
1762) 1043894383, 
1763) 1045580113, 
1764) 1048064763, 
1765) 1048523485, 
1766) 1048615524, 
1767) 1048675412, 
1768) 1048681951, 
1769) 1049611121, 
1770) 1049612805, 
1771) 1049893212, 
1772) 1050218077, 
1773) 1051099971, 
1774) 1051122489, 
1775) 1051172003, 
1776) 1051173779, 
1777) 1051856407, 
1778) 1053984717, 
1779) 1054114938, 
1780) 1054708205, 
1781) 1055880928, 
1782) 1056011043, 
1783) 1056350904, 
1784) 1057126323, 
1785) 1057752048, 
1786) 1059848178, 
1787) 1059987885, 
1788) 1060002044, 
1789) 1060283539, 
1790) 1062111179, 
1791) 1062136493, 
1792) 1063085919, 
1793) 1063090138, 
1794) 1063341125, 
1795) 1063396894, 
1796) 1063948034, 
1797) 1064255137, 
1798) 1064467398, 
1799) 1066216965, 
1800) 1066520592, 
1801) 1067563634, 
1802) 1067731172, 
1803) 1068932932, 
1804) 1071105356, 
1805) 1072167946, 
1806) 1072888548, 
1807) 1072899962, 
1808) 1072973025, 
1809) 1073436397, 
1810) 1073767987, 
1811) 1074549673, 
1812) 1074819042, 
1813) 1075018602, 
1814) 1076806514, 
1815) 1077532434, 
1816) 1077682083, 
1817) 1078179530, 
1818) 1078287963, 
1819) 1078756921, 
1820) 1081984861, 
1821) 1085210938, 
1822) 1085363463, 
1823) 1085421251, 
1824) 1085474674, 
1825) 1085536195, 
1826) 1086275464, 
1827) 1086359121, 
1828) 1086523547, 
1829) 1088352614, 
1830) 1089885584, 
1831) 1090805618, 
1832) 1092917328, 
1833) 1093712083, 
1834) 1093853212, 
1835) 1094017021, 
1836) 1094148388, 
1837) 1095649120, 
1838) 1095794502, 
1839) 1095995799, 
1840) 1098174708, 
1841) 1100128484, 
1842) 1101001298, 
1843) 1101680661, 
1844) 1103847311, 
1845) 1104934766, 
1846) 1105080300, 
1847) 1105455278, 
1848) 1105597901, 
1849) 1107535824, 
1850) 1108907894, 
1851) 1108971024, 
1852) 1109163493, 
1853) 1109558379, 
1854) 1109908549, 
1855) 1111037576, 
1856) 1111397356, 
1857) 1111825400, 
1858) 1112650247, 
1859) 1113778581, 
1860) 1113896643, 
1861) 1114205842, 
1862) 1116802097, 
1863) 1117287949, 
1864) 1117368120, 
1865) 1118469777, 
1866) 1118983181, 
1867) 1119002105, 
1868) 1120572527, 
1869) 1120683173, 
1870) 1122738969, 
1871) 1123692740, 
1872) 1123701771, 
1873) 1125421086, 
1874) 1125509489, 
1875) 1126861027, 
1876) 1127911402, 
1877) 1127930214, 
1878) 1128680777, 
1879) 1129733923, 
1880) 1130424868, 
1881) 1130922265, 
1882) 1133912662, 
1883) 1134121041, 
1884) 1135019080, 
1885) 1135176148, 
1886) 1135430300, 
1887) 1136333407, 
1888) 1136506496, 
1889) 1137518300, 
1890) 1137551934, 
1891) 1137854343, 
1892) 1138017425, 
1893) 1138565110, 
1894) 1138868560, 
1895) 1139142302, 
1896) 1139161730, 
1897) 1139458140, 
1898) 1140651752, 
1899) 1141179635, 
1900) 1141227710, 
1901) 1141282909, 
1902) 1142480284, 
1903) 1142590316, 
1904) 1142824769, 
1905) 1142863158, 
1906) 1143046370, 
1907) 1143068344, 
1908) 1144061340, 
1909) 1144475881, 
1910) 1145198172, 
1911) 1145245518, 
1912) 1145631709, 
1913) 1146915184, 
1914) 1147101601, 
1915) 1147567995, 
1916) 1147723588, 
1917) 1148050990, 
1918) 1148191100, 
1919) 1150636438, 
1920) 1151128714, 
1921) 1151435931, 
1922) 1152974080, 
1923) 1153791993, 
1924) 1154357572, 
1925) 1155866025, 
1926) 1156522955, 
1927) 1156867496, 
1928) 1158300092, 
1929) 1159005906, 
1930) 1159157156, 
1931) 1159539587, 
1932) 1159730239, 
1933) 1160079670, 
1934) 1161773994, 
1935) 1162520762, 
1936) 1162742009, 
1937) 1162910150, 
1938) 1163408773, 
1939) 1163904282, 
1940) 1164319682, 
1941) 1166163738, 
1942) 1166454081, 
1943) 1166733692, 
1944) 1166940167, 
1945) 1167346034, 
1946) 1170783014, 
1947) 1172292508, 
1948) 1172974185, 
1949) 1174228297, 
1950) 1174829071, 
1951) 1175049762, 
1952) 1175106942, 
1953) 1175419342, 
1954) 1176157987, 
1955) 1177028287, 
1956) 1177305041, 
1957) 1177869514, 
1958) 1178949267, 
1959) 1179184979, 
1960) 1180724734, 
1961) 1180777814, 
1962) 1180890109, 
1963) 1181598895, 
1964) 1182999077, 
1965) 1183639763, 
1966) 1183813921, 
1967) 1184058494, 
1968) 1184304338, 
1969) 1184582825, 
1970) 1186003674, 
1971) 1186710156, 
1972) 1188056015, 
1973) 1189429751, 
1974) 1189736050, 
1975) 1190968589, 
1976) 1191183714, 
1977) 1191704907, 
1978) 1191887098, 
1979) 1192226396, 
1980) 1192243745, 
1981) 1193183054, 
1982) 1193682745, 
1983) 1193905424, 
1984) 1194523403, 
1985) 1194533184, 
1986) 1196054903, 
1987) 1196093341, 
1988) 1196836743, 
1989) 1197085149, 
1990) 1197520080, 
1991) 1197776411, 
1992) 1200040536, 
1993) 1200558959, 
1994) 1200645354, 
1995) 1200863579, 
1996) 1201532281, 
1997) 1202317391, 
1998) 1202562273, 
1999) 1203755260, 
2000) 1203774893, 
2001) 1203831131, 
2002) 1206770078, 
2003) 1207663033, 
2004) 1207750253, 
2005) 1209315120, 
2006) 1210080040, 
2007) 1210263280, 
2008) 1210428088, 
2009) 1214153519, 
2010) 1214327050, 
2011) 1214942223, 
2012) 1215771609, 
2013) 1215873448, 
2014) 1216411048, 
2015) 1218569235, 
2016) 1219611530, 
2017) 1219653964, 
2018) 1220872447, 
2019) 1221004426, 
2020) 1221839482, 
2021) 1224517471, 
2022) 1225176296, 
2023) 1225939692, 
2024) 1226775350, 
2025) 1227378864, 
2026) 1227608386, 
2027) 1227662028, 
2028) 1227903605, 
2029) 1228203798, 
2030) 1228542047, 
2031) 1230199520, 
2032) 1230349188, 
2033) 1231043499, 
2034) 1231382157, 
2035) 1232243162, 
2036) 1233664223, 
2037) 1234161248, 
2038) 1234838122, 
2039) 1235420184, 
2040) 1235491313, 
2041) 1235592935, 
2042) 1235713367, 
2043) 1237211166, 
2044) 1237350175, 
2045) 1237491302, 
2046) 1237626490, 
2047) 1237851321, 
2048) 1238699489, 
2049) 1239118308, 
2050) 1239262021, 
2051) 1239356541, 
2052) 1240717026, 
2053) 1240952423, 
2054) 1241362799, 
2055) 1242363843, 
2056) 1242526757, 
2057) 1242686484, 
2058) 1242918385, 
2059) 1243143230, 
2060) 1244767137, 
2061) 1245741906, 
2062) 1246758872, 
2063) 1248118478, 
2064) 1248943557, 
2065) 1249008741, 
2066) 1249368597, 
2067) 1249755743, 
2068) 1250162252, 
2069) 1251180644, 
2070) 1252898052, 
2071) 1253175182, 
2072) 1254208448, 
2073) 1254866169, 
2074) 1255692470, 
2075) 1256476967, 
2076) 1256506008, 
2077) 1256649459, 
2078) 1257749334, 
2079) 1259544546, 
2080) 1259640740, 
2081) 1260511780, 
2082) 1261028893, 
2083) 1261536247, 
2084) 1263931035, 
2085) 1264535387, 
2086) 1264701577, 
2087) 1265868037, 
2088) 1266077066, 
2089) 1266420960, 
2090) 1267319432, 
2091) 1269064194, 
2092) 1269275959, 
2093) 1269838482, 
2094) 1270430074, 
2095) 1270647536, 
2096) 1272984758, 
2097) 1275643698, 
2098) 1276068116, 
2099) 1276649485, 
2100) 1276969702, 
2101) 1277711434, 
2102) 1282582601, 
2103) 1284106865, 
2104) 1285665597, 
2105) 1285949976, 
2106) 1286703416, 
2107) 1286834025, 
2108) 1287863881, 
2109) 1288972684, 
2110) 1289131943, 
2111) 1290114818, 
2112) 1290357351, 
2113) 1290438199, 
2114) 1290756631, 
2115) 1291183418, 
2116) 1291880006, 
2117) 1292856119, 
2118) 1293559505, 
2119) 1294177541, 
2120) 1295033259, 
2121) 1296557334, 
2122) 1296648117, 
2123) 1297143891, 
2124) 1297207633, 
2125) 1298707940, 
2126) 1299842902, 
2127) 1301224922, 
2128) 1302872476, 
2129) 1303094912, 
2130) 1303581539, 
2131) 1304435502, 
2132) 1307875186, 
2133) 1309252971, 
2134) 1310122932, 
2135) 1311843428, 
2136) 1312438751, 
2137) 1313128372, 
2138) 1314252502, 
2139) 1316211831, 
2140) 1317591989, 
2141) 1317992213, 
2142) 1318857100, 
2143) 1319182423, 
2144) 1319215581, 
2145) 1319505562, 
2146) 1319961149, 
2147) 1320090612, 
2148) 1321130977, 
2149) 1321817630, 
2150) 1322254587, 
2151) 1323119754, 
2152) 1323256425, 
2153) 1323292364, 
2154) 1324606894, 
2155) 1326206378, 
2156) 1328058854, 
2157) 1328282037, 
2158) 1328686472, 
2159) 1328844949, 
2160) 1329736162, 
2161) 1329996626, 
2162) 1330511763, 
2163) 1330926654, 
2164) 1331815358, 
2165) 1332416786, 
2166) 1332972113, 
2167) 1334101640, 
2168) 1334288522, 
2169) 1334964966, 
2170) 1335236368, 
2171) 1335348121, 
2172) 1335949672, 
2173) 1336642323, 
2174) 1337596909, 
2175) 1338105247, 
2176) 1338482708, 
2177) 1338924199, 
2178) 1340928741, 
2179) 1344169234, 
2180) 1345608150, 
2181) 1346072637, 
2182) 1346206548, 
2183) 1347120373, 
2184) 1347843925, 
2185) 1348077602, 
2186) 1349114332, 
2187) 1350468690, 
2188) 1350950479, 
2189) 1353548598, 
2190) 1354834794, 
2191) 1355491819, 
2192) 1357617989, 
2193) 1358062079, 
2194) 1359329672, 
2195) 1359637552, 
2196) 1360336927, 
2197) 1361131508, 
2198) 1361664043, 
2199) 1361928213, 
2200) 1362320786, 
2201) 1362845175, 
2202) 1364650061, 
2203) 1365160265, 
2204) 1365188913, 
2205) 1365237988, 
2206) 1365513905, 
2207) 1365610909, 
2208) 1366166554, 
2209) 1366279045, 
2210) 1366283874, 
2211) 1366392297, 
2212) 1367462953, 
2213) 1368050173, 
2214) 1369251627, 
2215) 1370109294, 
2216) 1371691461, 
2217) 1371957655, 
2218) 1372406137, 
2219) 1374177035, 
2220) 1374601198, 
2221) 1375118027, 
2222) 1375484268, 
2223) 1375536632, 
2224) 1375683045, 
2225) 1376427278, 
2226) 1378429531, 
2227) 1379074137, 
2228) 1379379151, 
2229) 1379747482, 
2230) 1380330557, 
2231) 1382098517, 
2232) 1382556803, 
2233) 1383761841, 
2234) 1383826372, 
2235) 1383843397, 
2236) 1384830502, 
2237) 1384846058, 
2238) 1385206943, 
2239) 1388192572, 
2240) 1388622877, 
2241) 1388894741, 
2242) 1389360304, 
2243) 1389611634, 
2244) 1389744350, 
2245) 1389848286, 
2246) 1391029492, 
2247) 1393974762, 
2248) 1394272850, 
2249) 1394906710, 
2250) 1395396856, 
2251) 1395909339, 
2252) 1396854173, 
2253) 1396936260, 
2254) 1397236741, 
2255) 1397655552, 
2256) 1397691767, 
2257) 1398267436, 
2258) 1398309234, 
2259) 1401764228, 
2260) 1401863862, 
2261) 1403132641, 
2262) 1403814228, 
2263) 1404092139, 
2264) 1404699535, 
2265) 1404934524, 
2266) 1405447311, 
2267) 1405626412, 
2268) 1405716720, 
2269) 1406331677, 
2270) 1407161368, 
2271) 1407518023, 
2272) 1407586841, 
2273) 1409074359, 
2274) 1409196650, 
2275) 1409967358, 
2276) 1409978397, 
2277) 1410198918, 
2278) 1410864030, 
2279) 1411770103, 
2280) 1411775070, 
2281) 1411902061, 
2282) 1412141166, 
2283) 1412256007, 
2284) 1412933168, 
2285) 1413871877, 
2286) 1413978841, 
2287) 1416024156, 
2288) 1416237493, 
2289) 1416485659, 
2290) 1416752387, 
2291) 1417195710, 
2292) 1417252718, 
2293) 1417657558, 
2294) 1417699718, 
2295) 1418631011, 
2296) 1418747570, 
2297) 1418924945, 
2298) 1419030707, 
2299) 1420207113, 
2300) 1420535133, 
2301) 1421334548, 
2302) 1421360603, 
2303) 1421552598, 
2304) 1421559179, 
2305) 1423026505, 
2306) 1423838766, 
2307) 1423932814, 
2308) 1423960496, 
2309) 1424622748, 
2310) 1424647789, 
2311) 1425917635, 
2312) 1426157229, 
2313) 1428137390, 
2314) 1430065012, 
2315) 1430770676, 
2316) 1431412354, 
2317) 1432672137, 
2318) 1432860126, 
2319) 1434288994, 
2320) 1434381183, 
2321) 1434383554, 
2322) 1434851574, 
2323) 1435226828, 
2324) 1435513256, 
2325) 1435808045, 
2326) 1436752315, 
2327) 1436917903, 
2328) 1438219248, 
2329) 1438230158, 
2330) 1438828439, 
2331) 1439276388, 
2332) 1440161921, 
2333) 1440751744, 
2334) 1441081491, 
2335) 1441926967, 
2336) 1442531865, 
2337) 1442584636, 
2338) 1442746692, 
2339) 1443379849, 
2340) 1444296635, 
2341) 1444787306, 
2342) 1445047032, 
2343) 1445484702, 
2344) 1445581562, 
2345) 1445773068, 
2346) 1446451636, 
2347) 1446523405, 
2348) 1446932534, 
2349) 1446956127, 
2350) 1447390062, 
2351) 1447753393, 
2352) 1447941523, 
2353) 1448222445, 
2354) 1448646491, 
2355) 1449255015, 
2356) 1449494134, 
2357) 1450410905, 
2358) 1450977109, 
2359) 1451127416, 
2360) 1452393059, 
2361) 1453854603, 
2362) 1454110886, 
2363) 1454443776, 
2364) 1455196174, 
2365) 1456176631, 
2366) 1456382710, 
2367) 1457455531, 
2368) 1458028763, 
2369) 1458249055, 
2370) 1458286307, 
2371) 1458538315, 
2372) 1459537000, 
2373) 1459709850, 
2374) 1460007519, 
2375) 1460305647, 
2376) 1460785773, 
2377) 1461312098, 
2378) 1464450655, 
2379) 1464494170, 
2380) 1465927078, 
2381) 1466067285, 
2382) 1466130286, 
2383) 1466619866, 
2384) 1466751757, 
2385) 1467820664, 
2386) 1467873297, 
2387) 1468398318, 
2388) 1468944682, 
2389) 1469062173, 
2390) 1469575901, 
2391) 1469922211, 
2392) 1470275940, 
2393) 1470806838, 
2394) 1471428238, 
2395) 1472148642, 
2396) 1472947990, 
2397) 1473623310, 
2398) 1473935083, 
2399) 1474032779, 
2400) 1474058710, 
2401) 1474942748, 
2402) 1475678813, 
2403) 1475850961, 
2404) 1476001645, 
2405) 1476894940, 
2406) 1477108618, 
2407) 1477113207, 
2408) 1477246631, 
2409) 1477262274, 
2410) 1478478005, 
2411) 1478534481, 
2412) 1479822405, 
2413) 1480252717, 
2414) 1481748200, 
2415) 1483554645, 
2416) 1484761178, 
2417) 1484869377, 
2418) 1485165944, 
2419) 1485523362, 
2420) 1486003192, 
2421) 1486006931, 
2422) 1486447980, 
2423) 1487307662, 
2424) 1488147168, 
2425) 1488622911, 
2426) 1488808764, 
2427) 1488854084, 
2428) 1489451260, 
2429) 1489625205, 
2430) 1489954473, 
2431) 1490261325, 
2432) 1491309571, 
2433) 1492292711, 
2434) 1494691421, 
2435) 1495603176, 
2436) 1496072206, 
2437) 1496284466, 
2438) 1496287052, 
2439) 1496944475, 
2440) 1497058691, 
2441) 1497724071, 
2442) 1497856960, 
2443) 1498097020, 
2444) 1499406782, 
2445) 1499769695, 
2446) 1499783586, 
2447) 1500562139, 
2448) 1501055667, 
2449) 1501213596, 
2450) 1501244818, 
2451) 1501892137, 
2452) 1502626951, 
2453) 1502758949, 
2454) 1503839120, 
2455) 1503915187, 
2456) 1504560742, 
2457) 1504685616, 
2458) 1505031372, 
2459) 1505283289, 
2460) 1505960563, 
2461) 1506298240, 
2462) 1506399386, 
2463) 1508038302, 
2464) 1510603732, 
2465) 1511354002, 
2466) 1511519771, 
2467) 1513505966, 
2468) 1514188560, 
2469) 1514381346, 
2470) 1515849465, 
2471) 1516238254, 
2472) 1518842856, 
2473) 1519533271, 
2474) 1519857823, 
2475) 1520155539, 
2476) 1520612858, 
2477) 1520695478, 
2478) 1520736084, 
2479) 1521679032, 
2480) 1522970246, 
2481) 1523356791, 
2482) 1523908124, 
2483) 1524420192, 
2484) 1524946510, 
2485) 1525267625, 
2486) 1526374712, 
2487) 1526426962, 
2488) 1527463952, 
2489) 1527924511, 
2490) 1528774587, 
2491) 1528897637, 
2492) 1532016042, 
2493) 1532476937, 
2494) 1532593864, 
2495) 1533150834, 
2496) 1533959713, 
2497) 1534884745, 
2498) 1535219911, 
2499) 1535232285, 
2500) 1536046062, 
2501) 1536311382, 
2502) 1536915596, 
2503) 1538157312, 
2504) 1538259809, 
2505) 1538990683, 
2506) 1539890451, 
2507) 1540626928, 
2508) 1540963569, 
2509) 1541974165, 
2510) 1542311850, 
2511) 1542764501, 
2512) 1543925073, 
2513) 1544032192, 
2514) 1544707977, 
2515) 1545596636, 
2516) 1545777100, 
2517) 1546126275, 
2518) 1548272170, 
2519) 1548536643, 
2520) 1550041129, 
2521) 1550138106, 
2522) 1550944456, 
2523) 1551407039, 
2524) 1553365747, 
2525) 1553725285, 
2526) 1554738356, 
2527) 1555025677, 
2528) 1556077085, 
2529) 1556515110, 
2530) 1556705864, 
2531) 1557569121, 
2532) 1557595348, 
2533) 1558496260, 
2534) 1559039467, 
2535) 1559989853, 
2536) 1559990999, 
2537) 1560034917, 
2538) 1560189256, 
2539) 1560625548, 
2540) 1560765083, 
2541) 1560999016, 
2542) 1562584645, 
2543) 1563053511, 
2544) 1564382127, 
2545) 1564417467, 
2546) 1566976348, 
2547) 1566995340, 
2548) 1567809314, 
2549) 1568073176, 
2550) 1568560110, 
2551) 1568859024, 
2552) 1569833572, 
2553) 1570022360, 
2554) 1570489414, 
2555) 1571065034, 
2556) 1571272721, 
2557) 1571316688, 
2558) 1573538336, 
2559) 1573829931, 
2560) 1574531202, 
2561) 1574724605, 
2562) 1575005480, 
2563) 1575295502, 
2564) 1575660609, 
2565) 1576324780, 
2566) 1576448208, 
2567) 1577245677, 
2568) 1579220504, 
2569) 1579222130, 
2570) 1579991432, 
2571) 1580880427, 
2572) 1581224649, 
2573) 1581837746, 
2574) 1581918767, 
2575) 1583052087, 
2576) 1583053968, 
2577) 1583958829, 
2578) 1584642553, 
2579) 1585217987, 
2580) 1585418184, 
2581) 1585442486, 
2582) 1586158642, 
2583) 1586466376, 
2584) 1586706502, 
2585) 1587117650, 
2586) 1588235772, 
2587) 1588553401, 
2588) 1588599567, 
2589) 1589444065, 
2590) 1589773387, 
2591) 1590066789, 
2592) 1590849172, 
2593) 1591035308, 
2594) 1591092980, 
2595) 1591532071, 
2596) 1591556124, 
2597) 1591752644, 
2598) 1592767853, 
2599) 1593287942, 
2600) 1594918908, 
2601) 1595171257, 
2602) 1595412247, 
2603) 1595418129, 
2604) 1596632395, 
2605) 1596943900, 
2606) 1597081424, 
2607) 1597526253, 
2608) 1597958162, 
2609) 1598597443, 
2610) 1600642964, 
2611) 1601097409, 
2612) 1602725642, 
2613) 1602900940, 
2614) 1603054168, 
2615) 1603943190, 
2616) 1604141080, 
2617) 1604840141, 
2618) 1604965644, 
2619) 1605242492, 
2620) 1606003346, 
2621) 1607047006, 
2622) 1607281758, 
2623) 1608180089, 
2624) 1609394285, 
2625) 1610454162, 
2626) 1610737141, 
2627) 1610888400, 
2628) 1611091489, 
2629) 1611777331, 
2630) 1612509192, 
2631) 1612712646, 
2632) 1613604989, 
2633) 1614634101, 
2634) 1616440553, 
2635) 1616954723, 
2636) 1617647715, 
2637) 1619722080, 
2638) 1620331086, 
2639) 1620677892, 
2640) 1621863467, 
2641) 1622393979, 
2642) 1624213035, 
2643) 1624497162, 
2644) 1624845958, 
2645) 1625513987, 
2646) 1625514242, 
2647) 1626753004, 
2648) 1628201585, 
2649) 1628566354, 
2650) 1629010689, 
2651) 1629163913, 
2652) 1630104120, 
2653) 1630456220, 
2654) 1630707382, 
2655) 1630781410, 
2656) 1632584538, 
2657) 1632777611, 
2658) 1632953173, 
2659) 1633587894, 
2660) 1633791756, 
2661) 1636016977, 
2662) 1637742919, 
2663) 1638247977, 
2664) 1639484914, 
2665) 1640291574, 
2666) 1640695891, 
2667) 1640781473, 
2668) 1641996878, 
2669) 1642469922, 
2670) 1644260409, 
2671) 1644541723, 
2672) 1644855215, 
2673) 1644950782, 
2674) 1645604871, 
2675) 1645765888, 
2676) 1645796638, 
2677) 1646206204, 
2678) 1646628295, 
2679) 1646643008, 
2680) 1647353095, 
2681) 1648334892, 
2682) 1648363551, 
2683) 1648605460, 
2684) 1648610765, 
2685) 1649264500, 
2686) 1649745902, 
2687) 1649809715, 
2688) 1650273246, 
2689) 1651136238, 
2690) 1652187506, 
2691) 1653739787, 
2692) 1653904100, 
2693) 1654452875, 
2694) 1655001963, 
2695) 1655545415, 
2696) 1656146601, 
2697) 1656904241, 
2698) 1658937272, 
2699) 1659066046, 
2700) 1659411087, 
2701) 1660095059, 
2702) 1660182832, 
2703) 1662371458, 
2704) 1662495533, 
2705) 1662504429, 
2706) 1663374574, 
2707) 1664503347, 
2708) 1664670933, 
2709) 1664734793, 
2710) 1665874390, 
2711) 1666020580, 
2712) 1666230277, 
2713) 1666532936, 
2714) 1666704958, 
2715) 1667612972, 
2716) 1667819235, 
2717) 1668903992, 
2718) 1669524996, 
2719) 1669870017, 
2720) 1670915223, 
2721) 1671813306, 
2722) 1672016343, 
2723) 1672071339, 
2724) 1672400737, 
2725) 1672567394, 
2726) 1673383757, 
2727) 1674749906, 
2728) 1675129366, 
2729) 1675293364, 
2730) 1676410414, 
2731) 1676691706, 
2732) 1676987791, 
2733) 1677424893, 
2734) 1678484568, 
2735) 1680217966, 
2736) 1680457936, 
2737) 1680558465, 
2738) 1680588440, 
2739) 1681230054, 
2740) 1681538629, 
2741) 1682309102, 
2742) 1683103355, 
2743) 1683690255, 
2744) 1685491400, 
2745) 1685758755, 
2746) 1686019092, 
2747) 1686300465, 
2748) 1687785848, 
2749) 1689745046, 
2750) 1690066253, 
2751) 1690117922, 
2752) 1690842576, 
2753) 1691386685, 
2754) 1691484099, 
2755) 1692216500, 
2756) 1692447262, 
2757) 1693250304, 
2758) 1693308363, 
2759) 1693536986, 
2760) 1693693983, 
2761) 1694124089, 
2762) 1694158431, 
2763) 1695017400, 
2764) 1695543273, 
2765) 1695994481, 
2766) 1696178101, 
2767) 1696224474, 
2768) 1696291748, 
2769) 1697226343, 
2770) 1698245325, 
2771) 1698379440, 
2772) 1699705984, 
2773) 1700021489, 
2774) 1701245343, 
2775) 1701760365, 
2776) 1703612121, 
2777) 1703876283, 
2778) 1703906274, 
2779) 1704858448, 
2780) 1708605162, 
2781) 1709160908, 
2782) 1709217859, 
2783) 1710098992, 
2784) 1710215060, 
2785) 1711558879, 
2786) 1711764514, 
2787) 1712110411, 
2788) 1712591898, 
2789) 1713284736, 
2790) 1713383170, 
2791) 1713496985, 
2792) 1714215992, 
2793) 1714754134, 
2794) 1715151336, 
2795) 1715774209, 
2796) 1716160324, 
2797) 1717111218, 
2798) 1717245188, 
2799) 1717284432, 
2800) 1717287432, 
2801) 1718634333, 
2802) 1718734800, 
2803) 1719113405, 
2804) 1719942918, 
2805) 1721892623, 
2806) 1722463637, 
2807) 1723028075, 
2808) 1723902825, 
2809) 1723960042, 
2810) 1724326778, 
2811) 1724432258, 
2812) 1724450634, 
2813) 1724608367, 
2814) 1725676115, 
2815) 1727142179, 
2816) 1727349179, 
2817) 1728588272, 
2818) 1728669778, 
2819) 1728776525, 
2820) 1729551301, 
2821) 1730075431, 
2822) 1730161048, 
2823) 1730983964, 
2824) 1731845549, 
2825) 1732103282, 
2826) 1732871367, 
2827) 1733464800, 
2828) 1733557415, 
2829) 1734161990, 
2830) 1734441372, 
2831) 1735311054, 
2832) 1735955492, 
2833) 1736502074, 
2834) 1736505320, 
2835) 1737533002, 
2836) 1738470477, 
2837) 1740018242, 
2838) 1740549438, 
2839) 1740836714, 
2840) 1741078241, 
2841) 1741421689, 
2842) 1741665035, 
2843) 1741947123, 
2844) 1742485090, 
2845) 1742611817, 
2846) 1743204907, 
2847) 1743458731, 
2848) 1744003492, 
2849) 1744627266, 
2850) 1744708974, 
2851) 1744916118, 
2852) 1745848313, 
2853) 1746014324, 
2854) 1746836911, 
2855) 1747611432, 
2856) 1749084903, 
2857) 1749488511, 
2858) 1750252106, 
2859) 1750267462, 
2860) 1750447126, 
2861) 1750855776, 
2862) 1751399752, 
2863) 1751925506, 
2864) 1752299476, 
2865) 1754128991, 
2866) 1754965695, 
2867) 1755707493, 
2868) 1755729722, 
2869) 1756823360, 
2870) 1757732516, 
2871) 1757914846, 
2872) 1758242354, 
2873) 1758340197, 
2874) 1758919200, 
2875) 1759275059, 
2876) 1760359362, 
2877) 1760538449, 
2878) 1760734883, 
2879) 1761307162, 
2880) 1762301348, 
2881) 1763889064, 
2882) 1763907148, 
2883) 1764260079, 
2884) 1764321258, 
2885) 1764784190, 
2886) 1765483582, 
2887) 1765518914, 
2888) 1766438373, 
2889) 1766474289, 
2890) 1767171143, 
2891) 1767384150, 
2892) 1767416235, 
2893) 1768924089, 
2894) 1769208982, 
2895) 1769547938, 
2896) 1770354633, 
2897) 1770730770, 
2898) 1771402778, 
2899) 1774893144, 
2900) 1775747312, 
2901) 1775821825, 
2902) 1777384879, 
2903) 1777854823, 
2904) 1777911010, 
2905) 1778326165, 
2906) 1778542642, 
2907) 1779955498, 
2908) 1780224889, 
2909) 1780958071, 
2910) 1781298155, 
2911) 1782087888, 
2912) 1782172089, 
2913) 1782679951, 
2914) 1783809306, 
2915) 1786731109, 
2916) 1787347845, 
2917) 1788179701, 
2918) 1788696935, 
2919) 1788710207, 
2920) 1789104681, 
2921) 1789736999, 
2922) 1790311771, 
2923) 1790323187, 
2924) 1791764228, 
2925) 1791872848, 
2926) 1792115368, 
2927) 1792932599, 
2928) 1793896907, 
2929) 1794148259, 
2930) 1794473112, 
2931) 1794649671, 
2932) 1794749759, 
2933) 1794913758, 
2934) 1795266883, 
2935) 1795591332, 
2936) 1795740901, 
2937) 1796914521, 
2938) 1797464592, 
2939) 1799466242, 
2940) 1800494714, 
2941) 1800791685, 
2942) 1801084336, 
2943) 1801194589, 
2944) 1801782632, 
2945) 1802166891, 
2946) 1802297902, 
2947) 1803329290, 
2948) 1803536638, 
2949) 1804624769, 
2950) 1804667349, 
2951) 1805562305, 
2952) 1805774149, 
2953) 1806848276, 
2954) 1806912741, 
2955) 1807004938, 
2956) 1807558764, 
2957) 1807712109, 
2958) 1808181165, 
2959) 1808964181, 
2960) 1809041524, 
2961) 1809235713, 
2962) 1809405602, 
2963) 1810214079, 
2964) 1812183398, 
2965) 1813059033, 
2966) 1813271633, 
2967) 1813348285, 
2968) 1815093100, 
2969) 1815411432, 
2970) 1817041284, 
2971) 1817467558, 
2972) 1817694760, 
2973) 1819652720, 
2974) 1820032107, 
2975) 1820276789, 
2976) 1820342790, 
2977) 1820882993, 
2978) 1820972844, 
2979) 1821581437, 
2980) 1822445407, 
2981) 1823493835, 
2982) 1823941330, 
2983) 1825410457, 
2984) 1825782959, 
2985) 1826166149, 
2986) 1826386589, 
2987) 1826542162, 
2988) 1826814414, 
2989) 1826969979, 
2990) 1828182850, 
2991) 1828228699, 
2992) 1828317270, 
2993) 1828716022, 
2994) 1829737647, 
2995) 1829855820, 
2996) 1829897153, 
2997) 1831117232, 
2998) 1831657855, 
2999) 1831994112, 
3000) 1832069922, 
3001) 1832422942, 
3002) 1832545766, 
3003) 1832592746, 
3004) 1832760051, 
3005) 1834773756, 
3006) 1835353764, 
3007) 1835574686, 
3008) 1835695160, 
3009) 1836301994, 
3010) 1836490570, 
3011) 1836756943, 
3012) 1838697917, 
3013) 1839063106, 
3014) 1839171596, 
3015) 1839349977, 
3016) 1839430608, 
3017) 1839540934, 
3018) 1839696910, 
3019) 1839714762, 
3020) 1840594467, 
3021) 1840602471, 
3022) 1840729153, 
3023) 1841811125, 
3024) 1841931362, 
3025) 1842036674, 
3026) 1842128165, 
3027) 1843456429, 
3028) 1843709756, 
3029) 1843757826, 
3030) 1844043785, 
3031) 1844735394, 
3032) 1845232946, 
3033) 1845234649, 
3034) 1845419954, 
3035) 1846245001, 
3036) 1846450214, 
3037) 1846496458, 
3038) 1847133079, 
3039) 1847578897, 
3040) 1847980590, 
3041) 1849117825, 
3042) 1849504211, 
3043) 1849656177, 
3044) 1849748422, 
3045) 1850584437, 
3046) 1850918196, 
3047) 1851264905, 
3048) 1851523527, 
3049) 1852746092, 
3050) 1853028361, 
3051) 1853560229, 
3052) 1854680737, 
3053) 1854911251, 
3054) 1855655759, 
3055) 1856469095, 
3056) 1856612990, 
3057) 1856951751, 
3058) 1856975746, 
3059) 1857375809, 
3060) 1858189794, 
3061) 1858875735, 
3062) 1861516468, 
3063) 1861807343, 
3064) 1862865010, 
3065) 1864040100, 
3066) 1864793412, 
3067) 1865189857, 
3068) 1866134979, 
3069) 1866224665, 
3070) 1866769517, 
3071) 1868072248, 
3072) 1868887499, 
3073) 1868899037, 
3074) 1869098541, 
3075) 1870338068, 
3076) 1870779213, 
3077) 1870830329, 
3078) 1871069215, 
3079) 1871198935, 
3080) 1871395282, 
3081) 1871522969, 
3082) 1872042998, 
3083) 1872101083, 
3084) 1872555892, 
3085) 1872815897, 
3086) 1872879067, 
3087) 1873713844, 
3088) 1873741301, 
3089) 1874912697, 
3090) 1875303647, 
3091) 1875717133, 
3092) 1875794984, 
3093) 1875866628, 
3094) 1879271269, 
3095) 1879319954, 
3096) 1879940725, 
3097) 1880853031, 
3098) 1881982382, 
3099) 1883471548, 
3100) 1883581711, 
3101) 1884372032, 
3102) 1884551655, 
3103) 1885330689, 
3104) 1886227688, 
3105) 1886818708, 
3106) 1887703204, 
3107) 1887716998, 
3108) 1887749898, 
3109) 1888515559, 
3110) 1888923562, 
3111) 1889700755, 
3112) 1889999938, 
3113) 1892807126, 
3114) 1892997277, 
3115) 1893043280, 
3116) 1893473055, 
3117) 1893501760, 
3118) 1893630926, 
3119) 1895134345, 
3120) 1895369685, 
3121) 1895940367, 
3122) 1897981021, 
3123) 1899555077, 
3124) 1899883883, 
3125) 1900349583, 
3126) 1901842748, 
3127) 1902213855, 
3128) 1902702562, 
3129) 1902910124, 
3130) 1903015513, 
3131) 1903432244, 
3132) 1903919453, 
3133) 1905516551, 
3134) 1905749086, 
3135) 1905864966, 
3136) 1906430723, 
3137) 1907505918, 
3138) 1907806714, 
3139) 1907946885, 
3140) 1909042316, 
3141) 1909570257, 
3142) 1910196718, 
3143) 1910350837, 
3144) 1912956103, 
3145) 1913839433, 
3146) 1914119419, 
3147) 1915086365, 
3148) 1917185167, 
3149) 1917495161, 
3150) 1917545637, 
3151) 1917962484, 
3152) 1919652114, 
3153) 1919893785, 
3154) 1919975574, 
3155) 1922377541, 
3156) 1922501933, 
3157) 1922696605, 
3158) 1922949492, 
3159) 1924397820, 
3160) 1924705909, 
3161) 1925314363, 
3162) 1925612718, 
3163) 1926835338, 
3164) 1927010118, 
3165) 1927010159, 
3166) 1927504533, 
3167) 1927585123, 
3168) 1927612599, 
3169) 1928061948, 
3170) 1928778681, 
3171) 1929046959, 
3172) 1929391263, 
3173) 1929623585, 
3174) 1929936151, 
3175) 1930163751, 
3176) 1930462149, 
3177) 1930473742, 
3178) 1930524535, 
3179) 1930705299, 
3180) 1931412771, 
3181) 1932327356, 
3182) 1934209975, 
3183) 1934492043, 
3184) 1934683436, 
3185) 1937573675, 
3186) 1938193341, 
3187) 1939806451, 
3188) 1939970120, 
3189) 1941247661, 
3190) 1941647240, 
3191) 1941815800, 
3192) 1941837981, 
3193) 1943431174, 
3194) 1943751226, 
3195) 1945536526, 
3196) 1947838322, 
3197) 1948458804, 
3198) 1948672476, 
3199) 1949428183, 
3200) 1950280027, 
3201) 1951875060, 
3202) 1952117904, 
3203) 1952261637, 
3204) 1952443851, 
3205) 1952805064, 
3206) 1952948621, 
3207) 1953012303, 
3208) 1953045612, 
3209) 1953311462, 
3210) 1953746233, 
3211) 1953763359, 
3212) 1956625335, 
3213) 1956933004, 
3214) 1958047144, 
3215) 1959455880, 
3216) 1960267861, 
3217) 1960373030, 
3218) 1961021682, 
3219) 1961830920, 
3220) 1963589117, 
3221) 1963875885, 
3222) 1964766970, 
3223) 1965579687, 
3224) 1965771332, 
3225) 1965896132, 
3226) 1966293036, 
3227) 1966331540, 
3228) 1966493103, 
3229) 1967076043, 
3230) 1967366450, 
3231) 1967556507, 
3232) 1968478986, 
3233) 1969210391, 
3234) 1969569983, 
3235) 1970050267, 
3236) 1970634800, 
3237) 1970994870, 
3238) 1970998935, 
3239) 1971856474, 
3240) 1972297571, 
3241) 1972421225, 
3242) 1972639255, 
3243) 1973843389, 
3244) 1975949062, 
3245) 1976561200, 
3246) 1977039594, 
3247) 1977891050, 
3248) 1978874801, 
3249) 1979336982, 
3250) 1980127173, 
3251) 1980133801, 
3252) 1980222454, 
3253) 1981068443, 
3254) 1982133896, 
3255) 1982236412, 
3256) 1984256123, 
3257) 1984429218, 
3258) 1985202855, 
3259) 1985236796, 
3260) 1985648950, 
3261) 1985766048, 
3262) 1985784053, 
3263) 1985935775, 
3264) 1987402596, 
3265) 1987617543, 
3266) 1988421247, 
3267) 1989169894, 
3268) 1989596872, 
3269) 1989931211, 
3270) 1990168453, 
3271) 1991417509, 
3272) 1992112982, 
3273) 1992489789, 
3274) 1993173460, 
3275) 1993865657, 
3276) 1993971645, 
3277) 1994615253, 
3278) 1997661191, 
3279) 1998355113, 
3280) 1999083480, 
3281) 2002281507, 
3282) 2002831078, 
3283) 2002986198, 
3284) 2003270128, 
3285) 2003594248, 
3286) 2003787779, 
3287) 2003886417, 
3288) 2005385863, 
3289) 2005534622, 
3290) 2005795469, 
3291) 2006684401, 
3292) 2006763954, 
3293) 2006799582, 
3294) 2007717000, 
3295) 2008197385, 
3296) 2008437306, 
3297) 2008483364, 
3298) 2009006824, 
3299) 2009469751, 
3300) 2009534236, 
3301) 2010077547, 
3302) 2012942766, 
3303) 2013037061, 
3304) 2013371202, 
3305) 2014919315, 
3306) 2015130255, 
3307) 2015577150, 
3308) 2015897812, 
3309) 2016857849, 
3310) 2017129477, 
3311) 2019530842, 
3312) 2023154019, 
3313) 2023356662, 
3314) 2023676638, 
3315) 2025316580, 
3316) 2026326726, 
3317) 2026487960, 
3318) 2026957247, 
3319) 2027005834, 
3320) 2027907536, 
3321) 2028159160, 
3322) 2028637589, 
3323) 2028874770, 
3324) 2029519867, 
3325) 2030417424, 
3326) 2030618330, 
3327) 2030619565, 
3328) 2030910243, 
3329) 2031293248, 
3330) 2031326519, 
3331) 2031552311, 
3332) 2032745642, 
3333) 2033413419, 
3334) 2033994087, 
3335) 2035157817, 
3336) 2035313854, 
3337) 2035388370, 
3338) 2037071914, 
3339) 2038837922, 
3340) 2039162698, 
3341) 2039498103, 
3342) 2040592652, 
3343) 2042397161, 
3344) 2042434641, 
3345) 2043829007, 
3346) 2045249071, 
3347) 2045509854, 
3348) 2045834619, 
3349) 2046751341, 
3350) 2046783933, 
3351) 2046831358, 
3352) 2048330349, 
3353) 2049046849, 
3354) 2049397165, 
3355) 2050833749, 
3356) 2052631323, 
3357) 2053120771, 
3358) 2053173785, 
3359) 2053465398, 
3360) 2053516311, 
3361) 2055733837, 
3362) 2057529178, 
3363) 2057959130, 
3364) 2058889489, 
3365) 2059825977, 
3366) 2061009069, 
3367) 2061296096, 
3368) 2061402883, 
3369) 2061772974, 
3370) 2062403510, 
3371) 2062731521, 
3372) 2063151302, 
3373) 2064627672, 
3374) 2064721070, 
3375) 2064849132, 
3376) 2065319162, 
3377) 2066377256, 
3378) 2067180397, 
3379) 2068030723, 
3380) 2068822454, 
3381) 2069359940, 
3382) 2070712420, 
3383) 2072100522, 
3384) 2072652789, 
3385) 2073057723, 
3386) 2074530641, 
3387) 2076086428, 
3388) 2076661185, 
3389) 2077035795, 
3390) 2077256789, 
3391) 2078278137, 
3392) 2078634568, 
3393) 2078736599, 
3394) 2078903090, 
3395) 2079154118, 
3396) 2079357107, 
3397) 2079643471, 
3398) 2079673584, 
3399) 2082292913, 
3400) 2082492360, 
3401) 2082746368, 
3402) 2084075707, 
3403) 2084655244, 
3404) 2084760803, 
3405) 2085551752, 
3406) 2085607476, 
3407) 2085615260, 
3408) 2086300405, 
3409) 2086469815, 
3410) 2086746687, 
3411) 2087366253, 
3412) 2087884771, 
3413) 2088242150, 
3414) 2089334296, 
3415) 2090094032, 
3416) 2091471848, 
3417) 2091489288, 
3418) 2091853943, 
3419) 2091879188, 
3420) 2092044337, 
3421) 2093080775, 
3422) 2093329374, 
3423) 2093553920, 
3424) 2094088872, 
3425) 2094428388, 
3426) 2096642244, 
3427) 2096880961, 
3428) 2097565168, 
3429) 2097923187, 
3430) 2098911157, 
3431) 2098921450, 
3432) 2099198341, 
3433) 2099420322, 
3434) 2099452092, 
3435) 2099593011, 
3436) 2099881099, 
3437) 2099940478, 
3438) 2100544281, 
3439) 2100906098, 
3440) 2100973253, 
3441) 2101613814, 
3442) 2101731786, 
3443) 2101820005, 
3444) 2103283633, 
3445) 2103506400, 
3446) 2103625233, 
3447) 2103639192, 
3448) 2104267981, 
3449) 2104924739, 
3450) 2105010459, 
3451) 2105780200, 
3452) 2106105583, 
3453) 2106325705, 
3454) 2106580324, 
3455) 2107111023, 
3456) 2108219276, 
3457) 2108782208, 
3458) 2111492986, 
3459) 2112012474, 
3460) 2112365349, 
3461) 2114220925, 
3462) 2114488962, 
3463) 2116045347, 
3464) 2116526137, 
3465) 2116758655, 
3466) 2120387053, 
3467) 2121294275, 
3468) 2121624375, 
3469) 2121868438, 
3470) 2122933823, 
3471) 2123375715, 
3472) 2123576142, 
3473) 2123876668, 
3474) 2124013102, 
3475) 2125880856, 
3476) 2127338127, 
3477) 2128960530, 
3478) 2130003372, 
3479) 2131665791, 
3480) 2132322453, 
3481) 2132500493, 
3482) 2132626027, 
3483) 2132757746, 
3484) 2132931398, 
3485) 2133733132, 
3486) 2133872360, 
3487) 2134037942, 
3488) 2134168960, 
3489) 2134392700, 
3490) 2134520445, 
3491) 2136669227, 
3492) 2136998835, 
3493) 2137088496, 
3494) 2137437600, 
3495) 2137650769, 
3496) 2137803747, 
3497) 2138261834, 
3498) 2138934634, 
3499) 2139149677, 
3500) 2139172065, 
3501) 2140540718, 
3502) 2140542454, 
3503) 2141434452, 
3504) 2141717177, 
3505) 2142500710, 
3506) 2142622191, 
3507) 2143078774, 
3508) 2143143646, 
3509) 2143623981, 
3510) 2145039129, 
3511) 2145194372, 
3512) 2145813203, 
3513) 2146154834, 
3514) 2147648949, 
3515) 2148386244, 
3516) 2148523385, 
3517) 2148543992, 
3518) 2148831856, 
3519) 2149855236, 
3520) 2150240669, 
3521) 2150466983, 
3522) 2150523826, 
3523) 2150640627, 
3524) 2151079792, 
3525) 2152103588, 
3526) 2152256743, 
3527) 2153030842, 
3528) 2154156988, 
3529) 2156957689, 
3530) 2157005758, 
3531) 2157049893, 
3532) 2157673230, 
3533) 2158858860, 
3534) 2158900870, 
3535) 2159301988, 
3536) 2159417615, 
3537) 2161357267, 
3538) 2161478122, 
3539) 2162277968, 
3540) 2162497208, 
3541) 2163450382, 
3542) 2164603261, 
3543) 2164641888, 
3544) 2165562914, 
3545) 2166714094, 
3546) 2168366858, 
3547) 2169147545, 
3548) 2169212818, 
3549) 2169680642, 
3550) 2171085299, 
3551) 2172437210, 
3552) 2172969281, 
3553) 2172977395, 
3554) 2173216421, 
3555) 2174409680, 
3556) 2174863263, 
3557) 2174926576, 
3558) 2175210846, 
3559) 2175533326, 
3560) 2176067612, 
3561) 2176375485, 
3562) 2176486490, 
3563) 2176903789, 
3564) 2176970294, 
3565) 2178570813, 
3566) 2178940644, 
3567) 2179975631, 
3568) 2180801807, 
3569) 2181733638, 
3570) 2181777776, 
3571) 2181783268, 
3572) 2182030584, 
3573) 2182788225, 
3574) 2182810702, 
3575) 2183198900, 
3576) 2183299589, 
3577) 2184186117, 
3578) 2184835398, 
3579) 2184933584, 
3580) 2185136074, 
3581) 2185703529, 
3582) 2186188408, 
3583) 2186193261, 
3584) 2186236645, 
3585) 2187280980, 
3586) 2187602870, 
3587) 2188686731, 
3588) 2189240300, 
3589) 2189271048, 
3590) 2191837477, 
3591) 2193487477, 
3592) 2193685534, 
3593) 2193889208, 
3594) 2193938832, 
3595) 2196648124, 
3596) 2196954675, 
3597) 2197912590, 
3598) 2198196528, 
3599) 2198208867, 
3600) 2199068781, 
3601) 2199069830, 
3602) 2200138927, 
3603) 2200266189, 
3604) 2200886845, 
3605) 2201868329, 
3606) 2202646112, 
3607) 2203168086, 
3608) 2203728720, 
3609) 2204329702, 
3610) 2204622366, 
3611) 2204881906, 
3612) 2205672205, 
3613) 2205672874, 
3614) 2206638745, 
3615) 2206864884, 
3616) 2208158110, 
3617) 2208240609, 
3618) 2208613312, 
3619) 2210523396, 
3620) 2212290999, 
3621) 2212545362, 
3622) 2213482490, 
3623) 2213532281, 
3624) 2214264985, 
3625) 2214343666, 
3626) 2215049055, 
3627) 2215634560, 
3628) 2216869590, 
3629) 2217872443, 
3630) 2218017649, 
3631) 2218082414, 
3632) 2219057090, 
3633) 2219298718, 
3634) 2219323706, 
3635) 2221589973, 
3636) 2222103987, 
3637) 2222135808, 
3638) 2222633328, 
3639) 2224970287, 
3640) 2226312770, 
3641) 2226355171, 
3642) 2226659989, 
3643) 2226805549, 
3644) 2226964352, 
3645) 2230576971, 
3646) 2231038209, 
3647) 2231124581, 
3648) 2231221282, 
3649) 2231357366, 
3650) 2232195889, 
3651) 2232241286, 
3652) 2232777967, 
3653) 2233474361, 
3654) 2234018900, 
3655) 2234079578, 
3656) 2234276339, 
3657) 2234515382, 
3658) 2234563229, 
3659) 2234569395, 
3660) 2235091453, 
3661) 2235565637, 
3662) 2235590269, 
3663) 2236611522, 
3664) 2237213990, 
3665) 2237264309, 
3666) 2238902513, 
3667) 2239520743, 
3668) 2240485010, 
3669) 2240851136, 
3670) 2242049789, 
3671) 2242087773, 
3672) 2242991802, 
3673) 2243182177, 
3674) 2243329796, 
3675) 2243956358, 
3676) 2244733065, 
3677) 2245794013, 
3678) 2246433868, 
3679) 2246453531, 
3680) 2246690471, 
3681) 2246986134, 
3682) 2247452610, 
3683) 2249052317, 
3684) 2249065578, 
3685) 2249943237, 
3686) 2250095375, 
3687) 2250167644, 
3688) 2250924375, 
3689) 2251043194, 
3690) 2253945763, 
3691) 2254176266, 
3692) 2254514604, 
3693) 2255213734, 
3694) 2255824412, 
3695) 2256416312, 
3696) 2257195087, 
3697) 2257793658, 
3698) 2258090702, 
3699) 2260057217, 
3700) 2261024572, 
3701) 2261143269, 
3702) 2263129844, 
3703) 2263199177, 
3704) 2263533293, 
3705) 2263812852, 
3706) 2264117713, 
3707) 2264320015, 
3708) 2264564263, 
3709) 2264800125, 
3710) 2265816794, 
3711) 2266008648, 
3712) 2266364229, 
3713) 2266663645, 
3714) 2266877210, 
3715) 2267687779, 
3716) 2268117438, 
3717) 2268119507, 
3718) 2268698632, 
3719) 2270397717, 
3720) 2270687221, 
3721) 2271076332, 
3722) 2271503189, 
3723) 2271994914, 
3724) 2274215034, 
3725) 2275084385, 
3726) 2276948515, 
3727) 2277185005, 
3728) 2277754276, 
3729) 2277772120, 
3730) 2278030309, 
3731) 2281271976, 
3732) 2281496641, 
3733) 2281825901, 
3734) 2282599528, 
3735) 2283078909, 
3736) 2283901874, 
3737) 2285544013, 
3738) 2285545192, 
3739) 2285973914, 
3740) 2286431912, 
3741) 2287668065, 
3742) 2288075937, 
3743) 2288381624, 
3744) 2288762281, 
3745) 2289825813, 
3746) 2290796591, 
3747) 2291236731, 
3748) 2291335709, 
3749) 2291448630, 
3750) 2291571739, 
3751) 2291665248, 
3752) 2291958554, 
3753) 2292149939, 
3754) 2292614918, 
3755) 2292869617, 
3756) 2293169312, 
3757) 2294227337, 
3758) 2294718489, 
3759) 2296220778, 
3760) 2296598689, 
3761) 2296766980, 
3762) 2296807715, 
3763) 2297488119, 
3764) 2298507985, 
3765) 2298949454, 
3766) 2299727612, 
3767) 2299991066, 
3768) 2300269981, 
3769) 2300460118, 
3770) 2300526983, 
3771) 2301317597, 
3772) 2302389664, 
3773) 2303255584, 
3774) 2303492007, 
3775) 2304718369, 
3776) 2305233939, 
3777) 2305429654, 
3778) 2305430127, 
3779) 2305691435, 
3780) 2306324425, 
3781) 2306810200, 
3782) 2306961126, 
3783) 2307648091, 
3784) 2308902231, 
3785) 2309078524, 
3786) 2309181640, 
3787) 2309421956, 
3788) 2309777695, 
3789) 2309798228, 
3790) 2310738125, 
3791) 2311411194, 
3792) 2312425072, 
3793) 2312686301, 
3794) 2312740138, 
3795) 2312748404, 
3796) 2312968173, 
3797) 2313000882, 
3798) 2315160404, 
3799) 2316050652, 
3800) 2318166412, 
3801) 2318855617, 
3802) 2319136972, 
3803) 2319778722, 
3804) 2319933245, 
3805) 2320430058, 
3806) 2321019773, 
3807) 2321816556, 
3808) 2322217849, 
3809) 2322587655, 
3810) 2322836517, 
3811) 2324356768, 
3812) 2324522077, 
3813) 2324867364, 
3814) 2325475127, 
3815) 2326046658, 
3816) 2326326656, 
3817) 2329780142, 
3818) 2330530090, 
3819) 2330976117, 
3820) 2331546331, 
3821) 2332356742, 
3822) 2332641500, 
3823) 2332850367, 
3824) 2333281607, 
3825) 2333896026, 
3826) 2334655439, 
3827) 2335482284, 
3828) 2335780502, 
3829) 2336055947, 
3830) 2336145044, 
3831) 2336680264, 
3832) 2337537382, 
3833) 2337542838, 
3834) 2338028081, 
3835) 2338462869, 
3836) 2338663438, 
3837) 2339925297, 
3838) 2340102940, 
3839) 2340866692, 
3840) 2340905137, 
3841) 2341201438, 
3842) 2341244454, 
3843) 2341354506, 
3844) 2342129135, 
3845) 2342768321, 
3846) 2344020502, 
3847) 2344975056, 
3848) 2345065660, 
3849) 2346196702, 
3850) 2346689958, 
3851) 2346823737, 
3852) 2346973624, 
3853) 2348192539, 
3854) 2348451113, 
3855) 2348578380, 
3856) 2348630786, 
3857) 2348637908, 
3858) 2350534058, 
3859) 2350691442, 
3860) 2351179609, 
3861) 2351520149, 
3862) 2351625691, 
3863) 2352399835, 
3864) 2352849340, 
3865) 2353304488, 
3866) 2353934710, 
3867) 2354154149, 
3868) 2354416235, 
3869) 2355081027, 
3870) 2355891906, 
3871) 2356113990, 
3872) 2356325048, 
3873) 2356940088, 
3874) 2357111512, 
3875) 2357515602, 
3876) 2358161525, 
3877) 2358409690, 
3878) 2358748908, 
3879) 2360631415, 
3880) 2360814735, 
3881) 2360861384, 
3882) 2361344293, 
3883) 2361412192, 
3884) 2361499738, 
3885) 2361698136, 
3886) 2362752802, 
3887) 2363149196, 
3888) 2363295393, 
3889) 2364432520, 
3890) 2364695194, 
3891) 2364800727, 
3892) 2366149781, 
3893) 2367464039, 
3894) 2367737696, 
3895) 2368134205, 
3896) 2368463420, 
3897) 2369334000, 
3898) 2370112873, 
3899) 2370690442, 
3900) 2371191484, 
3901) 2371401723, 
3902) 2373295662, 
3903) 2374044562, 
3904) 2374758275, 
3905) 2374975550, 
3906) 2375483691, 
3907) 2375701085, 
3908) 2375831935, 
3909) 2375883086, 
3910) 2377068332, 
3911) 2380170056, 
3912) 2380829541, 
3913) 2382574979, 
3914) 2382599811, 
3915) 2383500100, 
3916) 2383730463, 
3917) 2383763645, 
3918) 2384585360, 
3919) 2385129783, 
3920) 2386364441, 
3921) 2387230625, 
3922) 2387315513, 
3923) 2387485507, 
3924) 2388255029, 
3925) 2388737305, 
3926) 2388855228, 
3927) 2390222062, 
3928) 2390427196, 
3929) 2391679785, 
3930) 2392041388, 
3931) 2393004246, 
3932) 2393416996, 
3933) 2393707557, 
3934) 2393718512, 
3935) 2394200026, 
3936) 2396335714, 
3937) 2397819216, 
3938) 2399344279, 
3939) 2399601042, 
3940) 2399695987, 
3941) 2400371638, 
3942) 2400728192, 
3943) 2401165816, 
3944) 2401207185, 
3945) 2401433334, 
3946) 2402535761, 
3947) 2402898031, 
3948) 2403241918, 
3949) 2403261137, 
3950) 2403474962, 
3951) 2404678423, 
3952) 2404702572, 
3953) 2405233264, 
3954) 2406028733, 
3955) 2406742417, 
3956) 2406960906, 
3957) 2407141304, 
3958) 2407875674, 
3959) 2408007990, 
3960) 2408531784, 
3961) 2408871108, 
3962) 2409320565, 
3963) 2409748361, 
3964) 2409919214, 
3965) 2411184256, 
3966) 2411398338, 
3967) 2412995070, 
3968) 2413496429, 
3969) 2413653626, 
3970) 2413988733, 
3971) 2414209245, 
3972) 2414265329, 
3973) 2415531326, 
3974) 2415710643, 
3975) 2415783494, 
3976) 2416213069, 
3977) 2417397030, 
3978) 2417963800, 
3979) 2418169117, 
3980) 2418361461, 
3981) 2418605564, 
3982) 2418845255, 
3983) 2418914188, 
3984) 2419444372, 
3985) 2420473853, 
3986) 2420567420, 
3987) 2421137424, 
3988) 2421205974, 
3989) 2421628626, 
3990) 2421893031, 
3991) 2421930671, 
3992) 2422491763, 
3993) 2424181420, 
3994) 2425315371, 
3995) 2425479113, 
3996) 2426525846, 
3997) 2427872225, 
3998) 2428024162, 
3999) 2428122543, 
4000) 2428642431, 
4001) 2428802584, 
4002) 2428892115, 
4003) 2428896219, 
4004) 2429456526, 
4005) 2429523162, 
4006) 2429788712, 
4007) 2429810990, 
4008) 2429960940, 
4009) 2429994228, 
4010) 2430543850, 
4011) 2431375496, 
4012) 2431710495, 
4013) 2431885099, 
4014) 2432039680, 
4015) 2432070011, 
4016) 2433825993, 
4017) 2433835418, 
4018) 2434676977, 
4019) 2435004113, 
4020) 2435595740, 
4021) 2436706033, 
4022) 2437963320, 
4023) 2438473981, 
4024) 2438819294, 
4025) 2439726948, 
4026) 2440096958, 
4027) 2440940375, 
4028) 2442496471, 
4029) 2443841710, 
4030) 2443912213, 
4031) 2444184901, 
4032) 2444916273, 
4033) 2444945730, 
4034) 2445792873, 
4035) 2445812264, 
4036) 2446131240, 
4037) 2446192138, 
4038) 2448154027, 
4039) 2448284729, 
4040) 2448479504, 
4041) 2448942617, 
4042) 2449311683, 
4043) 2452157010, 
4044) 2454570361, 
4045) 2454773570, 
4046) 2454920925, 
4047) 2455719469, 
4048) 2456250645, 
4049) 2456311262, 
4050) 2456414224, 
4051) 2458910207, 
4052) 2459227920, 
4053) 2459634058, 
4054) 2461218704, 
4055) 2461515967, 
4056) 2462234989, 
4057) 2462334801, 
4058) 2462509979, 
4059) 2462535620, 
4060) 2462706541, 
4061) 2464539548, 
4062) 2465169360, 
4063) 2465381073, 
4064) 2465554105, 
4065) 2465564872, 
4066) 2465774120, 
4067) 2465931244, 
4068) 2466368268, 
4069) 2466882820, 
4070) 2466994887, 
4071) 2467582534, 
4072) 2467897352, 
4073) 2468080730, 
4074) 2469700173, 
4075) 2470243368, 
4076) 2470452435, 
4077) 2470660831, 
4078) 2472426793, 
4079) 2473252075, 
4080) 2473957092, 
4081) 2475782654, 
4082) 2476385050, 
4083) 2476663652, 
4084) 2477168193, 
4085) 2477583326, 
4086) 2478300243, 
4087) 2479024162, 
4088) 2479607416, 
4089) 2480100950, 
4090) 2480173909, 
4091) 2480398829, 
4092) 2480452258, 
4093) 2481688127, 
4094) 2481707587, 
4095) 2481961633, 
4096) 2484300608, 
4097) 2484637081, 
4098) 2484808059, 
4099) 2485723748, 
4100) 2486454664, 
4101) 2486491701, 
4102) 2486843451, 
4103) 2487139290, 
4104) 2487146180, 
4105) 2487415841, 
4106) 2487631683, 
4107) 2487850012, 
4108) 2487947944, 
4109) 2488323502, 
4110) 2488553449, 
4111) 2488822242, 
4112) 2490927574, 
4113) 2491198880, 
4114) 2491462738, 
4115) 2491518939, 
4116) 2492886340, 
4117) 2493446063, 
4118) 2494870637, 
4119) 2495415579, 
4120) 2496059679, 
4121) 2498899908, 
4122) 2499698792, 
4123) 2499829390, 
4124) 2500789920, 
4125) 2501267588, 
4126) 2501614234, 
4127) 2501926204, 
4128) 2502195668, 
4129) 2503858230, 
4130) 2505732839, 
4131) 2507233195, 
4132) 2507514806, 
4133) 2507540215, 
4134) 2507943509, 
4135) 2508521590, 
4136) 2509122094, 
4137) 2509136666, 
4138) 2509224117, 
4139) 2509227059, 
4140) 2510012433, 
4141) 2510780239, 
4142) 2510821073, 
4143) 2510954657, 
4144) 2512842203, 
4145) 2512899050, 
4146) 2513184772, 
4147) 2513412530, 
4148) 2513518138, 
4149) 2513592040, 
4150) 2514478245, 
4151) 2514488915, 
4152) 2514753740, 
4153) 2514931185, 
4154) 2515103906, 
4155) 2515262691, 
4156) 2515415443, 
4157) 2515738841, 
4158) 2515838779, 
4159) 2517119550, 
4160) 2519559830, 
4161) 2519742996, 
4162) 2519787776, 
4163) 2520194061, 
4164) 2520571783, 
4165) 2520632651, 
4166) 2521331997, 
4167) 2522241495, 
4168) 2522253891, 
4169) 2522357954, 
4170) 2522487867, 
4171) 2523292512, 
4172) 2523715287, 
4173) 2523868846, 
4174) 2523973773, 
4175) 2524451028, 
4176) 2524574815, 
4177) 2524758197, 
4178) 2526681781, 
4179) 2528055831, 
4180) 2528445049, 
4181) 2528760317, 
4182) 2530723150, 
4183) 2532101935, 
4184) 2532306877, 
4185) 2532571082, 
4186) 2532964364, 
4187) 2533020923, 
4188) 2533431825, 
4189) 2534228207, 
4190) 2534229208, 
4191) 2534321992, 
4192) 2534436319, 
4193) 2535972965, 
4194) 2536459815, 
4195) 2537845408, 
4196) 2538945006, 
4197) 2538977928, 
4198) 2539289708, 
4199) 2539464195, 
4200) 2539851482, 
4201) 2541438443, 
4202) 2541658916, 
4203) 2542778265, 
4204) 2545832189, 
4205) 2546020472, 
4206) 2546103825, 
4207) 2547114138, 
4208) 2547411087, 
4209) 2547794722, 
4210) 2550840841, 
4211) 2551044981, 
4212) 2551342374, 
4213) 2552085354, 
4214) 2554715581, 
4215) 2555219547, 
4216) 2555462772, 
4217) 2556733459, 
4218) 2557317752, 
4219) 2557910142, 
4220) 2558018321, 
4221) 2558024866, 
4222) 2559504694, 
4223) 2559735288, 
4224) 2559983866, 
4225) 2560348372, 
4226) 2560565135, 
4227) 2561014200, 
4228) 2562261625, 
4229) 2562562595, 
4230) 2562654777, 
4231) 2562938222, 
4232) 2563080422, 
4233) 2563799475, 
4234) 2565216142, 
4235) 2565627527, 
4236) 2565884535, 
4237) 2566180256, 
4238) 2566992808, 
4239) 2568157515, 
4240) 2568444880, 
4241) 2568534972, 
4242) 2568899323, 
4243) 2569617501, 
4244) 2569749163, 
4245) 2570175093, 
4246) 2571237028, 
4247) 2571266914, 
4248) 2571520527, 
4249) 2571625788, 
4250) 2571916530, 
4251) 2572018651, 
4252) 2572820533, 
4253) 2573400854, 
4254) 2574605832, 
4255) 2575323877, 
4256) 2576395817, 
4257) 2576559373, 
4258) 2578049742, 
4259) 2578595620, 
4260) 2578730126, 
4261) 2578735251, 
4262) 2578959159, 
4263) 2579387917, 
4264) 2579483338, 
4265) 2580442514, 
4266) 2580797972, 
4267) 2581775354, 
4268) 2581933354, 
4269) 2582041819, 
4270) 2584520678, 
4271) 2585230009, 
4272) 2586534238, 
4273) 2586538847, 
4274) 2586687868, 
4275) 2586690377, 
4276) 2586699490, 
4277) 2587182724, 
4278) 2588015381, 
4279) 2588406417, 
4280) 2588538660, 
4281) 2588601917, 
4282) 2590191835, 
4283) 2590326511, 
4284) 2590381261, 
4285) 2590648077, 
4286) 2590672653, 
4287) 2592970065, 
4288) 2593829510, 
4289) 2594209022, 
4290) 2594513635, 
4291) 2595117472, 
4292) 2596338659, 
4293) 2597545342, 
4294) 2597573988, 
4295) 2597749009, 
4296) 2598314903, 
4297) 2599816379, 
4298) 2600393165, 
4299) 2600989064, 
4300) 2601173329, 
4301) 2601204460, 
4302) 2601234012, 
4303) 2603939314, 
4304) 2605298198, 
4305) 2606870739, 
4306) 2608130665, 
4307) 2608395393, 
4308) 2608410892, 
4309) 2609053969, 
4310) 2609743038, 
4311) 2610028555, 
4312) 2610173845, 
4313) 2610978017, 
4314) 2611461582, 
4315) 2612722446, 
4316) 2613421036, 
4317) 2613725235, 
4318) 2614219767, 
4319) 2614366076, 
4320) 2614892857, 
4321) 2614957738, 
4322) 2615914953, 
4323) 2616782468, 
4324) 2617338185, 
4325) 2617953237, 
4326) 2618681778, 
4327) 2619541826, 
4328) 2622655344, 
4329) 2624026037, 
4330) 2624189639, 
4331) 2624409052, 
4332) 2624664705, 
4333) 2624978879, 
4334) 2625264240, 
4335) 2626952333, 
4336) 2627673485, 
4337) 2628318988, 
4338) 2629782603, 
4339) 2630951468, 
4340) 2631527243, 
4341) 2631633475, 
4342) 2632116415, 
4343) 2632153112, 
4344) 2632586585, 
4345) 2633016191, 
4346) 2633215838, 
4347) 2634254699, 
4348) 2634915826, 
4349) 2635413088, 
4350) 2635482185, 
4351) 2635707685, 
4352) 2637498604, 
4353) 2637831991, 
4354) 2638116760, 
4355) 2638414096, 
4356) 2638482135, 
4357) 2638897002, 
4358) 2638915899, 
4359) 2639026669, 
4360) 2639066426, 
4361) 2639350855, 
4362) 2640391830, 
4363) 2640520329, 
4364) 2641297746, 
4365) 2642195551, 
4366) 2642422523, 
4367) 2643552246, 
4368) 2643728240, 
4369) 2643771589, 
4370) 2643775130, 
4371) 2644028862, 
4372) 2644087395, 
4373) 2644738191, 
4374) 2645118327, 
4375) 2645247101, 
4376) 2645977539, 
4377) 2646001649, 
4378) 2646287655, 
4379) 2646555716, 
4380) 2646899152, 
4381) 2648239474, 
4382) 2649242101, 
4383) 2649429103, 
4384) 2650250147, 
4385) 2650950630, 
4386) 2651904921, 
4387) 2652281217, 
4388) 2652508239, 
4389) 2652871169, 
4390) 2653440544, 
4391) 2653446008, 
4392) 2654157827, 
4393) 2654175020, 
4394) 2654547829, 
4395) 2654888638, 
4396) 2655034476, 
4397) 2655341428, 
4398) 2656515169, 
4399) 2658108369, 
4400) 2658811219, 
4401) 2660160342, 
4402) 2660304059, 
4403) 2660384092, 
4404) 2660833093, 
4405) 2660986149, 
4406) 2661339567, 
4407) 2661707781, 
4408) 2663970480, 
4409) 2664342674, 
4410) 2664419979, 
4411) 2665713639, 
4412) 2666107233, 
4413) 2666529674, 
4414) 2667143335, 
4415) 2667428852, 
4416) 2669828763, 
4417) 2669837237, 
4418) 2669842148, 
4419) 2670132621, 
4420) 2671905932, 
4421) 2672341085, 
4422) 2672477648, 
4423) 2673021222, 
4424) 2673186789, 
4425) 2673307780, 
4426) 2673547937, 
4427) 2674290987, 
4428) 2674545929, 
4429) 2674850892, 
4430) 2675675079, 
4431) 2676071555, 
4432) 2676239558, 
4433) 2676264990, 
4434) 2676516002, 
4435) 2676543151, 
4436) 2676557131, 
4437) 2676574058, 
4438) 2679494031, 
4439) 2680338334, 
4440) 2680431127, 
4441) 2680458158, 
4442) 2681243785, 
4443) 2681462325, 
4444) 2682148494, 
4445) 2682335192, 
4446) 2682911271, 
4447) 2682948369, 
4448) 2683472456, 
4449) 2684269308, 
4450) 2684607067, 
4451) 2685056523, 
4452) 2685523191, 
4453) 2689251747, 
4454) 2689280044, 
4455) 2690415800, 
4456) 2690675167, 
4457) 2690889261, 
4458) 2691077825, 
4459) 2691122114, 
4460) 2691131164, 
4461) 2692154048, 
4462) 2692154130, 
4463) 2692812121, 
4464) 2696644451, 
4465) 2698560874, 
4466) 2699788221, 
4467) 2699828902, 
4468) 2699879328, 
4469) 2700078464, 
4470) 2704394638, 
4471) 2705269850, 
4472) 2705546140, 
4473) 2706004160, 
4474) 2706104277, 
4475) 2706491629, 
4476) 2707921393, 
4477) 2708061516, 
4478) 2708116851, 
4479) 2708532613, 
4480) 2708714241, 
4481) 2708916780, 
4482) 2709821735, 
4483) 2710163562, 
4484) 2710731539, 
4485) 2711648071, 
4486) 2712032504, 
4487) 2712415808, 
4488) 2713341513, 
4489) 2713699683, 
4490) 2714374525, 
4491) 2714421968, 
4492) 2715101578, 
4493) 2716684313, 
4494) 2716768395, 
4495) 2717082194, 
4496) 2717094687, 
4497) 2717186715, 
4498) 2718161592, 
4499) 2718625552, 
4500) 2719102106, 
4501) 2720009097, 
4502) 2721719340, 
4503) 2722821299, 
4504) 2722846771, 
4505) 2723104835, 
4506) 2723483008, 
4507) 2723777026, 
4508) 2723794076, 
4509) 2725598711, 
4510) 2725621271, 
4511) 2725665951, 
4512) 2725858005, 
4513) 2725993349, 
4514) 2726041003, 
4515) 2726690490, 
4516) 2727101727, 
4517) 2727111423, 
4518) 2729649536, 
4519) 2730751500, 
4520) 2731191481, 
4521) 2731910741, 
4522) 2732932069, 
4523) 2733311016, 
4524) 2734041268, 
4525) 2735247918, 
4526) 2735685120, 
4527) 2735999771, 
4528) 2736297605, 
4529) 2736534231, 
4530) 2737043848, 
4531) 2737264053, 
4532) 2737436619, 
4533) 2737457333, 
4534) 2737678618, 
4535) 2738870709, 
4536) 2739748105, 
4537) 2740249638, 
4538) 2740508828, 
4539) 2740786062, 
4540) 2741990943, 
4541) 2742333399, 
4542) 2742940257, 
4543) 2743093974, 
4544) 2743896000, 
4545) 2744071634, 
4546) 2745085175, 
4547) 2745135323, 
4548) 2745537380, 
4549) 2746925865, 
4550) 2746970599, 
4551) 2747215480, 
4552) 2748441275, 
4553) 2749789236, 
4554) 2750309369, 
4555) 2750845989, 
4556) 2751897283, 
4557) 2752399727, 
4558) 2753553369, 
4559) 2753804131, 
4560) 2755508222, 
4561) 2755738832, 
4562) 2755835242, 
4563) 2757322437, 
4564) 2757648957, 
4565) 2757772982, 
4566) 2758402534, 
4567) 2758810618, 
4568) 2759099878, 
4569) 2759102149, 
4570) 2759123349, 
4571) 2759506460, 
4572) 2759985883, 
4573) 2760085409, 
4574) 2760229105, 
4575) 2761635332, 
4576) 2761866181, 
4577) 2761994811, 
4578) 2763052826, 
4579) 2763254516, 
4580) 2763319066, 
4581) 2764361398, 
4582) 2764386596, 
4583) 2764835589, 
4584) 2765976264, 
4585) 2766675409, 
4586) 2766932406, 
4587) 2767389809, 
4588) 2767889717, 
4589) 2768381056, 
4590) 2769972724, 
4591) 2770677565, 
4592) 2770906149, 
4593) 2772080389, 
4594) 2772331223, 
4595) 2772700074, 
4596) 2773277995, 
4597) 2773769143, 
4598) 2773903329, 
4599) 2775902374, 
4600) 2777011810, 
4601) 2777818133, 
4602) 2777922112, 
4603) 2778467623, 
4604) 2778920426, 
4605) 2779284675, 
4606) 2779936738, 
4607) 2782869176, 
4608) 2783036469, 
4609) 2783059372, 
4610) 2783077140, 
4611) 2783856508, 
4612) 2784222079, 
4613) 2784497807, 
4614) 2785047556, 
4615) 2785971673, 
4616) 2788134302, 
4617) 2789379222, 
4618) 2789870571, 
4619) 2790480302, 
4620) 2790533449, 
4621) 2790867714, 
4622) 2791069172, 
4623) 2791609221, 
4624) 2791684945, 
4625) 2792930826, 
4626) 2794097703, 
4627) 2794844245, 
4628) 2795196430, 
4629) 2796011229, 
4630) 2796487310, 
4631) 2796600010, 
4632) 2797398034, 
4633) 2798359118, 
4634) 2798670098, 
4635) 2798704898, 
4636) 2799923086, 
4637) 2800225775, 
4638) 2800338863, 
4639) 2800489866, 
4640) 2802254477, 
4641) 2802321302, 
4642) 2802340622, 
4643) 2803760751, 
4644) 2803888589, 
4645) 2804388795, 
4646) 2805136253, 
4647) 2806766189, 
4648) 2807084685, 
4649) 2807320519, 
4650) 2807599849, 
4651) 2809095484, 
4652) 2809613915, 
4653) 2812054329, 
4654) 2812082979, 
4655) 2812232174, 
4656) 2812668665, 
4657) 2812910889, 
4658) 2812976608, 
4659) 2813099610, 
4660) 2813275127, 
4661) 2813716193, 
4662) 2813725479, 
4663) 2814284216, 
4664) 2814337542, 
4665) 2815146162, 
4666) 2815976982, 
4667) 2816438614, 
4668) 2817295563, 
4669) 2817629794, 
4670) 2818077729, 
4671) 2818842790, 
4672) 2818881293, 
4673) 2820696066, 
4674) 2820855532, 
4675) 2820908693, 
4676) 2821642737, 
4677) 2822021744, 
4678) 2822421417, 
4679) 2822472915, 
4680) 2824583011, 
4681) 2825213503, 
4682) 2826528137, 
4683) 2827080715, 
4684) 2827890927, 
4685) 2827947816, 
4686) 2828598337, 
4687) 2828656153, 
4688) 2829084860, 
4689) 2829381976, 
4690) 2830043895, 
4691) 2830167166, 
4692) 2830234138, 
4693) 2830657163, 
4694) 2830660514, 
4695) 2831051329, 
4696) 2831179726, 
4697) 2831557455, 
4698) 2832313758, 
4699) 2832336439, 
4700) 2832672094, 
4701) 2833112100, 
4702) 2833240655, 
4703) 2833969729, 
4704) 2834205593, 
4705) 2835268621, 
4706) 2836530409, 
4707) 2836558802, 
4708) 2836630858, 
4709) 2836914817, 
4710) 2838025151, 
4711) 2838098350, 
4712) 2838756191, 
4713) 2839632688, 
4714) 2839820141, 
4715) 2841490545, 
4716) 2843409879, 
4717) 2843946007, 
4718) 2845425198, 
4719) 2845576369, 
4720) 2846598303, 
4721) 2846788612, 
4722) 2847352023, 
4723) 2847436395, 
4724) 2847713765, 
4725) 2847835317, 
4726) 2848265820, 
4727) 2848612569, 
4728) 2848953804, 
4729) 2849440171, 
4730) 2849649690, 
4731) 2851275422, 
4732) 2851899289, 
4733) 2852480097, 
4734) 2853193202, 
4735) 2853302336, 
4736) 2854045441, 
4737) 2854532503, 
4738) 2856393306, 
4739) 2856393638, 
4740) 2857427456, 
4741) 2858251119, 
4742) 2858311570, 
4743) 2858460569, 
4744) 2859239934, 
4745) 2861001876, 
4746) 2861559425, 
4747) 2862286290, 
4748) 2862776967, 
4749) 2863775350, 
4750) 2865752956, 
4751) 2866219923, 
4752) 2866530736, 
4753) 2866774238, 
4754) 2866879706, 
4755) 2867040014, 
4756) 2868647960, 
4757) 2869688621, 
4758) 2869898035, 
4759) 2872274758, 
4760) 2872390591, 
4761) 2872703496, 
4762) 2872870695, 
4763) 2873019190, 
4764) 2873182803, 
4765) 2873741408, 
4766) 2873901415, 
4767) 2873990005, 
4768) 2874459706, 
4769) 2874590490, 
4770) 2876123733, 
4771) 2876477950, 
4772) 2876781702, 
4773) 2877203211, 
4774) 2877697433, 
4775) 2878482352, 
4776) 2879110051, 
4777) 2879804531, 
4778) 2880530203, 
4779) 2880687521, 
4780) 2881208088, 
4781) 2881398234, 
4782) 2882510366, 
4783) 2882852657, 
4784) 2883632302, 
4785) 2883713189, 
4786) 2884607765, 
4787) 2885217411, 
4788) 2885402977, 
4789) 2886175264, 
4790) 2887565078, 
4791) 2889021387, 
4792) 2889338194, 
4793) 2889508403, 
4794) 2889965022, 
4795) 2890161726, 
4796) 2890208862, 
4797) 2890770648, 
4798) 2890781092, 
4799) 2891398503, 
4800) 2891756755, 
4801) 2892201114, 
4802) 2892750441, 
4803) 2893107700, 
4804) 2893833976, 
4805) 2893891163, 
4806) 2894066792, 
4807) 2894561387, 
4808) 2894796364, 
4809) 2895462155, 
4810) 2897652613, 
4811) 2897940939, 
4812) 2898235445, 
4813) 2899774734, 
4814) 2899876081, 
4815) 2900225788, 
4816) 2900800079, 
4817) 2900829682, 
4818) 2900929184, 
4819) 2901098577, 
4820) 2901185527, 
4821) 2901925140, 
4822) 2902553115, 
4823) 2903351415, 
4824) 2905420891, 
4825) 2906209627, 
4826) 2906334516, 
4827) 2906413572, 
4828) 2906624484, 
4829) 2906725965, 
4830) 2906745507, 
4831) 2907625989, 
4832) 2909482655, 
4833) 2909643742, 
4834) 2910104886, 
4835) 2910884728, 
4836) 2911226119, 
4837) 2911435644, 
4838) 2911861397, 
4839) 2912392919, 
4840) 2912844432, 
4841) 2913442700, 
4842) 2914254576, 
4843) 2914985200, 
4844) 2916205175, 
4845) 2916217082, 
4846) 2916396247, 
4847) 2916688287, 
4848) 2917364573, 
4849) 2918294767, 
4850) 2919464320, 
4851) 2919903230, 
4852) 2920380302, 
4853) 2920409444, 
4854) 2920781672, 
4855) 2920874478, 
4856) 2920969218, 
4857) 2921128871, 
4858) 2921558980, 
4859) 2922626737, 
4860) 2922681328, 
4861) 2923879540, 
4862) 2923918397, 
4863) 2924134902, 
4864) 2924182076, 
4865) 2924744290, 
4866) 2924801908, 
4867) 2928721982, 
4868) 2929165442, 
4869) 2929638012, 
4870) 2930595258, 
4871) 2931504844, 
4872) 2931594528, 
4873) 2931953493, 
4874) 2932406577, 
4875) 2932813267, 
4876) 2934279674, 
4877) 2934312848, 
4878) 2934537531, 
4879) 2935173369, 
4880) 2935208256, 
4881) 2935318680, 
4882) 2935469225, 
4883) 2936271636, 
4884) 2937007056, 
4885) 2937351575, 
4886) 2938017582, 
4887) 2938701373, 
4888) 2938947831, 
4889) 2938969580, 
4890) 2939285190, 
4891) 2940528628, 
4892) 2940712980, 
4893) 2941209707, 
4894) 2941264847, 
4895) 2941322583, 
4896) 2942490975, 
4897) 2942610006, 
4898) 2942649635, 
4899) 2943544333, 
4900) 2943877285, 
4901) 2946497270, 
4902) 2946589851, 
4903) 2948102897, 
4904) 2948487783, 
4905) 2948732670, 
4906) 2948753416, 
4907) 2949531797, 
4908) 2949720241, 
4909) 2950646294, 
4910) 2951142801, 
4911) 2951844690, 
4912) 2951982749, 
4913) 2952542880, 
4914) 2953082647, 
4915) 2954213750, 
4916) 2954267572, 
4917) 2954302947, 
4918) 2955176591, 
4919) 2955503653, 
4920) 2956368983, 
4921) 2956380840, 
4922) 2957486812, 
4923) 2957538851, 
4924) 2957927026, 
4925) 2958847782, 
4926) 2959125441, 
4927) 2959254864, 
4928) 2959292969, 
4929) 2959399543, 
4930) 2959536334, 
4931) 2960246280, 
4932) 2961041965, 
4933) 2962651964, 
4934) 2962667664, 
4935) 2962771244, 
4936) 2963757505, 
4937) 2964150090, 
4938) 2965298396, 
4939) 2965511241, 
4940) 2966280083, 
4941) 2966352735, 
4942) 2966359090, 
4943) 2968731540, 
4944) 2970444084, 
4945) 2971508744, 
4946) 2971596359, 
4947) 2972849800, 
4948) 2972897698, 
4949) 2973454623, 
4950) 2974370734, 
4951) 2974971663, 
4952) 2975297735, 
4953) 2975960527, 
4954) 2976995490, 
4955) 2977576579, 
4956) 2977716607, 
4957) 2978049094, 
4958) 2978177357, 
4959) 2978239803, 
4960) 2978890394, 
4961) 2979258660, 
4962) 2979553026, 
4963) 2980156887, 
4964) 2980883596, 
4965) 2981246772, 
4966) 2981759064, 
4967) 2982233820, 
4968) 2982967115, 
4969) 2983111637, 
4970) 2983122192, 
4971) 2986260490, 
4972) 2986276660, 
4973) 2986731692, 
4974) 2987030677, 
4975) 2987392249, 
4976) 2988270516, 
4977) 2988477798, 
4978) 2989001680, 
4979) 2989350679, 
4980) 2990152651, 
4981) 2990160923, 
4982) 2991159785, 
4983) 2991551078, 
4984) 2993174268, 
4985) 2993321960, 
4986) 2993425974, 
4987) 2993662168, 
4988) 2993985635, 
4989) 2994376010, 
4990) 2995003392, 
4991) 2995280775, 
4992) 2995806876, 
4993) 2996354110, 
4994) 2997112742, 
4995) 2997386280, 
4996) 2997900660, 
4997) 2998708689, 
4998) 2999210806, 
4999) 2999849363, 
