Number of elements is 100
Type of array is rendomized
Sorting algorithm - Shell
Running time of sorting algorithm is 6ms
0) 15409606, 
1) 21167288, 
2) 64421211, 
3) 149406063, 
4) 127722085, 
5) 160522639, 
6) 284220630, 
7) 84370760, 
8) 204034595, 
9) 359960174, 
10) 481600123, 
11) 204480173, 
12) 551547030, 
13) 147963535, 
14) 297905958, 
15) 197844486, 
16) 591300531, 
17) 397579354, 
18) 603845066, 
19) 403392989, 
20) 450172531, 
21) 714719086, 
22) 612425098, 
23) 582451148, 
24) 775836254, 
25) 880805903, 
26) 644890025, 
27) 946094349, 
28) 1045964794, 
29) 844610859, 
30) 1277889012, 
31) 1291817018, 
32) 884629840, 
33) 1318978406, 
34) 1320289869, 
35) 1268816440, 
36) 1368520442, 
37) 1368914407, 
38) 1001384814, 
39) 1111674076, 
40) 1400162459, 
41) 1365714650, 
42) 1412625394, 
43) 1418211746, 
44) 1210212926, 
45) 1485957556, 
46) 1781653761, 
47) 1454947076, 
48) 1086556371, 
49) 1341497502, 
50) 1306960042, 
51) 1606339712, 
52) 2229994175, 
53) 1724991326, 
54) 1443795897, 
55) 1814910137, 
56) 2010064380, 
57) 1698042386, 
58) 2326379776, 
59) 2128566785, 
60) 1487590349, 
61) 2051530970, 
62) 2087904946, 
63) 1757720000, 
64) 1865639021, 
65) 2345621214, 
66) 1966964256, 
67) 2209386291, 
68) 2353005989, 
69) 2079035266, 
70) 1897041195, 
71) 2375195068, 
72) 2133134736, 
73) 2216075740, 
74) 2287894467, 
75) 2321154409, 
76) 2086026372, 
77) 2383716973, 
78) 2425865024, 
79) 2439032246, 
80) 2500155993, 
81) 2459814055, 
82) 2520035669, 
83) 2542520270, 
84) 2558034707, 
85) 2724805373, 
86) 2614579232, 
87) 2765717084, 
88) 2470577084, 
89) 2807820216, 
90) 2843562772, 
91) 2883807720, 
92) 2813033604, 
93) 2770401755, 
94) 2745265469, 
95) 2877975107, 
96) 2884160245, 
97) 2896347693, 
98) 2881113255, 
99) 2899412841, 
