Number of elements is 5000
Type of array is rendomized
Sorting algorithm - Shell
Running time of sorting algorithm is 565ms
0) 461993, 
1) 1728951, 
2) 842860, 
3) 5881123, 
4) 2466614, 
5) 2173098, 
6) 6744590, 
7) 5942621, 
8) 2897216, 
9) 6933327, 
10) 7222444, 
11) 10844763, 
12) 9494373, 
13) 13529103, 
14) 11183060, 
15) 3490772, 
16) 8423215, 
17) 14021769, 
18) 15263451, 
19) 17395267, 
20) 17563942, 
21) 13362052, 
22) 22242513, 
23) 18799368, 
24) 17337657, 
25) 17223675, 
26) 25176403, 
27) 22333568, 
28) 4115485, 
29) 22632225, 
30) 26826842, 
31) 27450544, 
32) 29196091, 
33) 25388948, 
34) 26313024, 
35) 984084, 
36) 18353909, 
37) 23706239, 
38) 29485811, 
39) 41515965, 
40) 32776813, 
41) 34326358, 
42) 39329767, 
43) 47614495, 
44) 31586778, 
45) 46831836, 
46) 45422089, 
47) 15702633, 
48) 47711091, 
49) 50606959, 
50) 49008947, 
51) 50608826, 
52) 54091830, 
53) 38385801, 
54) 13047431, 
55) 19468820, 
56) 41340942, 
57) 54270878, 
58) 27571253, 
59) 58818513, 
60) 21699376, 
61) 52687587, 
62) 64162748, 
63) 18702081, 
64) 43353961, 
65) 73042476, 
66) 74859286, 
67) 29460325, 
68) 21602700, 
69) 77777484, 
70) 80990162, 
71) 82100302, 
72) 56021881, 
73) 49244042, 
74) 57595047, 
75) 54471473, 
76) 84384037, 
77) 84493418, 
78) 65184947, 
79) 46809516, 
80) 40228172, 
81) 53743307, 
82) 80696676, 
83) 727635, 
84) 89441345, 
85) 57133808, 
86) 95825198, 
87) 94456706, 
88) 97845087, 
89) 95167610, 
90) 98937258, 
91) 99472018, 
92) 98020569, 
93) 80695264, 
94) 31073426, 
95) 101338960, 
96) 103193042, 
97) 54172869, 
98) 76043097, 
99) 75016131, 
100) 80744501, 
101) 90098747, 
102) 24010184, 
103) 105002960, 
104) 92779920, 
105) 105152811, 
106) 101570149, 
107) 43466644, 
108) 106974000, 
109) 112769645, 
110) 111948721, 
111) 71026870, 
112) 105719257, 
113) 114204889, 
114) 50191634, 
115) 81994937, 
116) 112575563, 
117) 89486139, 
118) 54742606, 
119) 49723717, 
120) 65453546, 
121) 117760534, 
122) 98053032, 
123) 113174366, 
124) 59216428, 
125) 103027587, 
126) 118735941, 
127) 116739968, 
128) 41537499, 
129) 119446936, 
130) 122824756, 
131) 113318607, 
132) 123055780, 
133) 119491522, 
134) 125433003, 
135) 122480043, 
136) 64078324, 
137) 87121804, 
138) 106617435, 
139) 89486114, 
140) 116097239, 
141) 76245821, 
142) 98004697, 
143) 95593520, 
144) 97987009, 
145) 124175196, 
146) 28854194, 
147) 128270847, 
148) 132049774, 
149) 142240192, 
150) 76053124, 
151) 124255388, 
152) 130337016, 
153) 143052603, 
154) 132723637, 
155) 144372292, 
156) 77152752, 
157) 121801695, 
158) 94260115, 
159) 110871540, 
160) 123278718, 
161) 45662861, 
162) 132244792, 
163) 60247200, 
164) 134733721, 
165) 146892457, 
166) 49457690, 
167) 47862885, 
168) 136838994, 
169) 41911187, 
170) 139768705, 
171) 148955217, 
172) 141820509, 
173) 154516641, 
174) 144749674, 
175) 85047742, 
176) 132072114, 
177) 129826258, 
178) 130615008, 
179) 123291597, 
180) 107251899, 
181) 92120611, 
182) 103919589, 
183) 154342920, 
184) 117253377, 
185) 159927072, 
186) 149818177, 
187) 147945370, 
188) 146590818, 
189) 78332528, 
190) 153927725, 
191) 105678854, 
192) 154283370, 
193) 151284734, 
194) 158574911, 
195) 101295830, 
196) 148909674, 
197) 160626342, 
198) 134133661, 
199) 84673010, 
200) 162691496, 
201) 165161561, 
202) 135641397, 
203) 109785259, 
204) 170383009, 
205) 174098058, 
206) 156204835, 
207) 166893744, 
208) 176275212, 
209) 178798354, 
210) 173406575, 
211) 102694307, 
212) 187665519, 
213) 172193950, 
214) 141495993, 
215) 183334168, 
216) 154227987, 
217) 148907633, 
218) 192166217, 
219) 181728597, 
220) 156256589, 
221) 189798923, 
222) 163993861, 
223) 189549909, 
224) 38221276, 
225) 184111206, 
226) 128101124, 
227) 150958464, 
228) 89981953, 
229) 174403412, 
230) 205934176, 
231) 190205877, 
232) 209823853, 
233) 196731450, 
234) 128114453, 
235) 102249128, 
236) 215979134, 
237) 141337313, 
238) 98841303, 
239) 86597857, 
240) 170172595, 
241) 162856163, 
242) 157848285, 
243) 216918449, 
244) 204801690, 
245) 220596495, 
246) 217204274, 
247) 165693575, 
248) 210333464, 
249) 156466386, 
250) 211295847, 
251) 221340100, 
252) 220434536, 
253) 236030732, 
254) 232780858, 
255) 156481030, 
256) 168777778, 
257) 178996040, 
258) 250218527, 
259) 225296719, 
260) 178494374, 
261) 168490364, 
262) 253789858, 
263) 122443862, 
264) 256471235, 
265) 118695754, 
266) 272173807, 
267) 194825034, 
268) 274788071, 
269) 254576249, 
270) 256775327, 
271) 114037463, 
272) 266832855, 
273) 252604069, 
274) 193644746, 
275) 87581263, 
276) 70834580, 
277) 220152694, 
278) 217296222, 
279) 189816462, 
280) 207123062, 
281) 85388131, 
282) 177112009, 
283) 175488344, 
284) 168309354, 
285) 216561907, 
286) 60726316, 
287) 258632467, 
288) 271404065, 
289) 167537100, 
290) 255469794, 
291) 271850105, 
292) 281196984, 
293) 130631334, 
294) 54322551, 
295) 94800081, 
296) 293034094, 
297) 274431115, 
298) 132712553, 
299) 180164503, 
300) 170142755, 
301) 47523548, 
302) 268977919, 
303) 291286057, 
304) 238289598, 
305) 226244064, 
306) 147481485, 
307) 251927703, 
308) 294463253, 
309) 287510361, 
310) 289477155, 
311) 293866892, 
312) 230481818, 
313) 178935766, 
314) 263356692, 
315) 147557511, 
316) 237111684, 
317) 245707326, 
318) 306006193, 
319) 189199729, 
320) 189156873, 
321) 245504153, 
322) 262373944, 
323) 250033775, 
324) 253638563, 
325) 183186329, 
326) 293809304, 
327) 334333691, 
328) 253028793, 
329) 315574606, 
330) 181801539, 
331) 257220107, 
332) 327095545, 
333) 202791909, 
334) 281906797, 
335) 285017793, 
336) 87285755, 
337) 244921746, 
338) 226082555, 
339) 305787572, 
340) 183308018, 
341) 330035442, 
342) 295747059, 
343) 308391582, 
344) 318532883, 
345) 218668072, 
346) 242148353, 
347) 168467787, 
348) 300516611, 
349) 180227978, 
350) 327183382, 
351) 287267740, 
352) 156013243, 
353) 235333806, 
354) 174691992, 
355) 219951153, 
356) 324441767, 
357) 315475139, 
358) 255524589, 
359) 289997680, 
360) 318168982, 
361) 338248509, 
362) 200153650, 
363) 234961456, 
364) 344381347, 
365) 347895260, 
366) 316009745, 
367) 303523189, 
368) 332312696, 
369) 290962546, 
370) 337305213, 
371) 357639265, 
372) 203014374, 
373) 365738613, 
374) 331242458, 
375) 328706376, 
376) 280215553, 
377) 68358800, 
378) 349636016, 
379) 359814226, 
380) 99356679, 
381) 368145945, 
382) 349744706, 
383) 227057789, 
384) 309012373, 
385) 347086804, 
386) 318314856, 
387) 364578244, 
388) 356148487, 
389) 379675680, 
390) 300142485, 
391) 249424298, 
392) 398920243, 
393) 370424403, 
394) 257586202, 
395) 108250908, 
396) 205738513, 
397) 170612984, 
398) 294906977, 
399) 366089256, 
400) 401123081, 
401) 393416377, 
402) 254838400, 
403) 370752770, 
404) 394736341, 
405) 375163480, 
406) 402041985, 
407) 337771114, 
408) 198236956, 
409) 407927405, 
410) 403495062, 
411) 259851501, 
412) 394743832, 
413) 195385475, 
414) 302081470, 
415) 342234082, 
416) 402583821, 
417) 169043323, 
418) 95698394, 
419) 319588155, 
420) 406974807, 
421) 396158814, 
422) 409849559, 
423) 388527103, 
424) 110764113, 
425) 421948450, 
426) 302902807, 
427) 118454781, 
428) 424019401, 
429) 329869148, 
430) 260594706, 
431) 269492293, 
432) 293096276, 
433) 155177704, 
434) 324728128, 
435) 393861273, 
436) 358877373, 
437) 368069599, 
438) 432564618, 
439) 404238712, 
440) 211784868, 
441) 291572322, 
442) 432736950, 
443) 430488863, 
444) 433590156, 
445) 236550098, 
446) 436302555, 
447) 302577038, 
448) 440416900, 
449) 368415380, 
450) 281111975, 
451) 435414014, 
452) 382276926, 
453) 386132790, 
454) 338929051, 
455) 128908129, 
456) 255379227, 
457) 320963209, 
458) 110705822, 
459) 453121092, 
460) 433433191, 
461) 457206373, 
462) 148387217, 
463) 71622507, 
464) 418692989, 
465) 460040825, 
466) 336206576, 
467) 461771181, 
468) 374549891, 
469) 342406649, 
470) 91982594, 
471) 415750637, 
472) 291710407, 
473) 284560014, 
474) 443652727, 
475) 286551294, 
476) 409161552, 
477) 372112125, 
478) 454436465, 
479) 169091778, 
480) 320625922, 
481) 422884120, 
482) 221250320, 
483) 466051878, 
484) 462966761, 
485) 466665698, 
486) 333578993, 
487) 463853981, 
488) 467406721, 
489) 249276804, 
490) 211377970, 
491) 87420478, 
492) 470490887, 
493) 410975055, 
494) 459835607, 
495) 414614479, 
496) 288734866, 
497) 318663667, 
498) 469652218, 
499) 448754416, 
500) 473163150, 
501) 457125517, 
502) 483791950, 
503) 221029293, 
504) 304284155, 
505) 357223235, 
506) 479557122, 
507) 348562752, 
508) 358871431, 
509) 218782840, 
510) 484597127, 
511) 315221741, 
512) 397543884, 
513) 125623803, 
514) 417347998, 
515) 425172886, 
516) 381416618, 
517) 453684741, 
518) 488322273, 
519) 194288715, 
520) 491422113, 
521) 492086045, 
522) 273350037, 
523) 350505949, 
524) 107116737, 
525) 401622907, 
526) 257447425, 
527) 58067781, 
528) 412257231, 
529) 307322112, 
530) 498856397, 
531) 479333030, 
532) 422582634, 
533) 424511150, 
534) 185882953, 
535) 498026575, 
536) 495993180, 
537) 116475525, 
538) 396815420, 
539) 504456598, 
540) 438977363, 
541) 93965393, 
542) 507295162, 
543) 478755886, 
544) 513868231, 
545) 486928201, 
546) 502874072, 
547) 374743313, 
548) 439170914, 
549) 293765046, 
550) 188918651, 
551) 432995856, 
552) 399335702, 
553) 235096725, 
554) 451717818, 
555) 225445581, 
556) 514026854, 
557) 286055479, 
558) 348625503, 
559) 283076318, 
560) 397009279, 
561) 516312217, 
562) 518189876, 
563) 500949076, 
564) 360682937, 
565) 523128569, 
566) 142597801, 
567) 286376011, 
568) 498008409, 
569) 256719923, 
570) 475473254, 
571) 498429628, 
572) 109710991, 
573) 308354280, 
574) 527050548, 
575) 524473851, 
576) 208806655, 
577) 515213446, 
578) 144269582, 
579) 460351965, 
580) 477219095, 
581) 307245890, 
582) 429022559, 
583) 267868594, 
584) 528681981, 
585) 510768233, 
586) 423775021, 
587) 396683817, 
588) 248005515, 
589) 362924615, 
590) 509415215, 
591) 475652658, 
592) 285538943, 
593) 489278670, 
594) 294967293, 
595) 294196500, 
596) 529335609, 
597) 371544591, 
598) 533906272, 
599) 527595464, 
600) 494720541, 
601) 339460565, 
602) 186783984, 
603) 417048153, 
604) 160825633, 
605) 438415151, 
606) 471333281, 
607) 511687813, 
608) 542628473, 
609) 530468129, 
610) 436288944, 
611) 239094332, 
612) 473565244, 
613) 365027205, 
614) 363277576, 
615) 468581647, 
616) 426782210, 
617) 533567964, 
618) 345287125, 
619) 473189957, 
620) 500271915, 
621) 527757680, 
622) 544127481, 
623) 524078865, 
624) 530689499, 
625) 447620457, 
626) 447446989, 
627) 544785102, 
628) 399816098, 
629) 434018491, 
630) 545243733, 
631) 476575928, 
632) 354109697, 
633) 374083014, 
634) 298984545, 
635) 516339627, 
636) 413014369, 
637) 479325176, 
638) 545357977, 
639) 546391515, 
640) 551430010, 
641) 553007390, 
642) 190741768, 
643) 370621556, 
644) 555594493, 
645) 395832175, 
646) 520470014, 
647) 470836967, 
648) 537244223, 
649) 543531756, 
650) 551532278, 
651) 482238910, 
652) 425509859, 
653) 495872006, 
654) 558553988, 
655) 536712075, 
656) 571828317, 
657) 558549063, 
658) 494646047, 
659) 427616619, 
660) 307802349, 
661) 203110824, 
662) 542208645, 
663) 560141508, 
664) 425374328, 
665) 546375009, 
666) 574465763, 
667) 425071997, 
668) 552936992, 
669) 234257808, 
670) 515424826, 
671) 505879661, 
672) 538186283, 
673) 542276716, 
674) 578689868, 
675) 457523129, 
676) 578758627, 
677) 568261395, 
678) 546558312, 
679) 500936642, 
680) 520414182, 
681) 435747923, 
682) 578998474, 
683) 579585830, 
684) 64239718, 
685) 591946267, 
686) 571351998, 
687) 587048156, 
688) 457241657, 
689) 506322890, 
690) 580251718, 
691) 597411767, 
692) 530611496, 
693) 601734391, 
694) 569542370, 
695) 602622224, 
696) 470147274, 
697) 504491022, 
698) 590677650, 
699) 551699474, 
700) 579830952, 
701) 608693482, 
702) 561227223, 
703) 457482452, 
704) 551413759, 
705) 607214275, 
706) 433138381, 
707) 438835176, 
708) 551677803, 
709) 273499528, 
710) 418966147, 
711) 539719823, 
712) 571996900, 
713) 529874738, 
714) 463772393, 
715) 549135846, 
716) 598978391, 
717) 608739449, 
718) 602164493, 
719) 620371886, 
720) 420454887, 
721) 464585083, 
722) 616409688, 
723) 567802227, 
724) 561447928, 
725) 498480518, 
726) 633897892, 
727) 565552905, 
728) 555258544, 
729) 624213404, 
730) 634964471, 
731) 645018339, 
732) 613498597, 
733) 634419618, 
734) 618105492, 
735) 658252258, 
736) 613783635, 
737) 638120444, 
738) 653601722, 
739) 412361902, 
740) 623121100, 
741) 622302180, 
742) 527676775, 
743) 558079016, 
744) 333280323, 
745) 470602482, 
746) 540343515, 
747) 614578404, 
748) 560925258, 
749) 661720078, 
750) 569400980, 
751) 678221011, 
752) 640382146, 
753) 545068485, 
754) 623601297, 
755) 637564866, 
756) 494782578, 
757) 308448572, 
758) 665564464, 
759) 484428248, 
760) 577949194, 
761) 620576042, 
762) 583810185, 
763) 639640264, 
764) 648667652, 
765) 417077193, 
766) 661902804, 
767) 512423567, 
768) 646724109, 
769) 416083286, 
770) 662935124, 
771) 525349703, 
772) 655960714, 
773) 684301351, 
774) 329403176, 
775) 390443669, 
776) 542429122, 
777) 667428216, 
778) 659819465, 
779) 691012913, 
780) 655639599, 
781) 545962156, 
782) 544230093, 
783) 659056933, 
784) 480208868, 
785) 472818092, 
786) 594455144, 
787) 620805762, 
788) 482388648, 
789) 548096376, 
790) 379550954, 
791) 337748481, 
792) 493631733, 
793) 298802698, 
794) 434155629, 
795) 263687855, 
796) 190747930, 
797) 655624718, 
798) 541980879, 
799) 685235658, 
800) 656905194, 
801) 638255013, 
802) 629766860, 
803) 240867785, 
804) 664455051, 
805) 666460597, 
806) 195650684, 
807) 693766187, 
808) 676503875, 
809) 693544065, 
810) 672345082, 
811) 694424469, 
812) 686917201, 
813) 685515767, 
814) 694452834, 
815) 648309005, 
816) 684222005, 
817) 474263456, 
818) 694843759, 
819) 635459426, 
820) 509279671, 
821) 681761734, 
822) 578065778, 
823) 530841833, 
824) 415213469, 
825) 696297982, 
826) 690898243, 
827) 697180195, 
828) 516824571, 
829) 698417454, 
830) 641186129, 
831) 603102379, 
832) 567715509, 
833) 421077621, 
834) 696485161, 
835) 660983326, 
836) 701976982, 
837) 194876012, 
838) 706155308, 
839) 669517331, 
840) 656580738, 
841) 330546131, 
842) 40876565, 
843) 706753842, 
844) 705182020, 
845) 489863434, 
846) 654824836, 
847) 714868218, 
848) 704920994, 
849) 723921086, 
850) 468409117, 
851) 661223182, 
852) 454794666, 
853) 354748748, 
854) 427720909, 
855) 723271358, 
856) 671092473, 
857) 748497627, 
858) 689194511, 
859) 575246274, 
860) 340643357, 
861) 586603339, 
862) 557743416, 
863) 431915687, 
864) 448064419, 
865) 281346272, 
866) 580876836, 
867) 669251165, 
868) 640338094, 
869) 709676293, 
870) 520803710, 
871) 591963471, 
872) 662420600, 
873) 692686618, 
874) 709964641, 
875) 730876624, 
876) 703986646, 
877) 711004799, 
878) 598205070, 
879) 682197059, 
880) 690482146, 
881) 539472953, 
882) 414969907, 
883) 718585861, 
884) 714710066, 
885) 385197100, 
886) 162938631, 
887) 714548400, 
888) 758162067, 
889) 534208983, 
890) 386164042, 
891) 726528450, 
892) 740322124, 
893) 741220199, 
894) 730911974, 
895) 556256161, 
896) 723251415, 
897) 730339474, 
898) 586137106, 
899) 430736381, 
900) 256580043, 
901) 558730929, 
902) 690122044, 
903) 763108952, 
904) 719533571, 
905) 575364837, 
906) 552336497, 
907) 571749921, 
908) 218463215, 
909) 774739771, 
910) 600203408, 
911) 739424522, 
912) 770661832, 
913) 542040414, 
914) 310245082, 
915) 774884378, 
916) 734490612, 
917) 459997256, 
918) 610459696, 
919) 539923388, 
920) 754490788, 
921) 783591207, 
922) 773980899, 
923) 636119996, 
924) 660534210, 
925) 437608370, 
926) 718921265, 
927) 605739483, 
928) 166466349, 
929) 794250524, 
930) 482827414, 
931) 517467825, 
932) 545546354, 
933) 798941279, 
934) 775475774, 
935) 691994638, 
936) 776449607, 
937) 780321626, 
938) 573017468, 
939) 683429545, 
940) 658865106, 
941) 152862926, 
942) 754314345, 
943) 469037030, 
944) 584001297, 
945) 786328582, 
946) 485533883, 
947) 437204803, 
948) 590785114, 
949) 569727553, 
950) 279321112, 
951) 614765902, 
952) 778407222, 
953) 482618234, 
954) 783964860, 
955) 685631948, 
956) 449346538, 
957) 678224866, 
958) 655332651, 
959) 268763036, 
960) 784254409, 
961) 139881785, 
962) 799638746, 
963) 732795126, 
964) 778981626, 
965) 753612440, 
966) 809252696, 
967) 667292275, 
968) 824430661, 
969) 706326951, 
970) 815358867, 
971) 601878512, 
972) 538119069, 
973) 462666044, 
974) 779286669, 
975) 678465214, 
976) 497498898, 
977) 566028715, 
978) 761294377, 
979) 739756852, 
980) 718716350, 
981) 775365491, 
982) 817745816, 
983) 811827424, 
984) 315987731, 
985) 669407786, 
986) 736179697, 
987) 812542658, 
988) 565162995, 
989) 765813927, 
990) 827830903, 
991) 815214571, 
992) 758183629, 
993) 830787070, 
994) 567869615, 
995) 669688903, 
996) 664712480, 
997) 780704034, 
998) 789170253, 
999) 836899562, 
1000) 503493624, 
1001) 487125959, 
1002) 68380937, 
1003) 779202323, 
1004) 838091205, 
1005) 105540371, 
1006) 844533592, 
1007) 785626376, 
1008) 826604303, 
1009) 711403555, 
1010) 719284983, 
1011) 340233428, 
1012) 779424955, 
1013) 822662669, 
1014) 849781083, 
1015) 642137755, 
1016) 592882316, 
1017) 772520465, 
1018) 836147896, 
1019) 522924057, 
1020) 780813867, 
1021) 494644243, 
1022) 644163231, 
1023) 357924432, 
1024) 489897878, 
1025) 848597498, 
1026) 854252588, 
1027) 646093596, 
1028) 777910315, 
1029) 767013218, 
1030) 858667187, 
1031) 817734202, 
1032) 852600142, 
1033) 854953324, 
1034) 761904710, 
1035) 840296891, 
1036) 732153797, 
1037) 799456533, 
1038) 864738049, 
1039) 857414773, 
1040) 324949514, 
1041) 870588999, 
1042) 875857594, 
1043) 502199726, 
1044) 869629358, 
1045) 670810991, 
1046) 846121699, 
1047) 685038221, 
1048) 749561066, 
1049) 792072535, 
1050) 814398303, 
1051) 809122880, 
1052) 576782611, 
1053) 879459116, 
1054) 842368626, 
1055) 689825349, 
1056) 357683043, 
1057) 530450936, 
1058) 251226827, 
1059) 804376656, 
1060) 882300282, 
1061) 868925221, 
1062) 590730003, 
1063) 847326035, 
1064) 501362056, 
1065) 886189564, 
1066) 637137231, 
1067) 858551947, 
1068) 864247722, 
1069) 132979624, 
1070) 753214067, 
1071) 360590010, 
1072) 872139491, 
1073) 791982430, 
1074) 819631022, 
1075) 801090104, 
1076) 824871718, 
1077) 142850029, 
1078) 758267711, 
1079) 784350166, 
1080) 322215056, 
1081) 644807408, 
1082) 806774459, 
1083) 674481524, 
1084) 713729775, 
1085) 858942089, 
1086) 736000598, 
1087) 874354338, 
1088) 822803706, 
1089) 886727868, 
1090) 877831636, 
1091) 640363702, 
1092) 694297779, 
1093) 873472504, 
1094) 634691917, 
1095) 743450372, 
1096) 895919077, 
1097) 157927737, 
1098) 373941645, 
1099) 626141882, 
1100) 789684099, 
1101) 797193347, 
1102) 662407396, 
1103) 886011424, 
1104) 556204230, 
1105) 583881570, 
1106) 890008458, 
1107) 793490632, 
1108) 907810344, 
1109) 862913233, 
1110) 556496595, 
1111) 901752337, 
1112) 909463122, 
1113) 734086571, 
1114) 439769526, 
1115) 607610936, 
1116) 673190292, 
1117) 888290056, 
1118) 835280031, 
1119) 752400087, 
1120) 851070918, 
1121) 87827098, 
1122) 880462646, 
1123) 904666702, 
1124) 884625812, 
1125) 907779000, 
1126) 920064293, 
1127) 875315849, 
1128) 920511299, 
1129) 834876014, 
1130) 866827369, 
1131) 600990687, 
1132) 171240614, 
1133) 408318385, 
1134) 365174377, 
1135) 491832802, 
1136) 762159200, 
1137) 841278963, 
1138) 444520668, 
1139) 917407300, 
1140) 737245027, 
1141) 219991879, 
1142) 702009483, 
1143) 491482313, 
1144) 769345632, 
1145) 875359665, 
1146) 919064934, 
1147) 433625039, 
1148) 808718095, 
1149) 275411641, 
1150) 927887075, 
1151) 760256020, 
1152) 230812495, 
1153) 875805874, 
1154) 744385131, 
1155) 798938509, 
1156) 936275098, 
1157) 643186011, 
1158) 440988530, 
1159) 502257378, 
1160) 923675939, 
1161) 935413834, 
1162) 812512552, 
1163) 654258585, 
1164) 142537094, 
1165) 687630955, 
1166) 358473490, 
1167) 815700327, 
1168) 940040601, 
1169) 935646532, 
1170) 915465110, 
1171) 646220218, 
1172) 712785051, 
1173) 789323336, 
1174) 792309642, 
1175) 533625992, 
1176) 565431636, 
1177) 521775399, 
1178) 796943440, 
1179) 910134966, 
1180) 287592292, 
1181) 912803521, 
1182) 935323833, 
1183) 738426206, 
1184) 682836813, 
1185) 766609157, 
1186) 872943939, 
1187) 450126677, 
1188) 861356894, 
1189) 942559191, 
1190) 733936063, 
1191) 186647033, 
1192) 916701937, 
1193) 839973054, 
1194) 946901298, 
1195) 963542507, 
1196) 902728535, 
1197) 964343425, 
1198) 955848314, 
1199) 940216992, 
1200) 951489254, 
1201) 263448841, 
1202) 967918057, 
1203) 154392637, 
1204) 957721748, 
1205) 970124218, 
1206) 970662860, 
1207) 858801605, 
1208) 553826966, 
1209) 722924096, 
1210) 929564385, 
1211) 919072028, 
1212) 772027214, 
1213) 524988240, 
1214) 635581446, 
1215) 895218314, 
1216) 978943057, 
1217) 814797458, 
1218) 813819492, 
1219) 45864559, 
1220) 190017122, 
1221) 966746617, 
1222) 825294009, 
1223) 783987964, 
1224) 823064905, 
1225) 893991113, 
1226) 931030709, 
1227) 190180985, 
1228) 910895384, 
1229) 320930599, 
1230) 941449159, 
1231) 663270637, 
1232) 847518107, 
1233) 980948627, 
1234) 989361272, 
1235) 910788898, 
1236) 880045330, 
1237) 966856531, 
1238) 992782324, 
1239) 941059171, 
1240) 557478260, 
1241) 731405906, 
1242) 972567302, 
1243) 875783140, 
1244) 857550312, 
1245) 989936745, 
1246) 972079006, 
1247) 950551223, 
1248) 453318228, 
1249) 877437790, 
1250) 735844424, 
1251) 936076021, 
1252) 1002961578, 
1253) 714712873, 
1254) 805900590, 
1255) 639692991, 
1256) 792586773, 
1257) 929529079, 
1258) 784178481, 
1259) 739504437, 
1260) 941440307, 
1261) 840339696, 
1262) 667241154, 
1263) 805031394, 
1264) 1006363005, 
1265) 1000774474, 
1266) 959769397, 
1267) 819862913, 
1268) 654157409, 
1269) 983040191, 
1270) 778072380, 
1271) 805477235, 
1272) 976600134, 
1273) 1008301261, 
1274) 1001541802, 
1275) 966960728, 
1276) 1011590228, 
1277) 840271801, 
1278) 541462356, 
1279) 935331590, 
1280) 973126065, 
1281) 990807060, 
1282) 1015424730, 
1283) 702606895, 
1284) 657392479, 
1285) 848649438, 
1286) 994583687, 
1287) 773309072, 
1288) 574237537, 
1289) 1008943029, 
1290) 907442249, 
1291) 758430212, 
1292) 898965484, 
1293) 853049297, 
1294) 1015483121, 
1295) 1011560374, 
1296) 840503406, 
1297) 887622593, 
1298) 969780909, 
1299) 996451209, 
1300) 858268539, 
1301) 958996067, 
1302) 1035977113, 
1303) 940132226, 
1304) 983306554, 
1305) 1012239561, 
1306) 818715748, 
1307) 1014357698, 
1308) 1003336020, 
1309) 682589866, 
1310) 998110656, 
1311) 1000392848, 
1312) 944408946, 
1313) 1038437577, 
1314) 945986381, 
1315) 1030049696, 
1316) 1043333632, 
1317) 1046195840, 
1318) 1046365108, 
1319) 1038609761, 
1320) 1049754745, 
1321) 1047932974, 
1322) 879566324, 
1323) 1002393302, 
1324) 1046755820, 
1325) 974890108, 
1326) 936680294, 
1327) 901525081, 
1328) 783864845, 
1329) 659392255, 
1330) 522924055, 
1331) 917229843, 
1332) 824913789, 
1333) 616115207, 
1334) 865474455, 
1335) 1050235580, 
1336) 832417198, 
1337) 973938938, 
1338) 1010969667, 
1339) 875293983, 
1340) 992222869, 
1341) 821825630, 
1342) 697883482, 
1343) 1012829188, 
1344) 707544184, 
1345) 1051481069, 
1346) 642155340, 
1347) 1055382467, 
1348) 970122091, 
1349) 930066040, 
1350) 1016804769, 
1351) 426845841, 
1352) 1052989223, 
1353) 1067147106, 
1354) 1070813993, 
1355) 1055977152, 
1356) 1071448015, 
1357) 1021030145, 
1358) 1086175821, 
1359) 1044991928, 
1360) 808625984, 
1361) 1093456890, 
1362) 705380650, 
1363) 1048703037, 
1364) 1113245387, 
1365) 1058716683, 
1366) 956625932, 
1367) 1077926295, 
1368) 950187738, 
1369) 690688240, 
1370) 666510685, 
1371) 674673496, 
1372) 665128017, 
1373) 1075212952, 
1374) 1114923267, 
1375) 944490031, 
1376) 954635380, 
1377) 1116048960, 
1378) 851590031, 
1379) 712496584, 
1380) 750830087, 
1381) 633527365, 
1382) 857862434, 
1383) 1026709711, 
1384) 1072419050, 
1385) 656702542, 
1386) 1015474147, 
1387) 1016479935, 
1388) 1041928303, 
1389) 775139583, 
1390) 1129467517, 
1391) 1088711583, 
1392) 1144556490, 
1393) 1049498974, 
1394) 1147962293, 
1395) 718306463, 
1396) 1064999571, 
1397) 1149582853, 
1398) 1154962749, 
1399) 1102606015, 
1400) 1024249097, 
1401) 675796733, 
1402) 1019071903, 
1403) 1160915962, 
1404) 983137086, 
1405) 978567948, 
1406) 586622840, 
1407) 1045544192, 
1408) 1150037330, 
1409) 927005535, 
1410) 573265452, 
1411) 781325974, 
1412) 822843133, 
1413) 996095687, 
1414) 600766297, 
1415) 929736236, 
1416) 804565870, 
1417) 994092611, 
1418) 732257140, 
1419) 931146205, 
1420) 199507745, 
1421) 1155816026, 
1422) 1073225464, 
1423) 1148505893, 
1424) 1120584408, 
1425) 1074666180, 
1426) 991030185, 
1427) 815744437, 
1428) 401205485, 
1429) 693814148, 
1430) 1160958427, 
1431) 317237065, 
1432) 1163832795, 
1433) 845692133, 
1434) 1022738303, 
1435) 1022050543, 
1436) 1050548644, 
1437) 1171167649, 
1438) 1079402608, 
1439) 1183337485, 
1440) 269743602, 
1441) 1069713699, 
1442) 1180040582, 
1443) 1113934086, 
1444) 901936319, 
1445) 1017328167, 
1446) 728031130, 
1447) 788620706, 
1448) 1062418094, 
1449) 452246856, 
1450) 1182529347, 
1451) 1161875956, 
1452) 1196538830, 
1453) 1004495487, 
1454) 575491829, 
1455) 828667669, 
1456) 950914066, 
1457) 768648388, 
1458) 457127913, 
1459) 988599766, 
1460) 1034587880, 
1461) 1064171732, 
1462) 502716171, 
1463) 1088382185, 
1464) 1093526048, 
1465) 957728409, 
1466) 868669345, 
1467) 1067473951, 
1468) 1196973431, 
1469) 1022369138, 
1470) 880161243, 
1471) 1028667403, 
1472) 1198407927, 
1473) 1207349496, 
1474) 1113639799, 
1475) 896607653, 
1476) 706398042, 
1477) 731108048, 
1478) 941718560, 
1479) 707655995, 
1480) 1173278279, 
1481) 1209556371, 
1482) 1048584709, 
1483) 730828071, 
1484) 863395694, 
1485) 943896761, 
1486) 1007559234, 
1487) 1035509093, 
1488) 510258435, 
1489) 656566290, 
1490) 545572042, 
1491) 1210935013, 
1492) 858009869, 
1493) 979074705, 
1494) 1042285139, 
1495) 1215892756, 
1496) 1083221108, 
1497) 780952607, 
1498) 852093203, 
1499) 1059725267, 
1500) 954707186, 
1501) 1114149842, 
1502) 1126852603, 
1503) 1163479822, 
1504) 1049212475, 
1505) 1042491936, 
1506) 1095177321, 
1507) 894199763, 
1508) 1218603967, 
1509) 1219034498, 
1510) 1124699045, 
1511) 746965623, 
1512) 1182733299, 
1513) 1224172233, 
1514) 1207393934, 
1515) 1220175728, 
1516) 1183188966, 
1517) 1226872321, 
1518) 719178237, 
1519) 1148783772, 
1520) 1222756568, 
1521) 1185385180, 
1522) 787846177, 
1523) 972973855, 
1524) 1121236163, 
1525) 767798352, 
1526) 1115738866, 
1527) 918759504, 
1528) 1234363572, 
1529) 1033689373, 
1530) 901171118, 
1531) 722194655, 
1532) 985089199, 
1533) 642790170, 
1534) 1170806273, 
1535) 933488655, 
1536) 823291348, 
1537) 1139147965, 
1538) 1105230308, 
1539) 192023185, 
1540) 1184145717, 
1541) 958678548, 
1542) 1064171277, 
1543) 1166081144, 
1544) 1065141376, 
1545) 1123150316, 
1546) 859729343, 
1547) 1234885666, 
1548) 1228738619, 
1549) 731895014, 
1550) 1225251345, 
1551) 1238363803, 
1552) 916559277, 
1553) 829096492, 
1554) 1250265400, 
1555) 1254473291, 
1556) 1027064627, 
1557) 826786763, 
1558) 1262125486, 
1559) 891279454, 
1560) 1149058025, 
1561) 1048373582, 
1562) 887930926, 
1563) 1117498913, 
1564) 1255458711, 
1565) 1040625800, 
1566) 969889667, 
1567) 1010476993, 
1568) 959048456, 
1569) 1271267957, 
1570) 734304231, 
1571) 981165680, 
1572) 1122818580, 
1573) 1035925985, 
1574) 270941974, 
1575) 1111743761, 
1576) 956167402, 
1577) 1196009285, 
1578) 895369379, 
1579) 1201148297, 
1580) 1000837181, 
1581) 1012984842, 
1582) 1189897117, 
1583) 914413198, 
1584) 1210030582, 
1585) 1052747176, 
1586) 1262999223, 
1587) 1285304893, 
1588) 854973933, 
1589) 875322891, 
1590) 870253641, 
1591) 1039175760, 
1592) 1074273167, 
1593) 1259686139, 
1594) 877373966, 
1595) 917095623, 
1596) 885898206, 
1597) 449746616, 
1598) 1220137959, 
1599) 1221487792, 
1600) 1063768919, 
1601) 1256090970, 
1602) 1096906057, 
1603) 1096375635, 
1604) 1287971689, 
1605) 1006081579, 
1606) 1291762138, 
1607) 1204397300, 
1608) 1297904630, 
1609) 1286760977, 
1610) 1020659478, 
1611) 1295564231, 
1612) 1305348207, 
1613) 944889120, 
1614) 1254502129, 
1615) 1174679181, 
1616) 1224007013, 
1617) 639778577, 
1618) 1026871640, 
1619) 665723814, 
1620) 429073710, 
1621) 1144342693, 
1622) 1091790156, 
1623) 1142373526, 
1624) 1051528520, 
1625) 1295354495, 
1626) 951275654, 
1627) 438935128, 
1628) 1306212027, 
1629) 1216296039, 
1630) 612637492, 
1631) 1226072195, 
1632) 1318836871, 
1633) 1298506063, 
1634) 326614445, 
1635) 1236399015, 
1636) 447160388, 
1637) 1162909223, 
1638) 1240040385, 
1639) 1113250144, 
1640) 1040445955, 
1641) 863849093, 
1642) 1209851302, 
1643) 1175607279, 
1644) 984080686, 
1645) 1114211068, 
1646) 314838478, 
1647) 1299466795, 
1648) 766568930, 
1649) 948511807, 
1650) 669881396, 
1651) 1229470816, 
1652) 1096813117, 
1653) 1280137553, 
1654) 1107401083, 
1655) 1308296226, 
1656) 1027847531, 
1657) 1044251031, 
1658) 1237930587, 
1659) 1314516715, 
1660) 1181687551, 
1661) 1149208242, 
1662) 1285048473, 
1663) 1242671671, 
1664) 1322900434, 
1665) 827822111, 
1666) 1298693779, 
1667) 1271631264, 
1668) 399472768, 
1669) 1314606940, 
1670) 853607066, 
1671) 1287620950, 
1672) 1197298593, 
1673) 987538316, 
1674) 1101824041, 
1675) 682519956, 
1676) 1244516199, 
1677) 1222994185, 
1678) 1180872037, 
1679) 1075533729, 
1680) 1250722257, 
1681) 403821505, 
1682) 713667583, 
1683) 556026029, 
1684) 1332953474, 
1685) 1169306968, 
1686) 1298326970, 
1687) 273477661, 
1688) 1100038999, 
1689) 1336300665, 
1690) 1340796933, 
1691) 1145576941, 
1692) 1181257781, 
1693) 1293326659, 
1694) 745803517, 
1695) 1061653377, 
1696) 990379900, 
1697) 1093740057, 
1698) 1312384294, 
1699) 1332522720, 
1700) 1257856702, 
1701) 900762489, 
1702) 444767502, 
1703) 498186985, 
1704) 1345530098, 
1705) 902101170, 
1706) 409772275, 
1707) 943784818, 
1708) 266206163, 
1709) 1217278673, 
1710) 1347937160, 
1711) 1061944453, 
1712) 1138365509, 
1713) 1256494756, 
1714) 1299055653, 
1715) 767669179, 
1716) 1355305398, 
1717) 941627162, 
1718) 1089756885, 
1719) 1144386781, 
1720) 1355721065, 
1721) 1361779065, 
1722) 1023017547, 
1723) 621012126, 
1724) 974560202, 
1725) 1301344139, 
1726) 877936757, 
1727) 1125713905, 
1728) 1078047768, 
1729) 1164281713, 
1730) 1190639731, 
1731) 1367084729, 
1732) 1252118292, 
1733) 1384751500, 
1734) 1113017847, 
1735) 1362175714, 
1736) 1314257382, 
1737) 1318915498, 
1738) 1207888517, 
1739) 524493892, 
1740) 975697754, 
1741) 712973247, 
1742) 1044007541, 
1743) 1090697945, 
1744) 937767167, 
1745) 729097800, 
1746) 664147077, 
1747) 1083953296, 
1748) 1142245034, 
1749) 1333164992, 
1750) 1171530024, 
1751) 1389114871, 
1752) 1186575452, 
1753) 1325358420, 
1754) 1327388088, 
1755) 1355724650, 
1756) 1391343185, 
1757) 1131364974, 
1758) 1173578056, 
1759) 576574817, 
1760) 708835256, 
1761) 1044753364, 
1762) 1096167410, 
1763) 1224010649, 
1764) 1129473579, 
1765) 902570291, 
1766) 1183768759, 
1767) 1025148181, 
1768) 1313381710, 
1769) 1158595786, 
1770) 1307715131, 
1771) 1309265484, 
1772) 360984102, 
1773) 1071393655, 
1774) 1238209400, 
1775) 1121379702, 
1776) 876546494, 
1777) 298264468, 
1778) 1271358619, 
1779) 941029277, 
1780) 1046500404, 
1781) 1367558332, 
1782) 1368339257, 
1783) 779737236, 
1784) 873178042, 
1785) 1324569775, 
1786) 1392799129, 
1787) 901847689, 
1788) 1098066192, 
1789) 1073274248, 
1790) 505635589, 
1791) 542022709, 
1792) 973181041, 
1793) 1362924987, 
1794) 1360492761, 
1795) 1060166355, 
1796) 1098382126, 
1797) 979205674, 
1798) 1348494753, 
1799) 994340688, 
1800) 329381269, 
1801) 879064050, 
1802) 914091155, 
1803) 892275659, 
1804) 1271287631, 
1805) 430762534, 
1806) 1210933932, 
1807) 686375669, 
1808) 1266892852, 
1809) 770415557, 
1810) 1035027870, 
1811) 1313662592, 
1812) 1133114007, 
1813) 1377863592, 
1814) 1280602524, 
1815) 1398965500, 
1816) 331573067, 
1817) 602875810, 
1818) 1358998611, 
1819) 1294326600, 
1820) 1382849557, 
1821) 1403495771, 
1822) 1330833468, 
1823) 1408770970, 
1824) 904653748, 
1825) 1341952410, 
1826) 1329480836, 
1827) 1409963109, 
1828) 663158180, 
1829) 1395047625, 
1830) 1416978520, 
1831) 319633434, 
1832) 1420261729, 
1833) 1307816060, 
1834) 1422244498, 
1835) 1371834103, 
1836) 1388340028, 
1837) 828734636, 
1838) 1272706450, 
1839) 1056579676, 
1840) 825017230, 
1841) 1187397929, 
1842) 721212528, 
1843) 801875881, 
1844) 937583321, 
1845) 766320926, 
1846) 1430422867, 
1847) 525008909, 
1848) 1196363572, 
1849) 1370967172, 
1850) 1282412912, 
1851) 1054730078, 
1852) 1212794102, 
1853) 1250656769, 
1854) 1227963492, 
1855) 1418312068, 
1856) 1049064961, 
1857) 1239904792, 
1858) 1398967194, 
1859) 1388133111, 
1860) 1411613159, 
1861) 1335160483, 
1862) 1434609423, 
1863) 1419525457, 
1864) 1226103965, 
1865) 1419455802, 
1866) 1419747378, 
1867) 1433930975, 
1868) 1224543295, 
1869) 1303850659, 
1870) 1447331269, 
1871) 1234985872, 
1872) 1442900582, 
1873) 584747859, 
1874) 1123580666, 
1875) 1185589326, 
1876) 1149053161, 
1877) 1425046377, 
1878) 1214052234, 
1879) 965157356, 
1880) 1217398491, 
1881) 1433531426, 
1882) 878500954, 
1883) 1141455871, 
1884) 800267370, 
1885) 1323276312, 
1886) 1437217603, 
1887) 1190770578, 
1888) 1358985763, 
1889) 1440771475, 
1890) 1208430888, 
1891) 1228109519, 
1892) 1291968719, 
1893) 669775041, 
1894) 1447960097, 
1895) 938316538, 
1896) 910038165, 
1897) 1440878574, 
1898) 1430338588, 
1899) 613108415, 
1900) 1364432351, 
1901) 1111038049, 
1902) 1025707920, 
1903) 1279929570, 
1904) 701030141, 
1905) 1067543691, 
1906) 1448412423, 
1907) 1442368858, 
1908) 960948289, 
1909) 935535325, 
1910) 260618271, 
1911) 1038215936, 
1912) 1452510896, 
1913) 1451995850, 
1914) 1286318045, 
1915) 614157503, 
1916) 1453767590, 
1917) 1128539636, 
1918) 1106893031, 
1919) 926163826, 
1920) 1064310517, 
1921) 1299466785, 
1922) 1196902589, 
1923) 1188538263, 
1924) 1455924706, 
1925) 1172451323, 
1926) 1455953110, 
1927) 1394207845, 
1928) 1371709755, 
1929) 1181249420, 
1930) 1109484869, 
1931) 1299512052, 
1932) 733151465, 
1933) 1237272512, 
1934) 466558019, 
1935) 1276712445, 
1936) 1166580190, 
1937) 1459437516, 
1938) 1431687362, 
1939) 1075636429, 
1940) 1460651535, 
1941) 1384202965, 
1942) 1432518446, 
1943) 1470777106, 
1944) 1425463545, 
1945) 1414518764, 
1946) 1241057070, 
1947) 1441960097, 
1948) 1476358289, 
1949) 503574134, 
1950) 1418516467, 
1951) 1246608201, 
1952) 964749288, 
1953) 1248856641, 
1954) 698170589, 
1955) 1465584067, 
1956) 1148518167, 
1957) 1176429823, 
1958) 1369630077, 
1959) 411470939, 
1960) 1331648033, 
1961) 1212205031, 
1962) 1373056094, 
1963) 1349548607, 
1964) 690233994, 
1965) 1276181901, 
1966) 1334356305, 
1967) 898156898, 
1968) 1239525787, 
1969) 1436110736, 
1970) 1328902021, 
1971) 893560235, 
1972) 1065043118, 
1973) 1287640399, 
1974) 1479920503, 
1975) 1374727015, 
1976) 881562801, 
1977) 1320868389, 
1978) 1408866869, 
1979) 1333275346, 
1980) 1473722076, 
1981) 1417730198, 
1982) 1466076683, 
1983) 523236327, 
1984) 1485402875, 
1985) 1461670888, 
1986) 1488289125, 
1987) 1171909180, 
1988) 1498786344, 
1989) 1479766299, 
1990) 1292262002, 
1991) 1442148089, 
1992) 1493210616, 
1993) 844613920, 
1994) 1515807928, 
1995) 902182978, 
1996) 1268833313, 
1997) 1157469963, 
1998) 1529684378, 
1999) 1481566341, 
2000) 1143595461, 
2001) 722360152, 
2002) 1151967433, 
2003) 1210211808, 
2004) 1022882917, 
2005) 960587270, 
2006) 1158622450, 
2007) 1038891566, 
2008) 1403217236, 
2009) 1206932699, 
2010) 1359780531, 
2011) 1490760069, 
2012) 1293281811, 
2013) 1513578052, 
2014) 1486072834, 
2015) 1383568855, 
2016) 1490155125, 
2017) 1507048252, 
2018) 1474734628, 
2019) 1047911316, 
2020) 1525724611, 
2021) 839718967, 
2022) 525647403, 
2023) 1515575042, 
2024) 1273142395, 
2025) 1456642635, 
2026) 1536375228, 
2027) 1160052676, 
2028) 1401485190, 
2029) 1341370986, 
2030) 1224087563, 
2031) 1025540636, 
2032) 1551542199, 
2033) 1505457165, 
2034) 1309491504, 
2035) 1134978223, 
2036) 1407787990, 
2037) 1504965893, 
2038) 889325313, 
2039) 1391752998, 
2040) 636106926, 
2041) 292731517, 
2042) 1447620208, 
2043) 1218520360, 
2044) 508782510, 
2045) 1353676836, 
2046) 837331384, 
2047) 1531092684, 
2048) 1462006998, 
2049) 1447626478, 
2050) 1498827965, 
2051) 1036982165, 
2052) 1252646134, 
2053) 825848509, 
2054) 1532596426, 
2055) 1415067248, 
2056) 840585839, 
2057) 999318097, 
2058) 1042473680, 
2059) 1072167798, 
2060) 1478108039, 
2061) 1083721146, 
2062) 1348088101, 
2063) 1534550477, 
2064) 1514448461, 
2065) 1535554676, 
2066) 1549084247, 
2067) 1534414104, 
2068) 675422295, 
2069) 1541781340, 
2070) 1421699054, 
2071) 1479168303, 
2072) 1206623952, 
2073) 1294518521, 
2074) 241144974, 
2075) 1445836598, 
2076) 1462903767, 
2077) 1533325049, 
2078) 1251464422, 
2079) 1433997861, 
2080) 1391954519, 
2081) 1169856269, 
2082) 1585083968, 
2083) 1306072225, 
2084) 1414294480, 
2085) 1299934332, 
2086) 1539308419, 
2087) 1427188173, 
2088) 1325430208, 
2089) 1276107036, 
2090) 1340781603, 
2091) 801001246, 
2092) 1074288749, 
2093) 1516821772, 
2094) 1542206425, 
2095) 1234519666, 
2096) 1055798834, 
2097) 1556322530, 
2098) 1533991403, 
2099) 1411755646, 
2100) 1503683032, 
2101) 1220861852, 
2102) 1137903694, 
2103) 1153737900, 
2104) 925541161, 
2105) 1567934890, 
2106) 1586097613, 
2107) 1062566168, 
2108) 1242333946, 
2109) 1045433160, 
2110) 1163344520, 
2111) 1126292775, 
2112) 1042620318, 
2113) 629730645, 
2114) 811077674, 
2115) 355714005, 
2116) 1238711478, 
2117) 1096085132, 
2118) 1130353003, 
2119) 1425112067, 
2120) 1514110243, 
2121) 1069011163, 
2122) 1196509223, 
2123) 246725577, 
2124) 1438115510, 
2125) 1589478078, 
2126) 1494202723, 
2127) 1548464016, 
2128) 1421572485, 
2129) 1399064231, 
2130) 1560292729, 
2131) 950736680, 
2132) 560247069, 
2133) 747909044, 
2134) 1562997618, 
2135) 1468918175, 
2136) 852248303, 
2137) 1589620325, 
2138) 1498688604, 
2139) 1575159023, 
2140) 1535731791, 
2141) 1595936819, 
2142) 1538461660, 
2143) 1297485029, 
2144) 1547832893, 
2145) 1599119443, 
2146) 1487450583, 
2147) 1220237349, 
2148) 1555492794, 
2149) 1481343649, 
2150) 1198533032, 
2151) 732017904, 
2152) 1458366444, 
2153) 756418216, 
2154) 1322689854, 
2155) 825768396, 
2156) 1333828780, 
2157) 1252293922, 
2158) 877692398, 
2159) 999130604, 
2160) 1143881759, 
2161) 1507176973, 
2162) 1403371778, 
2163) 1268237957, 
2164) 1329878403, 
2165) 1484480867, 
2166) 1304867713, 
2167) 1575969114, 
2168) 1573656187, 
2169) 1606454058, 
2170) 1343662648, 
2171) 1590572570, 
2172) 1431224009, 
2173) 1312440659, 
2174) 1561613867, 
2175) 1613295742, 
2176) 1434969361, 
2177) 1598820665, 
2178) 1435022560, 
2179) 1619847369, 
2180) 1536491171, 
2181) 1595667645, 
2182) 973117873, 
2183) 944385745, 
2184) 1506452597, 
2185) 1393955011, 
2186) 1408204952, 
2187) 1326635781, 
2188) 838491504, 
2189) 1590368739, 
2190) 1313278970, 
2191) 1312006077, 
2192) 1100719486, 
2193) 883649087, 
2194) 941334570, 
2195) 1037234072, 
2196) 1434162393, 
2197) 286623280, 
2198) 1543680831, 
2199) 1586324561, 
2200) 912021377, 
2201) 1263501197, 
2202) 1497155356, 
2203) 943895334, 
2204) 1559591817, 
2205) 1029662905, 
2206) 1607065189, 
2207) 1420695925, 
2208) 1103569912, 
2209) 1235977084, 
2210) 1568747355, 
2211) 1146619469, 
2212) 1575152661, 
2213) 1450522018, 
2214) 1334123255, 
2215) 1380601867, 
2216) 1139973847, 
2217) 1440026120, 
2218) 1546146767, 
2219) 1542483196, 
2220) 580201788, 
2221) 1046402951, 
2222) 1544979944, 
2223) 1375875053, 
2224) 1475319225, 
2225) 1623673973, 
2226) 510818966, 
2227) 1557045301, 
2228) 1584062265, 
2229) 1411807361, 
2230) 1490587360, 
2231) 920549319, 
2232) 1626124319, 
2233) 1195057698, 
2234) 573553480, 
2235) 1476406346, 
2236) 398318099, 
2237) 722724456, 
2238) 1251317005, 
2239) 1569621900, 
2240) 1481053776, 
2241) 1345879590, 
2242) 1455272924, 
2243) 1050710014, 
2244) 1119928402, 
2245) 1473338671, 
2246) 1288538397, 
2247) 1426736474, 
2248) 1290561005, 
2249) 1383562533, 
2250) 769764586, 
2251) 1083866931, 
2252) 543404819, 
2253) 1228499273, 
2254) 1576136092, 
2255) 1195625929, 
2256) 1548009067, 
2257) 1471510391, 
2258) 1628508302, 
2259) 902430913, 
2260) 1562319504, 
2261) 523360762, 
2262) 1422346928, 
2263) 1626758704, 
2264) 1440824169, 
2265) 1417252540, 
2266) 1356902495, 
2267) 1573236191, 
2268) 1451711197, 
2269) 1253018613, 
2270) 1101521214, 
2271) 655018634, 
2272) 1497802936, 
2273) 1445248767, 
2274) 1210830962, 
2275) 1060946333, 
2276) 1275781970, 
2277) 1336769869, 
2278) 1408076307, 
2279) 867014668, 
2280) 1529101438, 
2281) 1187909873, 
2282) 1601835336, 
2283) 1591819657, 
2284) 1292012343, 
2285) 1578181718, 
2286) 1605244893, 
2287) 1507481311, 
2288) 1388001302, 
2289) 1593150871, 
2290) 1360116563, 
2291) 752182904, 
2292) 1406604882, 
2293) 1000903033, 
2294) 1604106552, 
2295) 1271243665, 
2296) 1036892015, 
2297) 1458540500, 
2298) 1383655741, 
2299) 1631830280, 
2300) 1636279047, 
2301) 1628656491, 
2302) 737204975, 
2303) 1651154207, 
2304) 1108774834, 
2305) 1563229215, 
2306) 1625577652, 
2307) 1435098029, 
2308) 1638525839, 
2309) 1450409236, 
2310) 1517307777, 
2311) 1579100827, 
2312) 1551863904, 
2313) 1508124194, 
2314) 574234778, 
2315) 1229207288, 
2316) 823590588, 
2317) 1446483684, 
2318) 1175005883, 
2319) 988403647, 
2320) 846889883, 
2321) 797550467, 
2322) 1409016547, 
2323) 1475578093, 
2324) 1639427683, 
2325) 1611948175, 
2326) 1516923252, 
2327) 518704816, 
2328) 966260119, 
2329) 1445624347, 
2330) 1173924761, 
2331) 1437163621, 
2332) 1093568340, 
2333) 1063500973, 
2334) 1628562108, 
2335) 1295024495, 
2336) 1397441590, 
2337) 1654489269, 
2338) 1618972209, 
2339) 1325837647, 
2340) 1546792003, 
2341) 1249363655, 
2342) 1476882038, 
2343) 1148451526, 
2344) 1277237842, 
2345) 687735380, 
2346) 1553938034, 
2347) 441345487, 
2348) 1484467127, 
2349) 1582890453, 
2350) 1140733625, 
2351) 1316480100, 
2352) 1449056867, 
2353) 856484955, 
2354) 666882523, 
2355) 1586464909, 
2356) 1052010878, 
2357) 1654665630, 
2358) 1537410505, 
2359) 1577475407, 
2360) 1637374107, 
2361) 1688812848, 
2362) 1641302191, 
2363) 1458810141, 
2364) 1489502046, 
2365) 1178366767, 
2366) 1607369913, 
2367) 1623226915, 
2368) 991369066, 
2369) 1269167000, 
2370) 1662451750, 
2371) 89589528, 
2372) 1096267467, 
2373) 1682014761, 
2374) 1584609606, 
2375) 1672297752, 
2376) 1658375194, 
2377) 861615050, 
2378) 1641835821, 
2379) 1695395393, 
2380) 1655786680, 
2381) 1628332967, 
2382) 593875877, 
2383) 624191411, 
2384) 415697859, 
2385) 775908647, 
2386) 1649932671, 
2387) 1551834729, 
2388) 1555500662, 
2389) 1686942153, 
2390) 1553467765, 
2391) 1610447688, 
2392) 1033221317, 
2393) 1357996721, 
2394) 1425706095, 
2395) 1608772522, 
2396) 1673156578, 
2397) 1243103567, 
2398) 1370333866, 
2399) 1060675178, 
2400) 1575905852, 
2401) 551035664, 
2402) 488967228, 
2403) 1553738937, 
2404) 565286337, 
2405) 751615083, 
2406) 1634892229, 
2407) 1365439732, 
2408) 919927439, 
2409) 1390578475, 
2410) 1631334886, 
2411) 1534456016, 
2412) 1686147721, 
2413) 1340944750, 
2414) 799673834, 
2415) 694285533, 
2416) 721258242, 
2417) 1534683598, 
2418) 1696145466, 
2419) 1703199965, 
2420) 1512755459, 
2421) 1433342451, 
2422) 1432756763, 
2423) 1476808489, 
2424) 1092915576, 
2425) 1400627636, 
2426) 1136064009, 
2427) 1138042050, 
2428) 1252716557, 
2429) 1511973036, 
2430) 499096805, 
2431) 1541898663, 
2432) 1057508239, 
2433) 1286135441, 
2434) 880900387, 
2435) 1390886417, 
2436) 1533778202, 
2437) 1663119393, 
2438) 1673295776, 
2439) 1707217332, 
2440) 1667919280, 
2441) 996180528, 
2442) 1683895252, 
2443) 1695488569, 
2444) 1686899450, 
2445) 1691133594, 
2446) 1707845620, 
2447) 1581093752, 
2448) 1467843283, 
2449) 1628923357, 
2450) 1432328852, 
2451) 1709160722, 
2452) 1647449622, 
2453) 1040940554, 
2454) 1698335986, 
2455) 1732498430, 
2456) 1709402213, 
2457) 440945680, 
2458) 1681351474, 
2459) 897687973, 
2460) 1710195204, 
2461) 1712330257, 
2462) 1258646833, 
2463) 1041796484, 
2464) 1443076436, 
2465) 1487819800, 
2466) 1450428389, 
2467) 1034613710, 
2468) 1448599754, 
2469) 1602667660, 
2470) 309251167, 
2471) 1126425684, 
2472) 1296619562, 
2473) 859286993, 
2474) 1472638379, 
2475) 1416334242, 
2476) 1317435053, 
2477) 1576842398, 
2478) 1627138136, 
2479) 1490596728, 
2480) 1532544392, 
2481) 1624904385, 
2482) 1184980916, 
2483) 1697783029, 
2484) 1740916730, 
2485) 1679512048, 
2486) 1676769754, 
2487) 1747493568, 
2488) 1738760043, 
2489) 1625371604, 
2490) 1576135051, 
2491) 1424202793, 
2492) 1763517639, 
2493) 1346065441, 
2494) 1657011674, 
2495) 1627105808, 
2496) 1768807344, 
2497) 1702676221, 
2498) 1595495603, 
2499) 1230604308, 
2500) 1416124137, 
2501) 1477851975, 
2502) 1294619853, 
2503) 1466618353, 
2504) 1562587659, 
2505) 1681101249, 
2506) 1429302460, 
2507) 1581225409, 
2508) 1089199541, 
2509) 1540960162, 
2510) 1555083757, 
2511) 1598043775, 
2512) 1580560144, 
2513) 1727625224, 
2514) 1584743501, 
2515) 1451519294, 
2516) 1715133805, 
2517) 1628489009, 
2518) 1377228641, 
2519) 1703398623, 
2520) 1351505814, 
2521) 1496823208, 
2522) 1509786749, 
2523) 1557871201, 
2524) 1781804393, 
2525) 1609459055, 
2526) 1726893437, 
2527) 1778646123, 
2528) 1221032348, 
2529) 1749928589, 
2530) 1388579622, 
2531) 1781494238, 
2532) 1795570108, 
2533) 1269018733, 
2534) 1172956243, 
2535) 1360559042, 
2536) 1799815610, 
2537) 1740116020, 
2538) 1631328136, 
2539) 1749924064, 
2540) 1705672404, 
2541) 1458522035, 
2542) 1656691441, 
2543) 1452511766, 
2544) 1724809138, 
2545) 1758363545, 
2546) 1597128979, 
2547) 1615696120, 
2548) 1222873572, 
2549) 1540197838, 
2550) 1637776945, 
2551) 1738938387, 
2552) 1801282831, 
2553) 1421793374, 
2554) 1553991764, 
2555) 1370285198, 
2556) 1516878202, 
2557) 1709868742, 
2558) 1421389115, 
2559) 1637939679, 
2560) 1445342513, 
2561) 1390921662, 
2562) 1729921637, 
2563) 1762459208, 
2564) 1694777524, 
2565) 1769535268, 
2566) 1759876062, 
2567) 1722188541, 
2568) 1794688235, 
2569) 1715138764, 
2570) 1670716382, 
2571) 1783915416, 
2572) 1725674704, 
2573) 1701495999, 
2574) 1792385897, 
2575) 1810428114, 
2576) 1740723439, 
2577) 1499478984, 
2578) 1476178108, 
2579) 1668441006, 
2580) 822049681, 
2581) 1441082911, 
2582) 1608835173, 
2583) 1778955452, 
2584) 1804614572, 
2585) 1662817552, 
2586) 1622211313, 
2587) 1635705419, 
2588) 1566258685, 
2589) 1602842959, 
2590) 1513978431, 
2591) 1605787504, 
2592) 901949402, 
2593) 1493320841, 
2594) 1739122535, 
2595) 1804178552, 
2596) 928814144, 
2597) 1773313767, 
2598) 1811581761, 
2599) 1761216112, 
2600) 1510628294, 
2601) 1802802540, 
2602) 1492401756, 
2603) 1611265768, 
2604) 1723530419, 
2605) 1806746349, 
2606) 1823697702, 
2607) 1409864338, 
2608) 1494399229, 
2609) 1687414721, 
2610) 1789148336, 
2611) 1827008609, 
2612) 1328895305, 
2613) 1818316745, 
2614) 1815245397, 
2615) 1702784181, 
2616) 1813953789, 
2617) 1822724320, 
2618) 1768480108, 
2619) 1520113299, 
2620) 1660752247, 
2621) 1296661199, 
2622) 1825950335, 
2623) 1796972857, 
2624) 1752281863, 
2625) 1668806437, 
2626) 1550552794, 
2627) 1606669263, 
2628) 1484523496, 
2629) 1515698148, 
2630) 1430800910, 
2631) 1750651676, 
2632) 1187087313, 
2633) 1609009011, 
2634) 1660403057, 
2635) 1760609221, 
2636) 1822914499, 
2637) 1678051870, 
2638) 1797716283, 
2639) 1672751861, 
2640) 1780321872, 
2641) 1825619865, 
2642) 1750784074, 
2643) 1829034390, 
2644) 1537109894, 
2645) 1840759923, 
2646) 1837505820, 
2647) 1778085034, 
2648) 1838628111, 
2649) 1739656138, 
2650) 1842431657, 
2651) 1809282067, 
2652) 1495244760, 
2653) 1774969066, 
2654) 1715665003, 
2655) 1639227221, 
2656) 1251481382, 
2657) 1721749169, 
2658) 1793117319, 
2659) 1474196491, 
2660) 1610310933, 
2661) 1721254239, 
2662) 1568921788, 
2663) 1679940984, 
2664) 719647486, 
2665) 1607189595, 
2666) 1643964737, 
2667) 1629022741, 
2668) 1727469750, 
2669) 1356544469, 
2670) 987058707, 
2671) 1624738687, 
2672) 1847334815, 
2673) 1518132857, 
2674) 1851325911, 
2675) 1862204191, 
2676) 1592672510, 
2677) 1325300872, 
2678) 708452056, 
2679) 1865920348, 
2680) 1839762069, 
2681) 1285103337, 
2682) 1822245249, 
2683) 1887822095, 
2684) 1637242217, 
2685) 1230552138, 
2686) 1856045490, 
2687) 1874417264, 
2688) 1863129028, 
2689) 1843310117, 
2690) 1888417730, 
2691) 1891148797, 
2692) 1892609141, 
2693) 1314681705, 
2694) 1862302940, 
2695) 1893039891, 
2696) 1317949269, 
2697) 1648086077, 
2698) 1460351292, 
2699) 978331553, 
2700) 1826943988, 
2701) 1829582837, 
2702) 1881610687, 
2703) 1672408229, 
2704) 1626685997, 
2705) 1047229114, 
2706) 1763436047, 
2707) 1754911566, 
2708) 1898994556, 
2709) 1654357456, 
2710) 1697245741, 
2711) 1614329175, 
2712) 1687986904, 
2713) 1623907578, 
2714) 1589481778, 
2715) 1713705314, 
2716) 1485440439, 
2717) 1126407826, 
2718) 1726519554, 
2719) 1900627028, 
2720) 1859581981, 
2721) 1893962476, 
2722) 1899150696, 
2723) 1901982575, 
2724) 1903271627, 
2725) 1759456600, 
2726) 1411674694, 
2727) 1297946201, 
2728) 1275902454, 
2729) 1876094922, 
2730) 1875536225, 
2731) 1903999532, 
2732) 1761738483, 
2733) 1499561839, 
2734) 991317522, 
2735) 1735338356, 
2736) 1169642100, 
2737) 1437699800, 
2738) 1259066870, 
2739) 1683581099, 
2740) 1066721389, 
2741) 1689828341, 
2742) 1690708083, 
2743) 1676030804, 
2744) 1652600840, 
2745) 1376666682, 
2746) 1427087629, 
2747) 1433558304, 
2748) 881967610, 
2749) 1534056443, 
2750) 1819563215, 
2751) 1821338162, 
2752) 1784447137, 
2753) 1848434290, 
2754) 1830975328, 
2755) 1906744648, 
2756) 1833731564, 
2757) 1719515687, 
2758) 1764104841, 
2759) 1713561996, 
2760) 1822020973, 
2761) 1003913695, 
2762) 1893848565, 
2763) 1804998811, 
2764) 1772863674, 
2765) 1896031667, 
2766) 1888065744, 
2767) 1921832313, 
2768) 1907037710, 
2769) 1898873491, 
2770) 1930307269, 
2771) 1904811075, 
2772) 1353916916, 
2773) 1934547500, 
2774) 1934425578, 
2775) 1526544737, 
2776) 1676075165, 
2777) 1617627991, 
2778) 1914951631, 
2779) 1564151244, 
2780) 1276325546, 
2781) 1659662579, 
2782) 1728562052, 
2783) 1032252866, 
2784) 1602634544, 
2785) 1221696468, 
2786) 1613828569, 
2787) 1751788401, 
2788) 1566292302, 
2789) 1515010114, 
2790) 1771909418, 
2791) 1636151529, 
2792) 1863025410, 
2793) 1719844423, 
2794) 1943573323, 
2795) 1950655330, 
2796) 1087361075, 
2797) 1944930124, 
2798) 1872438089, 
2799) 1738487542, 
2800) 1875194029, 
2801) 1938714739, 
2802) 1906844325, 
2803) 1931831593, 
2804) 1952671920, 
2805) 1943671700, 
2806) 1786848979, 
2807) 1887254751, 
2808) 1967416464, 
2809) 1541281694, 
2810) 1772612900, 
2811) 1471103633, 
2812) 1696126848, 
2813) 1870248789, 
2814) 1569437404, 
2815) 1687257002, 
2816) 1628738550, 
2817) 1918153017, 
2818) 1498819082, 
2819) 1754577259, 
2820) 1169286606, 
2821) 1494131589, 
2822) 1261917979, 
2823) 1710736477, 
2824) 1729053058, 
2825) 1794131092, 
2826) 1823552136, 
2827) 1680902319, 
2828) 1585696203, 
2829) 1865007062, 
2830) 1163506427, 
2831) 1967679386, 
2832) 1914160187, 
2833) 1810411382, 
2834) 1931169524, 
2835) 1905772309, 
2836) 1972033991, 
2837) 1886504370, 
2838) 1943015274, 
2839) 1540669184, 
2840) 1733798925, 
2841) 1970793352, 
2842) 1978756783, 
2843) 1914838972, 
2844) 1979282140, 
2845) 1951178973, 
2846) 1772140956, 
2847) 1798504851, 
2848) 1876087761, 
2849) 1968313580, 
2850) 1867807277, 
2851) 1611037782, 
2852) 1735644004, 
2853) 1911500336, 
2854) 1686045515, 
2855) 1623841170, 
2856) 1927679618, 
2857) 1854312462, 
2858) 1894809151, 
2859) 1724215233, 
2860) 1679808989, 
2861) 1731954695, 
2862) 1650649597, 
2863) 1603892345, 
2864) 1961672986, 
2865) 1806297500, 
2866) 1600587892, 
2867) 1541957380, 
2868) 1266981665, 
2869) 1620529740, 
2870) 1795821411, 
2871) 1729153921, 
2872) 1495702215, 
2873) 1783231386, 
2874) 1838062275, 
2875) 1938110699, 
2876) 1923553547, 
2877) 1960314612, 
2878) 1837446750, 
2879) 1895836116, 
2880) 1216989394, 
2881) 1853305783, 
2882) 1906951811, 
2883) 1743515207, 
2884) 1981829353, 
2885) 1909674024, 
2886) 1090577074, 
2887) 1984531078, 
2888) 1793184165, 
2889) 1666321151, 
2890) 1744318385, 
2891) 1932848796, 
2892) 1620834909, 
2893) 1782066695, 
2894) 1544026920, 
2895) 1963480788, 
2896) 1518764898, 
2897) 1769675826, 
2898) 1748986184, 
2899) 1823156035, 
2900) 1751769980, 
2901) 1786520661, 
2902) 1776560445, 
2903) 1612800214, 
2904) 1681055807, 
2905) 1813055120, 
2906) 1956513197, 
2907) 1689556405, 
2908) 1295240953, 
2909) 1968033930, 
2910) 1984728105, 
2911) 1994463103, 
2912) 1962440127, 
2913) 1895551450, 
2914) 1981288697, 
2915) 1715931085, 
2916) 1868833315, 
2917) 1995733390, 
2918) 837495571, 
2919) 1965333702, 
2920) 1539784636, 
2921) 1637548177, 
2922) 1627155692, 
2923) 1791671345, 
2924) 1978831850, 
2925) 1310350680, 
2926) 1990774151, 
2927) 1997003089, 
2928) 1987863545, 
2929) 1349597937, 
2930) 1934938347, 
2931) 1652661760, 
2932) 1723733808, 
2933) 1641037645, 
2934) 1758241449, 
2935) 2002799109, 
2936) 2006843978, 
2937) 1679036738, 
2938) 1655815953, 
2939) 1834031492, 
2940) 1731477008, 
2941) 1518679543, 
2942) 1556270951, 
2943) 1908748706, 
2944) 1327951457, 
2945) 1641714639, 
2946) 1755481063, 
2947) 1696156954, 
2948) 1751090464, 
2949) 1885068003, 
2950) 1945097702, 
2951) 2006892349, 
2952) 860460585, 
2953) 1997303299, 
2954) 1949563271, 
2955) 1307868593, 
2956) 2008545968, 
2957) 1453032323, 
2958) 1750049775, 
2959) 1995837721, 
2960) 2017001492, 
2961) 1970102213, 
2962) 1941926260, 
2963) 1954904252, 
2964) 2013182812, 
2965) 1976803932, 
2966) 2017284262, 
2967) 1812446282, 
2968) 1762691063, 
2969) 1832404041, 
2970) 1862387010, 
2971) 1794606110, 
2972) 1741057161, 
2973) 1631313218, 
2974) 1689681830, 
2975) 1360348990, 
2976) 1348998178, 
2977) 1770121892, 
2978) 1732605309, 
2979) 1731725143, 
2980) 1731766655, 
2981) 1960654187, 
2982) 1725317956, 
2983) 1718510342, 
2984) 1986468174, 
2985) 2021068578, 
2986) 1973399035, 
2987) 2024086916, 
2988) 2047414064, 
2989) 1647232845, 
2990) 1486189896, 
2991) 1913253798, 
2992) 2022208213, 
2993) 1287397675, 
2994) 1630949424, 
2995) 2025115241, 
2996) 781969285, 
2997) 2009321509, 
2998) 1743515525, 
2999) 2014795153, 
3000) 2048803926, 
3001) 1642352380, 
3002) 1684913645, 
3003) 2031096254, 
3004) 2059062605, 
3005) 1859309835, 
3006) 2011226550, 
3007) 1301845641, 
3008) 1964871654, 
3009) 1007816638, 
3010) 870583060, 
3011) 1714093263, 
3012) 1990085036, 
3013) 2034510823, 
3014) 1134582733, 
3015) 1911898066, 
3016) 1950669105, 
3017) 1632751258, 
3018) 2016534744, 
3019) 1487072817, 
3020) 2040492986, 
3021) 1897898893, 
3022) 1728421447, 
3023) 1658228222, 
3024) 1942818659, 
3025) 1728572889, 
3026) 1139195234, 
3027) 378360452, 
3028) 1884037941, 
3029) 1440075047, 
3030) 1175766257, 
3031) 2049568415, 
3032) 1820217299, 
3033) 1507952358, 
3034) 1503447382, 
3035) 2021701520, 
3036) 2073149581, 
3037) 1928091429, 
3038) 1693651177, 
3039) 1375841654, 
3040) 1761889190, 
3041) 1291525931, 
3042) 2034047086, 
3043) 2051587898, 
3044) 1786087962, 
3045) 1850566567, 
3046) 1664668222, 
3047) 2044752566, 
3048) 1602468307, 
3049) 1722079430, 
3050) 1461715658, 
3051) 1783048955, 
3052) 1963707264, 
3053) 1151603893, 
3054) 1750542647, 
3055) 669833523, 
3056) 1850582025, 
3057) 1165620497, 
3058) 1858140701, 
3059) 1017806103, 
3060) 1745676215, 
3061) 1890634033, 
3062) 2008065650, 
3063) 2022036154, 
3064) 1996908213, 
3065) 1743467712, 
3066) 1239655740, 
3067) 1455912697, 
3068) 1611686798, 
3069) 1815391626, 
3070) 2020187886, 
3071) 1920177401, 
3072) 2074925604, 
3073) 2068118430, 
3074) 1897123312, 
3075) 1989183890, 
3076) 1812908947, 
3077) 2005475191, 
3078) 1294051466, 
3079) 2068784556, 
3080) 2024520446, 
3081) 1904958294, 
3082) 2051078337, 
3083) 2087483623, 
3084) 2038514510, 
3085) 1991959106, 
3086) 2052605471, 
3087) 1150890619, 
3088) 1859726244, 
3089) 1468229378, 
3090) 2061464643, 
3091) 1873275821, 
3092) 1815775341, 
3093) 1708067527, 
3094) 1971243961, 
3095) 1543330077, 
3096) 1711957413, 
3097) 1710142662, 
3098) 1787298292, 
3099) 2050300667, 
3100) 1711508679, 
3101) 1668923171, 
3102) 1788165264, 
3103) 1620430461, 
3104) 1581899047, 
3105) 1885852391, 
3106) 1866809741, 
3107) 2088881555, 
3108) 1894426430, 
3109) 2081189842, 
3110) 2024101268, 
3111) 1940137810, 
3112) 2095258004, 
3113) 2036959099, 
3114) 2079990149, 
3115) 2090977202, 
3116) 2034735618, 
3117) 2083780574, 
3118) 2096464620, 
3119) 1922680783, 
3120) 2041637935, 
3121) 2002944094, 
3122) 2099552870, 
3123) 1931127436, 
3124) 1554332814, 
3125) 1936298716, 
3126) 1526022624, 
3127) 1898251761, 
3128) 1692212595, 
3129) 1402065461, 
3130) 1918213216, 
3131) 2098127865, 
3132) 1574922972, 
3133) 1908650230, 
3134) 1955999219, 
3135) 1998385878, 
3136) 1905798189, 
3137) 2014232045, 
3138) 2076383030, 
3139) 1898599301, 
3140) 2044818005, 
3141) 2041944095, 
3142) 2051027890, 
3143) 1215176717, 
3144) 2102059272, 
3145) 1842324681, 
3146) 1621934874, 
3147) 2080215539, 
3148) 1614829581, 
3149) 2084941294, 
3150) 2106407017, 
3151) 2108492907, 
3152) 1909274315, 
3153) 2099667611, 
3154) 2110347794, 
3155) 1531838482, 
3156) 1938373886, 
3157) 2106671704, 
3158) 2026537483, 
3159) 2053432460, 
3160) 1259776712, 
3161) 2105257044, 
3162) 2092157063, 
3163) 2018239322, 
3164) 2105280006, 
3165) 2018538239, 
3166) 1949570716, 
3167) 1910162155, 
3168) 1285455599, 
3169) 1304304038, 
3170) 2117442884, 
3171) 2120318347, 
3172) 1741676599, 
3173) 1853329214, 
3174) 1930104241, 
3175) 1923464779, 
3176) 2111136132, 
3177) 2087013562, 
3178) 2121848150, 
3179) 1763165169, 
3180) 1306462239, 
3181) 1953937823, 
3182) 1924396113, 
3183) 1744582145, 
3184) 723979983, 
3185) 2099540558, 
3186) 1867009769, 
3187) 2124008741, 
3188) 2093559192, 
3189) 1970699959, 
3190) 2085558330, 
3191) 2062602789, 
3192) 2126467388, 
3193) 2091790200, 
3194) 2114775105, 
3195) 1925401839, 
3196) 2126918136, 
3197) 2018891614, 
3198) 2080563946, 
3199) 1502969416, 
3200) 2128126363, 
3201) 1938501992, 
3202) 1954577598, 
3203) 2100080060, 
3204) 840817985, 
3205) 1997636732, 
3206) 1864359094, 
3207) 2127497865, 
3208) 1832054301, 
3209) 1982759532, 
3210) 2001159265, 
3211) 1958740675, 
3212) 1962132403, 
3213) 2130120186, 
3214) 1950768417, 
3215) 1403276382, 
3216) 1646829867, 
3217) 1137343938, 
3218) 2068992640, 
3219) 2133046765, 
3220) 1793656125, 
3221) 1274548540, 
3222) 1687649171, 
3223) 2154016297, 
3224) 2125199909, 
3225) 2158430149, 
3226) 2157870909, 
3227) 1683738922, 
3228) 2161909238, 
3229) 2119780961, 
3230) 2102282879, 
3231) 1925589345, 
3232) 2173038659, 
3233) 2124623594, 
3234) 2173523667, 
3235) 2118307437, 
3236) 2173567070, 
3237) 2100768468, 
3238) 2177548806, 
3239) 2050129884, 
3240) 2178598702, 
3241) 2099951610, 
3242) 2130332656, 
3243) 2126542267, 
3244) 2107335315, 
3245) 1725384360, 
3246) 1352203274, 
3247) 2180812595, 
3248) 2182263680, 
3249) 1767223681, 
3250) 2159669657, 
3251) 1885476779, 
3252) 1850294059, 
3253) 1719744553, 
3254) 1248642756, 
3255) 1915418054, 
3256) 1512668012, 
3257) 1881932594, 
3258) 1793413991, 
3259) 1800668839, 
3260) 1926101757, 
3261) 2054111484, 
3262) 2079570280, 
3263) 2126898480, 
3264) 2035366688, 
3265) 1950453897, 
3266) 2097917497, 
3267) 2185433105, 
3268) 2100610597, 
3269) 2108210834, 
3270) 2197318854, 
3271) 871381797, 
3272) 2084754788, 
3273) 2129282264, 
3274) 2198540399, 
3275) 2094017325, 
3276) 2043795137, 
3277) 2144635530, 
3278) 2175148179, 
3279) 2116577762, 
3280) 2028396527, 
3281) 1989207777, 
3282) 2090470337, 
3283) 2009569518, 
3284) 1941975072, 
3285) 2185991660, 
3286) 2003147518, 
3287) 2202300652, 
3288) 1874864295, 
3289) 1841172749, 
3290) 1076281655, 
3291) 2204776881, 
3292) 1773808944, 
3293) 2034502642, 
3294) 1526523550, 
3295) 2148479933, 
3296) 1367914454, 
3297) 2174525650, 
3298) 1559546680, 
3299) 1916682966, 
3300) 2149793156, 
3301) 1952929296, 
3302) 2167233655, 
3303) 2206634751, 
3304) 2202756328, 
3305) 2147799092, 
3306) 2207131907, 
3307) 1158886111, 
3308) 1971345427, 
3309) 2192450739, 
3310) 1915634408, 
3311) 1155762380, 
3312) 1572702459, 
3313) 2213993086, 
3314) 2111517463, 
3315) 2113978923, 
3316) 2209924945, 
3317) 2173987365, 
3318) 1576176788, 
3319) 1913007089, 
3320) 2217958080, 
3321) 2160510351, 
3322) 1842814533, 
3323) 1978835922, 
3324) 1810003555, 
3325) 1737038031, 
3326) 2027557285, 
3327) 2221846394, 
3328) 2221629902, 
3329) 1937589572, 
3330) 2022499886, 
3331) 1969941842, 
3332) 2233298353, 
3333) 1963506824, 
3334) 2232176823, 
3335) 1917070435, 
3336) 2230522926, 
3337) 1998388784, 
3338) 1870157115, 
3339) 1558889013, 
3340) 2176177106, 
3341) 2201555859, 
3342) 1356754782, 
3343) 1681698656, 
3344) 2150927026, 
3345) 2001452262, 
3346) 2166755486, 
3347) 2215112392, 
3348) 2235783061, 
3349) 2194357903, 
3350) 1775474553, 
3351) 1663505699, 
3352) 1656314509, 
3353) 1876950365, 
3354) 1889157528, 
3355) 2239053821, 
3356) 2075960827, 
3357) 2202736644, 
3358) 2091175018, 
3359) 1296761514, 
3360) 2211356460, 
3361) 1512165498, 
3362) 2046842509, 
3363) 1662497691, 
3364) 2026176127, 
3365) 1317756911, 
3366) 1969926799, 
3367) 2084623789, 
3368) 2004779365, 
3369) 2226797588, 
3370) 1998135404, 
3371) 1878899715, 
3372) 1757453449, 
3373) 1533349435, 
3374) 2099706633, 
3375) 2244332367, 
3376) 2162788902, 
3377) 2179284276, 
3378) 2176971321, 
3379) 1741698608, 
3380) 2191899753, 
3381) 2116967922, 
3382) 1982763516, 
3383) 1981901833, 
3384) 2082972736, 
3385) 2221070903, 
3386) 1066400418, 
3387) 2178469060, 
3388) 2246296474, 
3389) 2197494977, 
3390) 2082877760, 
3391) 2134585284, 
3392) 2213524840, 
3393) 2207194025, 
3394) 2232156652, 
3395) 2223697862, 
3396) 2250792659, 
3397) 1683889430, 
3398) 2203027231, 
3399) 1894605822, 
3400) 2253065224, 
3401) 1834275396, 
3402) 2066601174, 
3403) 1570004500, 
3404) 1909458079, 
3405) 1933288071, 
3406) 2207358447, 
3407) 1641957064, 
3408) 1078419399, 
3409) 1781042187, 
3410) 1334547457, 
3411) 1580679426, 
3412) 1860612397, 
3413) 1926709428, 
3414) 1951563613, 
3415) 2041882480, 
3416) 1927127953, 
3417) 2100909478, 
3418) 2153326449, 
3419) 1815508430, 
3420) 2057535160, 
3421) 2194596194, 
3422) 2215631811, 
3423) 2061603127, 
3424) 2173836628, 
3425) 2230452724, 
3426) 2255724632, 
3427) 2251218281, 
3428) 2261037454, 
3429) 2235419459, 
3430) 2264229934, 
3431) 2018207927, 
3432) 2109314279, 
3433) 2241601678, 
3434) 1599559348, 
3435) 2183064699, 
3436) 1664187468, 
3437) 2167905996, 
3438) 1391247971, 
3439) 2031611921, 
3440) 1803461936, 
3441) 1883296601, 
3442) 2063313296, 
3443) 1688759759, 
3444) 1949651425, 
3445) 1948791768, 
3446) 2100364312, 
3447) 1946977206, 
3448) 2263416168, 
3449) 2066363056, 
3450) 1361548559, 
3451) 2174233790, 
3452) 2188253842, 
3453) 1729799491, 
3454) 2230860631, 
3455) 1309235340, 
3456) 2182575768, 
3457) 2040387598, 
3458) 1979749767, 
3459) 2264024412, 
3460) 2274516877, 
3461) 1213319594, 
3462) 2275236375, 
3463) 2226727895, 
3464) 1936159372, 
3465) 2261277287, 
3466) 2262936564, 
3467) 2073803532, 
3468) 2275808176, 
3469) 2275976216, 
3470) 1769507501, 
3471) 1449209691, 
3472) 2280674927, 
3473) 2281998258, 
3474) 1993881459, 
3475) 1886452502, 
3476) 1449832028, 
3477) 2233845983, 
3478) 2288155510, 
3479) 2012273941, 
3480) 2130686998, 
3481) 2219849416, 
3482) 2291959224, 
3483) 2282397163, 
3484) 1945256180, 
3485) 1964037842, 
3486) 2098000862, 
3487) 1673691058, 
3488) 2285402659, 
3489) 2135711928, 
3490) 2282684486, 
3491) 2190342549, 
3492) 1563058777, 
3493) 1918929206, 
3494) 1949328427, 
3495) 1935268534, 
3496) 1836473533, 
3497) 2229852498, 
3498) 1332246469, 
3499) 2285179953, 
3500) 2023370639, 
3501) 2157653670, 
3502) 2249241940, 
3503) 1429901282, 
3504) 2099747666, 
3505) 1474159678, 
3506) 2033327795, 
3507) 2109284190, 
3508) 1913415542, 
3509) 2230119851, 
3510) 2135892156, 
3511) 1521677799, 
3512) 2248768333, 
3513) 2231748539, 
3514) 2228052639, 
3515) 1871212020, 
3516) 2248704269, 
3517) 2187450677, 
3518) 2240021903, 
3519) 2292907057, 
3520) 2229328066, 
3521) 2295344832, 
3522) 2250051352, 
3523) 2217485001, 
3524) 2297747013, 
3525) 2078204728, 
3526) 2112604815, 
3527) 1974347560, 
3528) 1953887277, 
3529) 2212963167, 
3530) 2286354426, 
3531) 1579480032, 
3532) 1771001916, 
3533) 2179718077, 
3534) 2298873241, 
3535) 2239645547, 
3536) 2248908526, 
3537) 2302495902, 
3538) 1927017283, 
3539) 2045296449, 
3540) 1731927294, 
3541) 2253025773, 
3542) 2109110678, 
3543) 1463607887, 
3544) 2303364773, 
3545) 1781191941, 
3546) 1889462651, 
3547) 2248181521, 
3548) 2179323784, 
3549) 2259129840, 
3550) 1968406296, 
3551) 2303715599, 
3552) 2101061048, 
3553) 2309243012, 
3554) 2313711613, 
3555) 2262232132, 
3556) 2128751912, 
3557) 2055151988, 
3558) 1776742595, 
3559) 2082849345, 
3560) 1783053286, 
3561) 1641651317, 
3562) 2314587894, 
3563) 2155519937, 
3564) 927740778, 
3565) 2160001925, 
3566) 1094071607, 
3567) 2097508909, 
3568) 2296837462, 
3569) 1562459420, 
3570) 1936611093, 
3571) 2130820190, 
3572) 1928996610, 
3573) 1998584688, 
3574) 2250669603, 
3575) 2264785801, 
3576) 2228321476, 
3577) 1863641901, 
3578) 2217530563, 
3579) 2309490064, 
3580) 2015540410, 
3581) 2321211720, 
3582) 1414554587, 
3583) 1755619340, 
3584) 2291208002, 
3585) 1996737845, 
3586) 1505777767, 
3587) 2113643802, 
3588) 2123876163, 
3589) 2322444559, 
3590) 2117318051, 
3591) 1742990923, 
3592) 2196424661, 
3593) 2266750095, 
3594) 1430457254, 
3595) 1559713262, 
3596) 2316924264, 
3597) 2309578075, 
3598) 2086745432, 
3599) 2051558482, 
3600) 1599202600, 
3601) 1930695465, 
3602) 2126373295, 
3603) 943150914, 
3604) 2319603355, 
3605) 2178698571, 
3606) 2112712701, 
3607) 2296845331, 
3608) 2333095813, 
3609) 2330078349, 
3610) 2243469448, 
3611) 2224203759, 
3612) 2298694349, 
3613) 2222465799, 
3614) 2319367374, 
3615) 2265410878, 
3616) 2336054765, 
3617) 2327428454, 
3618) 2337902276, 
3619) 2253326216, 
3620) 2215738755, 
3621) 2345532126, 
3622) 1647636679, 
3623) 2342723514, 
3624) 2345722866, 
3625) 2350485174, 
3626) 2308449655, 
3627) 1894939482, 
3628) 2304939145, 
3629) 2306722559, 
3630) 2316395549, 
3631) 2322613671, 
3632) 1027189591, 
3633) 1475116443, 
3634) 1204568328, 
3635) 1436534310, 
3636) 2150071956, 
3637) 2216151861, 
3638) 2205542119, 
3639) 1998460760, 
3640) 2347365667, 
3641) 2257467638, 
3642) 2169095389, 
3643) 2140953110, 
3644) 1899186643, 
3645) 2152933518, 
3646) 2208968981, 
3647) 2340211401, 
3648) 2119585552, 
3649) 1657807596, 
3650) 1980807023, 
3651) 1370608749, 
3652) 619789272, 
3653) 2286450161, 
3654) 1286676825, 
3655) 1409414426, 
3656) 2300824806, 
3657) 1918738494, 
3658) 1222545755, 
3659) 1711618003, 
3660) 2283996867, 
3661) 1764047693, 
3662) 2298028868, 
3663) 1823871460, 
3664) 1069663931, 
3665) 2178113017, 
3666) 1373187683, 
3667) 2324641229, 
3668) 2027992920, 
3669) 2218190176, 
3670) 2353808666, 
3671) 1783853167, 
3672) 2314771079, 
3673) 2189662539, 
3674) 2332709556, 
3675) 2343375656, 
3676) 2240673587, 
3677) 1805278108, 
3678) 2381265431, 
3679) 2239802062, 
3680) 826011300, 
3681) 2352386463, 
3682) 1962923426, 
3683) 2235054679, 
3684) 1763971633, 
3685) 2195249725, 
3686) 2300910433, 
3687) 2346167809, 
3688) 2082732377, 
3689) 2358649937, 
3690) 2384374777, 
3691) 2303801527, 
3692) 2353083425, 
3693) 2361800695, 
3694) 2323798515, 
3695) 1838699668, 
3696) 2384796978, 
3697) 2013475509, 
3698) 2236484109, 
3699) 2291873298, 
3700) 1780665736, 
3701) 2355023800, 
3702) 2348099275, 
3703) 1334904481, 
3704) 2358111254, 
3705) 2346214739, 
3706) 2387354131, 
3707) 2171670170, 
3708) 2317553899, 
3709) 2314934389, 
3710) 2376533379, 
3711) 2382448032, 
3712) 1703830923, 
3713) 2101676101, 
3714) 2159651410, 
3715) 1897870038, 
3716) 2109221968, 
3717) 2134365251, 
3718) 2364817269, 
3719) 1753750837, 
3720) 1797053742, 
3721) 2177257615, 
3722) 2060397701, 
3723) 2242617402, 
3724) 2333366388, 
3725) 2347220048, 
3726) 1999489460, 
3727) 2179321668, 
3728) 1981107159, 
3729) 1960241738, 
3730) 1969830973, 
3731) 2193598987, 
3732) 2392735421, 
3733) 1724618127, 
3734) 2392910513, 
3735) 2341286813, 
3736) 2175918550, 
3737) 2350681240, 
3738) 2392567402, 
3739) 2224971012, 
3740) 2362102129, 
3741) 2044441297, 
3742) 2389593286, 
3743) 2119243448, 
3744) 2300431378, 
3745) 2358647132, 
3746) 2238012892, 
3747) 2304159851, 
3748) 2367678530, 
3749) 1558826858, 
3750) 2163919885, 
3751) 2280590815, 
3752) 1713814184, 
3753) 2390915686, 
3754) 2116703911, 
3755) 2314522726, 
3756) 1973095632, 
3757) 2124446266, 
3758) 2275160888, 
3759) 2249395407, 
3760) 2352797406, 
3761) 2247644043, 
3762) 2167753001, 
3763) 2335850407, 
3764) 2348212947, 
3765) 2396431352, 
3766) 2363539017, 
3767) 2369251124, 
3768) 2054575221, 
3769) 2289853479, 
3770) 1987970587, 
3771) 2336138030, 
3772) 2398157725, 
3773) 1872603210, 
3774) 2336914423, 
3775) 2277515141, 
3776) 2321356973, 
3777) 2380953473, 
3778) 2362982156, 
3779) 2322017556, 
3780) 2252170672, 
3781) 2398292642, 
3782) 2402819676, 
3783) 2176710780, 
3784) 2404236090, 
3785) 2404765648, 
3786) 2401816488, 
3787) 2386416330, 
3788) 2394842441, 
3789) 2261952437, 
3790) 2312389034, 
3791) 2388885799, 
3792) 2190593357, 
3793) 2268598809, 
3794) 2155727478, 
3795) 2405144915, 
3796) 2421321516, 
3797) 2359499518, 
3798) 2190144326, 
3799) 2109674651, 
3800) 2412088799, 
3801) 2254658749, 
3802) 2371319725, 
3803) 2422874888, 
3804) 2201287942, 
3805) 2273924094, 
3806) 1999071798, 
3807) 2111918537, 
3808) 2147677875, 
3809) 2370795898, 
3810) 2387415565, 
3811) 2406280149, 
3812) 2417415437, 
3813) 2331911845, 
3814) 2327069929, 
3815) 2403142697, 
3816) 2422989901, 
3817) 2298320382, 
3818) 2376414148, 
3819) 2150882345, 
3820) 2431860130, 
3821) 2429470147, 
3822) 2432273671, 
3823) 2212470536, 
3824) 2257981697, 
3825) 2385630247, 
3826) 2440576929, 
3827) 2278561860, 
3828) 2386085242, 
3829) 2342558058, 
3830) 2442274065, 
3831) 2442352768, 
3832) 2319444201, 
3833) 2337431930, 
3834) 2301307729, 
3835) 2259589674, 
3836) 2419189907, 
3837) 2423164509, 
3838) 2364757144, 
3839) 2352335176, 
3840) 2271648740, 
3841) 2312271586, 
3842) 1161022032, 
3843) 2427012510, 
3844) 2191556905, 
3845) 2452170295, 
3846) 2244218185, 
3847) 2403368022, 
3848) 2404824684, 
3849) 2470767030, 
3850) 2401874722, 
3851) 2335904222, 
3852) 2461714296, 
3853) 2383007478, 
3854) 2360195196, 
3855) 2312974000, 
3856) 2399120122, 
3857) 2454544721, 
3858) 2460839666, 
3859) 2463383737, 
3860) 2258333485, 
3861) 2478541788, 
3862) 2468625198, 
3863) 2477232456, 
3864) 2433947744, 
3865) 2420970297, 
3866) 2473924712, 
3867) 2477451796, 
3868) 2423889100, 
3869) 2125496082, 
3870) 2195364297, 
3871) 1662093270, 
3872) 2474961343, 
3873) 2171869128, 
3874) 2341142538, 
3875) 2422239234, 
3876) 1972184259, 
3877) 2198843841, 
3878) 2374921620, 
3879) 1872500361, 
3880) 2457915659, 
3881) 2250786935, 
3882) 2314842948, 
3883) 2159516842, 
3884) 2170346711, 
3885) 2236742337, 
3886) 2388329345, 
3887) 2405117056, 
3888) 2478827886, 
3889) 2385600704, 
3890) 2478864585, 
3891) 2419248031, 
3892) 2353540972, 
3893) 2405082151, 
3894) 2415436689, 
3895) 2319461494, 
3896) 2455214166, 
3897) 2286129066, 
3898) 2455425123, 
3899) 2211649380, 
3900) 2445856425, 
3901) 2468900675, 
3902) 2422730757, 
3903) 2386048534, 
3904) 2476608838, 
3905) 2231913658, 
3906) 2374605210, 
3907) 2288798616, 
3908) 2426590066, 
3909) 2464580428, 
3910) 2145265900, 
3911) 2482858619, 
3912) 2207948126, 
3913) 2296781262, 
3914) 2460596055, 
3915) 2477829863, 
3916) 2422801168, 
3917) 2363407482, 
3918) 2349694837, 
3919) 2399851107, 
3920) 2482946785, 
3921) 2444317638, 
3922) 2444956051, 
3923) 1739221428, 
3924) 2458132873, 
3925) 2293273701, 
3926) 2368909895, 
3927) 2414854397, 
3928) 2484270620, 
3929) 2476158702, 
3930) 2456559061, 
3931) 2394818579, 
3932) 2440182996, 
3933) 2485341959, 
3934) 2371838489, 
3935) 2458786890, 
3936) 2133344543, 
3937) 2154953408, 
3938) 2485387593, 
3939) 2391197140, 
3940) 2491777367, 
3941) 2486215979, 
3942) 2497765559, 
3943) 2100144384, 
3944) 2501260713, 
3945) 2330329510, 
3946) 2331988443, 
3947) 2128584678, 
3948) 2073910660, 
3949) 2322006531, 
3950) 2268711832, 
3951) 2309235719, 
3952) 2504571092, 
3953) 2458754688, 
3954) 2198658141, 
3955) 2202724343, 
3956) 2463632475, 
3957) 2363916898, 
3958) 2080961531, 
3959) 2489211140, 
3960) 2375457555, 
3961) 2425909164, 
3962) 2325192196, 
3963) 2504241342, 
3964) 2309827440, 
3965) 2376770963, 
3966) 2468368430, 
3967) 2418460056, 
3968) 2293051054, 
3969) 2426315011, 
3970) 2267821659, 
3971) 2269181208, 
3972) 2491543263, 
3973) 2416681240, 
3974) 2508571279, 
3975) 2331567658, 
3976) 2255071759, 
3977) 1977784783, 
3978) 1912031095, 
3979) 2486663596, 
3980) 2508703742, 
3981) 2501894202, 
3982) 2512975604, 
3983) 2230802096, 
3984) 2431385339, 
3985) 2433561239, 
3986) 2379628739, 
3987) 2381932243, 
3988) 2331785422, 
3989) 2471320129, 
3990) 2312485275, 
3991) 2394747257, 
3992) 2479772061, 
3993) 2511256678, 
3994) 2460930226, 
3995) 2298532948, 
3996) 2413261257, 
3997) 2356160780, 
3998) 2415292229, 
3999) 2458959435, 
4000) 2504002801, 
4001) 2511886744, 
4002) 2518746861, 
4003) 2404523748, 
4004) 2523018888, 
4005) 2500463386, 
4006) 2430212269, 
4007) 2475356799, 
4008) 2525182214, 
4009) 2398106832, 
4010) 2483618719, 
4011) 2512581511, 
4012) 2407247104, 
4013) 2484239877, 
4014) 2505148978, 
4015) 2443252402, 
4016) 2522466639, 
4017) 2514029673, 
4018) 2529379108, 
4019) 2514583809, 
4020) 2537123897, 
4021) 2515789537, 
4022) 1930303645, 
4023) 2515345408, 
4024) 2491793341, 
4025) 2482192558, 
4026) 2271401888, 
4027) 2271464501, 
4028) 2170102294, 
4029) 1984944494, 
4030) 2532517473, 
4031) 2426985794, 
4032) 2286963385, 
4033) 2312502625, 
4034) 2463735605, 
4035) 1940898538, 
4036) 2505042855, 
4037) 2522394557, 
4038) 2487497393, 
4039) 2031329492, 
4040) 2382797006, 
4041) 2499754403, 
4042) 2431219811, 
4043) 2516968002, 
4044) 2541485372, 
4045) 2460342904, 
4046) 2546770958, 
4047) 2525094153, 
4048) 2387084383, 
4049) 2461440364, 
4050) 2523155642, 
4051) 2481995040, 
4052) 2506688691, 
4053) 2435053606, 
4054) 2530126930, 
4055) 2536912902, 
4056) 2452508667, 
4057) 2537324286, 
4058) 2527632476, 
4059) 2539444644, 
4060) 2528305605, 
4061) 2403971693, 
4062) 2320601147, 
4063) 2375470158, 
4064) 2510563503, 
4065) 2547898943, 
4066) 2360339112, 
4067) 2542874106, 
4068) 2477695578, 
4069) 2364660062, 
4070) 2464183537, 
4071) 2517162174, 
4072) 2479436271, 
4073) 2519328477, 
4074) 2482073968, 
4075) 2022448790, 
4076) 2549243143, 
4077) 2549470946, 
4078) 2509283890, 
4079) 2541576249, 
4080) 2571700341, 
4081) 2471391515, 
4082) 2403658917, 
4083) 2552640354, 
4084) 2530275590, 
4085) 2530824907, 
4086) 2558269043, 
4087) 2454623891, 
4088) 2527603925, 
4089) 2034794831, 
4090) 2504545562, 
4091) 2509386103, 
4092) 2549574231, 
4093) 2541196462, 
4094) 2572715030, 
4095) 1981704973, 
4096) 2458536244, 
4097) 2562061769, 
4098) 2574282397, 
4099) 2410003622, 
4100) 2442513514, 
4101) 1916539302, 
4102) 2506131010, 
4103) 2570463454, 
4104) 2328567450, 
4105) 2439619142, 
4106) 2544030084, 
4107) 2509090797, 
4108) 2463813887, 
4109) 2533893917, 
4110) 2377166862, 
4111) 2319797104, 
4112) 1928384967, 
4113) 2404393788, 
4114) 2547914074, 
4115) 2576236809, 
4116) 2575854061, 
4117) 1856317597, 
4118) 2074510987, 
4119) 2165852746, 
4120) 2475725422, 
4121) 2246498777, 
4122) 2497661570, 
4123) 2137232545, 
4124) 2561391173, 
4125) 2558482773, 
4126) 2463683537, 
4127) 2482989531, 
4128) 2549225519, 
4129) 2271185329, 
4130) 2577845019, 
4131) 2342793489, 
4132) 2524834928, 
4133) 2562302410, 
4134) 2584144337, 
4135) 2563216787, 
4136) 2086544035, 
4137) 2569707125, 
4138) 2566494548, 
4139) 2447908667, 
4140) 2439480300, 
4141) 2521724673, 
4142) 2557793163, 
4143) 2586665597, 
4144) 2448475936, 
4145) 2578981245, 
4146) 2518141025, 
4147) 2487214777, 
4148) 2557552007, 
4149) 2542790173, 
4150) 2507037837, 
4151) 2480973583, 
4152) 2593745535, 
4153) 2464546496, 
4154) 2446081958, 
4155) 2569688040, 
4156) 2509407891, 
4157) 2580836190, 
4158) 2444605563, 
4159) 2490663121, 
4160) 2578591149, 
4161) 2587746162, 
4162) 2534890523, 
4163) 2065941644, 
4164) 2593946453, 
4165) 2425633871, 
4166) 2552939837, 
4167) 2549298561, 
4168) 2437600617, 
4169) 2597903193, 
4170) 2204869440, 
4171) 2564938179, 
4172) 2597691526, 
4173) 2271284196, 
4174) 2576391830, 
4175) 2594362452, 
4176) 2597988198, 
4177) 2585566384, 
4178) 2587204541, 
4179) 2601968280, 
4180) 2545597734, 
4181) 2609264794, 
4182) 2311155831, 
4183) 2381165106, 
4184) 2565411466, 
4185) 2483523345, 
4186) 2572518042, 
4187) 2567885901, 
4188) 2314422824, 
4189) 2348193069, 
4190) 2441068535, 
4191) 1866953566, 
4192) 2581999744, 
4193) 2618831707, 
4194) 1989885928, 
4195) 2100625001, 
4196) 2479019877, 
4197) 2328307131, 
4198) 2502288441, 
4199) 2620925341, 
4200) 2628405005, 
4201) 2538097893, 
4202) 2601559177, 
4203) 2629489749, 
4204) 2502946712, 
4205) 2490458943, 
4206) 2532822040, 
4207) 1566161593, 
4208) 2144475342, 
4209) 2513552226, 
4210) 2294990377, 
4211) 2364993680, 
4212) 2466697924, 
4213) 2467807750, 
4214) 2560614484, 
4215) 2270868858, 
4216) 2632690980, 
4217) 2497474610, 
4218) 2443141084, 
4219) 2304892313, 
4220) 2135552544, 
4221) 2631898580, 
4222) 2577696404, 
4223) 2624990765, 
4224) 2550438720, 
4225) 2003358186, 
4226) 2614009521, 
4227) 2587508463, 
4228) 2597073423, 
4229) 2605478330, 
4230) 2630157897, 
4231) 2407031802, 
4232) 2485627702, 
4233) 2580888899, 
4234) 2535852947, 
4235) 2597802698, 
4236) 2648937973, 
4237) 2524824586, 
4238) 2515541067, 
4239) 2567758305, 
4240) 2601674059, 
4241) 2649410232, 
4242) 2656753211, 
4243) 2544333137, 
4244) 2647464925, 
4245) 2622803965, 
4246) 2511193819, 
4247) 2639304651, 
4248) 2664027130, 
4249) 2612178041, 
4250) 2601240494, 
4251) 2593414121, 
4252) 2326198325, 
4253) 2422046788, 
4254) 2665445508, 
4255) 2597218518, 
4256) 2403010494, 
4257) 2651465189, 
4258) 2550273832, 
4259) 2652176846, 
4260) 2496632316, 
4261) 2592324596, 
4262) 2593134203, 
4263) 2487571279, 
4264) 2200101640, 
4265) 2614732010, 
4266) 2413178624, 
4267) 2589182025, 
4268) 2528560741, 
4269) 2267695876, 
4270) 2647430617, 
4271) 2411263560, 
4272) 2610613515, 
4273) 2530933810, 
4274) 2417644573, 
4275) 2567977733, 
4276) 2200227901, 
4277) 2413913679, 
4278) 2668577249, 
4279) 2449187430, 
4280) 2241910511, 
4281) 2634004205, 
4282) 2583604673, 
4283) 1648918074, 
4284) 2555709843, 
4285) 2595405823, 
4286) 2671335776, 
4287) 2647632255, 
4288) 2551070614, 
4289) 1881434106, 
4290) 2351446019, 
4291) 1970556103, 
4292) 2609490231, 
4293) 2668997195, 
4294) 2666393413, 
4295) 2533534762, 
4296) 2656601444, 
4297) 2546919008, 
4298) 2556798162, 
4299) 2539023181, 
4300) 2606607887, 
4301) 2665345504, 
4302) 2584344955, 
4303) 2632866336, 
4304) 2574058968, 
4305) 2510796680, 
4306) 2668917463, 
4307) 2474592525, 
4308) 2671804917, 
4309) 1906510140, 
4310) 2487956825, 
4311) 2667026761, 
4312) 2560849607, 
4313) 2102959694, 
4314) 2555606537, 
4315) 2582729960, 
4316) 2504952241, 
4317) 2637296620, 
4318) 2622293528, 
4319) 2409154576, 
4320) 2605611587, 
4321) 2469846420, 
4322) 2644739826, 
4323) 2582306696, 
4324) 2469432183, 
4325) 2601025117, 
4326) 2528077722, 
4327) 2622323301, 
4328) 2672807547, 
4329) 2617446675, 
4330) 2448645041, 
4331) 2621806057, 
4332) 2670970027, 
4333) 2669087461, 
4334) 2672009256, 
4335) 2669211480, 
4336) 2592379660, 
4337) 1978854688, 
4338) 2530393522, 
4339) 2229299522, 
4340) 2595591006, 
4341) 2561154195, 
4342) 2617395531, 
4343) 2551037041, 
4344) 2430610293, 
4345) 1896209554, 
4346) 2632793367, 
4347) 2571771572, 
4348) 2680000634, 
4349) 2683029292, 
4350) 2689307037, 
4351) 2307849447, 
4352) 2541310929, 
4353) 2532333980, 
4354) 2059436031, 
4355) 2695088609, 
4356) 2445422492, 
4357) 2653829566, 
4358) 2562281418, 
4359) 2624167091, 
4360) 2643187992, 
4361) 2539258361, 
4362) 2508744078, 
4363) 2541787506, 
4364) 2417305463, 
4365) 2696805792, 
4366) 2696218876, 
4367) 2629984877, 
4368) 2677520790, 
4369) 2361258171, 
4370) 2665271759, 
4371) 2472025785, 
4372) 2699460624, 
4373) 2546148563, 
4374) 2177085523, 
4375) 2465950527, 
4376) 2593025419, 
4377) 2702438426, 
4378) 2675904913, 
4379) 2467339355, 
4380) 2594333853, 
4381) 2702274999, 
4382) 2692916821, 
4383) 2682452588, 
4384) 2704238176, 
4385) 2705540454, 
4386) 2705126622, 
4387) 2583164681, 
4388) 2695201871, 
4389) 2715105710, 
4390) 2705615610, 
4391) 2680188920, 
4392) 2672683782, 
4393) 2657871158, 
4394) 2623360957, 
4395) 2680038087, 
4396) 2693318856, 
4397) 2702082645, 
4398) 2708631764, 
4399) 2618348559, 
4400) 2706180633, 
4401) 2664033076, 
4402) 2597117820, 
4403) 2704201344, 
4404) 2709616183, 
4405) 2693807350, 
4406) 2715305664, 
4407) 2712225193, 
4408) 2550090565, 
4409) 2707515224, 
4410) 2719413293, 
4411) 2719447167, 
4412) 2681187784, 
4413) 2613516772, 
4414) 2659909136, 
4415) 2672084442, 
4416) 2572709951, 
4417) 2680342701, 
4418) 2686715885, 
4419) 2597369379, 
4420) 2719702488, 
4421) 2712094284, 
4422) 2575131523, 
4423) 2723580854, 
4424) 2646792013, 
4425) 2714876395, 
4426) 2718587309, 
4427) 2722166440, 
4428) 2725437712, 
4429) 2564562339, 
4430) 2570151417, 
4431) 2583805554, 
4432) 2662724885, 
4433) 2620611640, 
4434) 2739654683, 
4435) 2586665634, 
4436) 2729501030, 
4437) 2726085320, 
4438) 2644988530, 
4439) 2729347147, 
4440) 2627788291, 
4441) 2629924788, 
4442) 2740187575, 
4443) 2643781065, 
4444) 2724941260, 
4445) 2661179382, 
4446) 2740701631, 
4447) 2653315789, 
4448) 2736483200, 
4449) 2741029933, 
4450) 2719167855, 
4451) 2548700093, 
4452) 2701851902, 
4453) 2652338254, 
4454) 2620258407, 
4455) 2722014067, 
4456) 2698114012, 
4457) 2749886906, 
4458) 2614117066, 
4459) 2744203022, 
4460) 2741008445, 
4461) 2701872897, 
4462) 2746540830, 
4463) 2615484970, 
4464) 2744752753, 
4465) 2723208925, 
4466) 2730788328, 
4467) 2750498029, 
4468) 2747944556, 
4469) 2728372431, 
4470) 2605293154, 
4471) 2652377153, 
4472) 2704532559, 
4473) 2711670503, 
4474) 2754353321, 
4475) 2708458436, 
4476) 2754643004, 
4477) 2665972679, 
4478) 2744875726, 
4479) 2558849687, 
4480) 2760277139, 
4481) 2730197312, 
4482) 2714209686, 
4483) 2734783508, 
4484) 2760406749, 
4485) 2749073654, 
4486) 2659971663, 
4487) 2667481898, 
4488) 2729369384, 
4489) 2758622392, 
4490) 2763948779, 
4491) 2765175318, 
4492) 2742684587, 
4493) 2715457561, 
4494) 2677493618, 
4495) 2710173239, 
4496) 2753921355, 
4497) 2694415674, 
4498) 2736546186, 
4499) 2650705937, 
4500) 2707748886, 
4501) 2669486805, 
4502) 2693763051, 
4503) 2401674327, 
4504) 2735602977, 
4505) 2761053426, 
4506) 2760320492, 
4507) 2588285346, 
4508) 2765319944, 
4509) 2459763206, 
4510) 2710625793, 
4511) 2721317947, 
4512) 2770468034, 
4513) 2726087331, 
4514) 2734316703, 
4515) 2778042888, 
4516) 2688651198, 
4517) 2763281944, 
4518) 2736926221, 
4519) 2524659307, 
4520) 2770573162, 
4521) 2771290759, 
4522) 2672974978, 
4523) 2742807575, 
4524) 2779498830, 
4525) 2733043681, 
4526) 2753163379, 
4527) 2711114251, 
4528) 2755515069, 
4529) 2604322699, 
4530) 2758351674, 
4531) 2665680143, 
4532) 2680457425, 
4533) 2775173746, 
4534) 2761696483, 
4535) 2780652159, 
4536) 2704563008, 
4537) 2524688488, 
4538) 2773517086, 
4539) 2755135214, 
4540) 2783059025, 
4541) 2780019290, 
4542) 2739656287, 
4543) 2567993290, 
4544) 2783863493, 
4545) 2789586604, 
4546) 2787251648, 
4547) 2786178489, 
4548) 2686898047, 
4549) 2790480238, 
4550) 2789654640, 
4551) 2788889221, 
4552) 2793017614, 
4553) 2780477393, 
4554) 2795600822, 
4555) 2722339766, 
4556) 2807972605, 
4557) 2796513329, 
4558) 2688183999, 
4559) 2793198985, 
4560) 2745126231, 
4561) 2764750650, 
4562) 2799628099, 
4563) 2772282340, 
4564) 2789481589, 
4565) 2762478501, 
4566) 2805928399, 
4567) 2798916063, 
4568) 2777497263, 
4569) 2704962548, 
4570) 2770458065, 
4571) 2800510657, 
4572) 2600833100, 
4573) 2615214908, 
4574) 2789829657, 
4575) 2596421242, 
4576) 2752931098, 
4577) 2802326572, 
4578) 2809563536, 
4579) 2806646450, 
4580) 2698795851, 
4581) 2787495052, 
4582) 2785882245, 
4583) 2811731288, 
4584) 2812421234, 
4585) 2655515120, 
4586) 2817318458, 
4587) 2639216281, 
4588) 2672393458, 
4589) 2711274833, 
4590) 2807788966, 
4591) 2733626921, 
4592) 2499112696, 
4593) 2803650627, 
4594) 2806776906, 
4595) 2824408337, 
4596) 2812661255, 
4597) 2709485842, 
4598) 2818764491, 
4599) 2747546861, 
4600) 2805245398, 
4601) 2279871893, 
4602) 2778996157, 
4603) 2831631363, 
4604) 2790388892, 
4605) 2806719995, 
4606) 2809486695, 
4607) 2723977014, 
4608) 2820025006, 
4609) 2676834851, 
4610) 2704819168, 
4611) 2833958051, 
4612) 2728114697, 
4613) 2840308241, 
4614) 2626678367, 
4615) 2766727360, 
4616) 2825166619, 
4617) 2727957010, 
4618) 2783913271, 
4619) 2764931935, 
4620) 2801944863, 
4621) 2510799113, 
4622) 2835157055, 
4623) 2808444514, 
4624) 2822823296, 
4625) 2844964082, 
4626) 2737898296, 
4627) 2657327798, 
4628) 2811910971, 
4629) 2792549591, 
4630) 2827511048, 
4631) 2701476113, 
4632) 2835677126, 
4633) 2809113409, 
4634) 2846853532, 
4635) 2798799209, 
4636) 2786505898, 
4637) 2819206128, 
4638) 2801966351, 
4639) 2763618520, 
4640) 2816456567, 
4641) 2800913506, 
4642) 2848304433, 
4643) 2747884245, 
4644) 2819282912, 
4645) 2837236080, 
4646) 2835681900, 
4647) 2848333095, 
4648) 2792567097, 
4649) 2842279372, 
4650) 2836132172, 
4651) 2657444607, 
4652) 2785277745, 
4653) 2778960604, 
4654) 2743366693, 
4655) 2773783570, 
4656) 2849760007, 
4657) 2360282140, 
4658) 2726107860, 
4659) 2578352984, 
4660) 2754114555, 
4661) 2850827537, 
4662) 2848710719, 
4663) 2759847231, 
4664) 2856589847, 
4665) 2588229981, 
4666) 2783731764, 
4667) 2856794699, 
4668) 2862152636, 
4669) 2803502024, 
4670) 2839715033, 
4671) 2847880611, 
4672) 2698744187, 
4673) 2849068895, 
4674) 2773646544, 
4675) 2743425070, 
4676) 2660719804, 
4677) 2807647918, 
4678) 2815183416, 
4679) 2745976097, 
4680) 2854454551, 
4681) 2781824846, 
4682) 2814061181, 
4683) 2823780649, 
4684) 2804693487, 
4685) 2769326959, 
4686) 2643006339, 
4687) 2762677248, 
4688) 2708948656, 
4689) 2859358109, 
4690) 2849650325, 
4691) 2857843023, 
4692) 2863362521, 
4693) 2798682191, 
4694) 2854628065, 
4695) 2860883838, 
4696) 2825701926, 
4697) 2806358386, 
4698) 2863498020, 
4699) 2791213165, 
4700) 2850571397, 
4701) 2851278512, 
4702) 2831914804, 
4703) 2863816897, 
4704) 2813823799, 
4705) 2855015359, 
4706) 2864391475, 
4707) 2830526415, 
4708) 2864317277, 
4709) 2862499585, 
4710) 2872612548, 
4711) 2815103005, 
4712) 2856310216, 
4713) 2860081944, 
4714) 2810404046, 
4715) 2875745590, 
4716) 2814338141, 
4717) 2865640072, 
4718) 2870855095, 
4719) 2876771041, 
4720) 2850704906, 
4721) 2798571963, 
4722) 2871820919, 
4723) 2884048503, 
4724) 2865808458, 
4725) 2770180884, 
4726) 2844164320, 
4727) 2870257234, 
4728) 2838036051, 
4729) 2737208644, 
4730) 2883939967, 
4731) 2864577415, 
4732) 2838618880, 
4733) 2859116190, 
4734) 2886980238, 
4735) 2870794646, 
4736) 2817515639, 
4737) 2852611869, 
4738) 2794629640, 
4739) 2889283406, 
4740) 2887812145, 
4741) 2817299772, 
4742) 2890793627, 
4743) 2816286117, 
4744) 2879024325, 
4745) 2867987411, 
4746) 2823790977, 
4747) 2834884967, 
4748) 2790928766, 
4749) 2873011140, 
4750) 2866355700, 
4751) 2850848221, 
4752) 2861167964, 
4753) 2850089444, 
4754) 2882890320, 
4755) 2815516165, 
4756) 2877415424, 
4757) 2780937513, 
4758) 2895831983, 
4759) 2891605798, 
4760) 2854829757, 
4761) 2828956328, 
4762) 2813468794, 
4763) 2890746639, 
4764) 2898541320, 
4765) 2843201821, 
4766) 2723490152, 
4767) 2902850872, 
4768) 2899668554, 
4769) 2879479109, 
4770) 2880967232, 
4771) 2820047113, 
4772) 2895064832, 
4773) 2873275674, 
4774) 2877974288, 
4775) 2830435722, 
4776) 2907461997, 
4777) 2837188196, 
4778) 2843492078, 
4779) 2901789709, 
4780) 2880923959, 
4781) 2887249739, 
4782) 2841123734, 
4783) 2878154819, 
4784) 2907983240, 
4785) 2888792750, 
4786) 2886012062, 
4787) 2809375111, 
4788) 2905883636, 
4789) 2890363441, 
4790) 2872740536, 
4791) 2884673062, 
4792) 2909780548, 
4793) 2911454774, 
4794) 2843982028, 
4795) 2873305594, 
4796) 2915983629, 
4797) 2915499044, 
4798) 2891651903, 
4799) 2806481265, 
4800) 2916743973, 
4801) 2917775737, 
4802) 2893256176, 
4803) 2913446690, 
4804) 2887159178, 
4805) 2885765081, 
4806) 2916338963, 
4807) 2809657657, 
4808) 2918643959, 
4809) 2923267770, 
4810) 2921808376, 
4811) 2821603459, 
4812) 2914145294, 
4813) 2899096001, 
4814) 2790711188, 
4815) 2691808537, 
4816) 2875757500, 
4817) 2925399333, 
4818) 2910328026, 
4819) 2914516017, 
4820) 2923160189, 
4821) 2704164765, 
4822) 2908030549, 
4823) 2919780097, 
4824) 2923276916, 
4825) 2865074852, 
4826) 2926215489, 
4827) 2928212371, 
4828) 2898163522, 
4829) 2925234960, 
4830) 2818141935, 
4831) 2929137729, 
4832) 2823904529, 
4833) 2911083162, 
4834) 2895616201, 
4835) 2790502869, 
4836) 2930328763, 
4837) 2930561220, 
4838) 2921992076, 
4839) 2848724480, 
4840) 2932582722, 
4841) 2932592980, 
4842) 2927649048, 
4843) 2919896456, 
4844) 2857147018, 
4845) 2921834833, 
4846) 2911279957, 
4847) 2932817602, 
4848) 2934820758, 
4849) 2895807733, 
4850) 2932966602, 
4851) 2936595093, 
4852) 2917220027, 
4853) 2893088425, 
4854) 2943123445, 
4855) 2927642202, 
4856) 2932600097, 
4857) 2923477081, 
4858) 2941087792, 
4859) 2943695471, 
4860) 2918077917, 
4861) 2936720191, 
4862) 2944844135, 
4863) 2945427866, 
4864) 2903384586, 
4865) 2939678604, 
4866) 2948332635, 
4867) 2948060516, 
4868) 2945401553, 
4869) 2889275087, 
4870) 2948568550, 
4871) 2951692405, 
4872) 2951438578, 
4873) 2922824357, 
4874) 2956599193, 
4875) 2953824994, 
4876) 2951639826, 
4877) 2909944996, 
4878) 2926466890, 
4879) 2948920392, 
4880) 2904419002, 
4881) 2922675653, 
4882) 2945275023, 
4883) 2937255270, 
4884) 2944685554, 
4885) 2864977824, 
4886) 2947266356, 
4887) 2955018983, 
4888) 2954956298, 
4889) 2922001294, 
4890) 2957881931, 
4891) 2949417346, 
4892) 2894398249, 
4893) 2947112914, 
4894) 2943577463, 
4895) 2959607769, 
4896) 2959884661, 
4897) 2951143261, 
4898) 2960695567, 
4899) 2924897960, 
4900) 2961451830, 
4901) 2961580371, 
4902) 2962882003, 
4903) 2945807345, 
4904) 2952950492, 
4905) 2963647597, 
4906) 2965243619, 
4907) 2962485159, 
4908) 2922941628, 
4909) 2965945015, 
4910) 2965711439, 
4911) 2966018215, 
4912) 2931005884, 
4913) 2898708121, 
4914) 2969248502, 
4915) 2969094777, 
4916) 2950359619, 
4917) 2931623581, 
4918) 2969416681, 
4919) 2970200004, 
4920) 2970561588, 
4921) 2961800831, 
4922) 2932009315, 
4923) 2954618606, 
4924) 2917810577, 
4925) 2969996591, 
4926) 2964070842, 
4927) 2971125387, 
4928) 2971995974, 
4929) 2972142903, 
4930) 2969739095, 
4931) 2934866597, 
4932) 2969440266, 
4933) 2973415373, 
4934) 2973470346, 
4935) 2951255743, 
4936) 2970508542, 
4937) 2975374695, 
4938) 2958767403, 
4939) 2978916687, 
4940) 2974703440, 
4941) 2973333583, 
4942) 2974873917, 
4943) 2977847502, 
4944) 2977093094, 
4945) 2982100059, 
4946) 2983034184, 
4947) 2979928200, 
4948) 2984225885, 
4949) 2984006646, 
4950) 2981295154, 
4951) 2938292745, 
4952) 2975622906, 
4953) 2979380761, 
4954) 2984277132, 
4955) 2984529979, 
4956) 2984851521, 
4957) 2984205761, 
4958) 2971032761, 
4959) 2985430209, 
4960) 2983110649, 
4961) 2964454687, 
4962) 2962385154, 
4963) 2946733018, 
4964) 2985496074, 
4965) 2985858530, 
4966) 2988370032, 
4967) 2988658341, 
4968) 2987686964, 
4969) 2988611819, 
4970) 2988828932, 
4971) 2988545933, 
4972) 2989179126, 
4973) 2988829843, 
4974) 2986330352, 
4975) 2987774722, 
4976) 2986031345, 
4977) 2989377061, 
4978) 2989598142, 
4979) 2990806148, 
4980) 2990047873, 
4981) 2980886055, 
4982) 2990802165, 
4983) 2991241015, 
4984) 2990368884, 
4985) 2991466370, 
4986) 2991613460, 
4987) 2993375813, 
4988) 2993891533, 
4989) 2994685286, 
4990) 2994495717, 
4991) 2996046913, 
4992) 2995385371, 
4993) 2996833357, 
4994) 2996295210, 
4995) 2998434576, 
4996) 2997560530, 
4997) 2999570640, 
4998) 2998014900, 
4999) 2999591428, 
