Number of elements is 1000
Type of array is sorted
Sorting algorithm - Shell
Running time of sorting algorithm is 33ms
0) 3827673, 
1) 7219172, 
2) 8504322, 
3) 9491329, 
4) 9760234, 
5) 10974520, 
6) 12701343, 
7) 13474547, 
8) 15623384, 
9) 20205667, 
10) 24090703, 
11) 24489794, 
12) 28924887, 
13) 30632475, 
14) 34834095, 
15) 35508535, 
16) 36337147, 
17) 39604738, 
18) 39822744, 
19) 40847326, 
20) 41427519, 
21) 52292729, 
22) 55245402, 
23) 68868304, 
24) 73450025, 
25) 74647479, 
26) 76378604, 
27) 76464640, 
28) 78392603, 
29) 78573351, 
30) 78744134, 
31) 80122974, 
32) 80514582, 
33) 81080144, 
34) 81718457, 
35) 88405625, 
36) 96399700, 
37) 101224648, 
38) 101300929, 
39) 101784003, 
40) 102608746, 
41) 108193130, 
42) 115311096, 
43) 116332525, 
44) 121881662, 
45) 124035116, 
46) 124550559, 
47) 125683779, 
48) 126258819, 
49) 132294072, 
50) 133912803, 
51) 136179946, 
52) 136599018, 
53) 142857360, 
54) 154029726, 
55) 154795643, 
56) 161188977, 
57) 161770246, 
58) 163274455, 
59) 179022092, 
60) 180217043, 
61) 184716542, 
62) 188608019, 
63) 188931933, 
64) 193565053, 
65) 193805421, 
66) 198894874, 
67) 199849825, 
68) 201027845, 
69) 202010322, 
70) 202981252, 
71) 206112837, 
72) 207630582, 
73) 215181464, 
74) 217080346, 
75) 217306881, 
76) 220878086, 
77) 224579581, 
78) 229411294, 
79) 238331098, 
80) 241562540, 
81) 243145655, 
82) 243649161, 
83) 245589389, 
84) 248388581, 
85) 254784050, 
86) 255489298, 
87) 257086176, 
88) 260192624, 
89) 263651200, 
90) 265264530, 
91) 266308593, 
92) 268666000, 
93) 269898294, 
94) 271314366, 
95) 273138861, 
96) 274725788, 
97) 276254596, 
98) 276655505, 
99) 281086810, 
100) 282465448, 
101) 282630982, 
102) 283405276, 
103) 286967682, 
104) 287812509, 
105) 291570951, 
106) 293377793, 
107) 296674860, 
108) 297665813, 
109) 301378319, 
110) 308338958, 
111) 315872662, 
112) 317523874, 
113) 323480906, 
114) 324572085, 
115) 325389738, 
116) 325981832, 
117) 333021295, 
118) 334815297, 
119) 336549238, 
120) 337129272, 
121) 337474454, 
122) 337772573, 
123) 337907980, 
124) 339444479, 
125) 343214944, 
126) 346488194, 
127) 347463117, 
128) 352512413, 
129) 353993082, 
130) 354637367, 
131) 358859916, 
132) 359144041, 
133) 360913101, 
134) 366733474, 
135) 370613981, 
136) 378095792, 
137) 378973231, 
138) 380265834, 
139) 381650497, 
140) 381697765, 
141) 384730485, 
142) 385145169, 
143) 385509041, 
144) 386664473, 
145) 390044954, 
146) 391347199, 
147) 392989788, 
148) 394183855, 
149) 394947511, 
150) 395244551, 
151) 400870106, 
152) 403624416, 
153) 404048421, 
154) 410330692, 
155) 410414708, 
156) 419308392, 
157) 420941950, 
158) 426008053, 
159) 428713388, 
160) 440806098, 
161) 443051646, 
162) 444638503, 
163) 454060075, 
164) 454934240, 
165) 461166097, 
166) 463347459, 
167) 464093118, 
168) 465524095, 
169) 470246585, 
170) 473617427, 
171) 483578680, 
172) 486492022, 
173) 489461844, 
174) 494057812, 
175) 501511060, 
176) 504979899, 
177) 507317934, 
178) 515218607, 
179) 523260625, 
180) 523861927, 
181) 526099491, 
182) 528403327, 
183) 532731645, 
184) 532876965, 
185) 533140386, 
186) 533278400, 
187) 534258283, 
188) 539006139, 
189) 540603920, 
190) 545181282, 
191) 546700595, 
192) 548444294, 
193) 553681257, 
194) 553753699, 
195) 558566453, 
196) 565350467, 
197) 566332487, 
198) 569106625, 
199) 570048818, 
200) 572033663, 
201) 576463684, 
202) 579851697, 
203) 583824524, 
204) 586167022, 
205) 589016861, 
206) 591482149, 
207) 592923878, 
208) 595330021, 
209) 598324386, 
210) 598852754, 
211) 599528258, 
212) 600802099, 
213) 603352517, 
214) 606720711, 
215) 607124160, 
216) 610297761, 
217) 610351553, 
218) 610504156, 
219) 613786512, 
220) 627443731, 
221) 628102950, 
222) 632439864, 
223) 654072647, 
224) 654197175, 
225) 657459789, 
226) 657530713, 
227) 663647458, 
228) 675530063, 
229) 677252999, 
230) 679231008, 
231) 682427491, 
232) 685623127, 
233) 686927565, 
234) 704173218, 
235) 708144034, 
236) 709262751, 
237) 713647883, 
238) 715046200, 
239) 717348194, 
240) 717912315, 
241) 718398785, 
242) 723276511, 
243) 725800260, 
244) 726254675, 
245) 726701075, 
246) 729602805, 
247) 730435210, 
248) 730538642, 
249) 734299757, 
250) 737213395, 
251) 740222319, 
252) 747301149, 
253) 750271593, 
254) 750759784, 
255) 757481203, 
256) 758993498, 
257) 759907070, 
258) 759951574, 
259) 760673845, 
260) 762565949, 
261) 764628081, 
262) 766071981, 
263) 769183192, 
264) 770143571, 
265) 778199945, 
266) 780563528, 
267) 784928575, 
268) 788174212, 
269) 789727937, 
270) 792598424, 
271) 793906364, 
272) 795211338, 
273) 797684091, 
274) 798056888, 
275) 799646269, 
276) 800024300, 
277) 804979173, 
278) 807099771, 
279) 808133173, 
280) 812354444, 
281) 815009301, 
282) 823284286, 
283) 826285520, 
284) 826723261, 
285) 828468310, 
286) 829194883, 
287) 835384007, 
288) 839403104, 
289) 846177691, 
290) 848181441, 
291) 848591030, 
292) 851105802, 
293) 851366534, 
294) 854248756, 
295) 855690028, 
296) 858081276, 
297) 861334088, 
298) 867606932, 
299) 871535407, 
300) 875162800, 
301) 876346597, 
302) 880566279, 
303) 883878801, 
304) 890072482, 
305) 890192589, 
306) 891062452, 
307) 893165544, 
308) 894173287, 
309) 895769468, 
310) 899544660, 
311) 899993868, 
312) 901946356, 
313) 907355996, 
314) 915690298, 
315) 918208457, 
316) 919815813, 
317) 923819521, 
318) 924855131, 
319) 926686799, 
320) 929569725, 
321) 931087770, 
322) 931098423, 
323) 932703956, 
324) 932941011, 
325) 938608594, 
326) 940756721, 
327) 944317639, 
328) 950519554, 
329) 952076405, 
330) 955368239, 
331) 958492632, 
332) 961986718, 
333) 963066236, 
334) 965009287, 
335) 965554720, 
336) 965569808, 
337) 966924161, 
338) 973281942, 
339) 974936716, 
340) 974996848, 
341) 976314553, 
342) 978824746, 
343) 985574258, 
344) 985647690, 
345) 985913568, 
346) 986271381, 
347) 989097884, 
348) 989198871, 
349) 994150644, 
350) 995146746, 
351) 996501099, 
352) 1001921042, 
353) 1005730637, 
354) 1008259804, 
355) 1018949738, 
356) 1026212610, 
357) 1034107630, 
358) 1043426561, 
359) 1043870903, 
360) 1046581849, 
361) 1048268303, 
362) 1051674784, 
363) 1053170242, 
364) 1055050305, 
365) 1062616965, 
366) 1063365368, 
367) 1063536957, 
368) 1064144780, 
369) 1064472470, 
370) 1064767167, 
371) 1067641841, 
372) 1076577188, 
373) 1079346112, 
374) 1082817640, 
375) 1087541815, 
376) 1089416985, 
377) 1089518306, 
378) 1089620502, 
379) 1091164769, 
380) 1093366732, 
381) 1101843115, 
382) 1102815513, 
383) 1105237428, 
384) 1107825360, 
385) 1116457964, 
386) 1117134524, 
387) 1120158401, 
388) 1122687715, 
389) 1124948065, 
390) 1133401819, 
391) 1139056270, 
392) 1147031484, 
393) 1147389784, 
394) 1148019237, 
395) 1150030354, 
396) 1154483226, 
397) 1159257300, 
398) 1159516762, 
399) 1171467272, 
400) 1174673464, 
401) 1178166217, 
402) 1180931239, 
403) 1182873643, 
404) 1183144853, 
405) 1183653525, 
406) 1187607429, 
407) 1188301759, 
408) 1188472994, 
409) 1189044717, 
410) 1191162641, 
411) 1195227742, 
412) 1201708363, 
413) 1202067307, 
414) 1204077678, 
415) 1209579987, 
416) 1210653899, 
417) 1211075472, 
418) 1211675430, 
419) 1212697128, 
420) 1215592758, 
421) 1216174979, 
422) 1225736692, 
423) 1225998288, 
424) 1227662151, 
425) 1228355180, 
426) 1233532687, 
427) 1233551697, 
428) 1239228687, 
429) 1243889333, 
430) 1243898266, 
431) 1246099209, 
432) 1247345483, 
433) 1249898790, 
434) 1254545316, 
435) 1255581110, 
436) 1255631928, 
437) 1260586225, 
438) 1260970317, 
439) 1261497511, 
440) 1264088519, 
441) 1271098827, 
442) 1272302935, 
443) 1274582215, 
444) 1279601923, 
445) 1279796698, 
446) 1281899746, 
447) 1283043182, 
448) 1285965854, 
449) 1287945136, 
450) 1290108396, 
451) 1296758380, 
452) 1300146012, 
453) 1300630026, 
454) 1305588172, 
455) 1310346133, 
456) 1311137777, 
457) 1312350687, 
458) 1318976506, 
459) 1321173714, 
460) 1324308855, 
461) 1325379371, 
462) 1326596329, 
463) 1329149486, 
464) 1330861119, 
465) 1332016111, 
466) 1335134267, 
467) 1337393364, 
468) 1342651594, 
469) 1343063383, 
470) 1346749060, 
471) 1347782691, 
472) 1350782854, 
473) 1351218903, 
474) 1354248267, 
475) 1358902393, 
476) 1360570586, 
477) 1361104937, 
478) 1361222832, 
479) 1364434250, 
480) 1366420949, 
481) 1367739873, 
482) 1372603836, 
483) 1374124804, 
484) 1378453556, 
485) 1379476910, 
486) 1380502184, 
487) 1397079187, 
488) 1397797214, 
489) 1401247831, 
490) 1402287194, 
491) 1404867504, 
492) 1405615716, 
493) 1414181014, 
494) 1419008050, 
495) 1420975261, 
496) 1426507247, 
497) 1431319318, 
498) 1431791915, 
499) 1438561156, 
500) 1440791599, 
501) 1449682983, 
502) 1451745744, 
503) 1454731362, 
504) 1454912521, 
505) 1455269828, 
506) 1456958803, 
507) 1457122830, 
508) 1460448381, 
509) 1462729348, 
510) 1462840847, 
511) 1471547873, 
512) 1472680200, 
513) 1472702743, 
514) 1473195223, 
515) 1479271135, 
516) 1479509763, 
517) 1482719713, 
518) 1484587690, 
519) 1488369535, 
520) 1494146412, 
521) 1496289201, 
522) 1499634407, 
523) 1500476720, 
524) 1503096706, 
525) 1504965231, 
526) 1513221655, 
527) 1513432532, 
528) 1513807275, 
529) 1517655401, 
530) 1524485256, 
531) 1525986807, 
532) 1526992801, 
533) 1530715983, 
534) 1533240829, 
535) 1538755380, 
536) 1542855441, 
537) 1543972305, 
538) 1562098879, 
539) 1565005035, 
540) 1574520681, 
541) 1574526816, 
542) 1577703971, 
543) 1582622485, 
544) 1583210098, 
545) 1586906450, 
546) 1586946502, 
547) 1587251366, 
548) 1600551127, 
549) 1608086753, 
550) 1611952885, 
551) 1619268585, 
552) 1620028774, 
553) 1620181823, 
554) 1620897287, 
555) 1620949971, 
556) 1624979418, 
557) 1627029176, 
558) 1628050372, 
559) 1628419589, 
560) 1633267711, 
561) 1639532508, 
562) 1643825179, 
563) 1647577307, 
564) 1649312667, 
565) 1655304781, 
566) 1658647559, 
567) 1673488791, 
568) 1681934269, 
569) 1687867901, 
570) 1688887879, 
571) 1689125900, 
572) 1694420803, 
573) 1696230683, 
574) 1697857132, 
575) 1700564688, 
576) 1701255296, 
577) 1702086229, 
578) 1704313095, 
579) 1707937948, 
580) 1711820603, 
581) 1711821491, 
582) 1719787605, 
583) 1723322827, 
584) 1727555228, 
585) 1737866917, 
586) 1745935986, 
587) 1746982646, 
588) 1751642838, 
589) 1752361286, 
590) 1757984309, 
591) 1759080763, 
592) 1760919233, 
593) 1762658545, 
594) 1768259387, 
595) 1769826528, 
596) 1771244738, 
597) 1775731897, 
598) 1784154334, 
599) 1789954177, 
600) 1792672855, 
601) 1796169586, 
602) 1802215809, 
603) 1810613206, 
604) 1819567387, 
605) 1822413985, 
606) 1823113641, 
607) 1823289765, 
608) 1831295666, 
609) 1832380315, 
610) 1836833003, 
611) 1838494972, 
612) 1841485082, 
613) 1847398474, 
614) 1848019957, 
615) 1851568186, 
616) 1853270643, 
617) 1861674781, 
618) 1864622836, 
619) 1867333690, 
620) 1867454901, 
621) 1873213209, 
622) 1873366742, 
623) 1875334545, 
624) 1875575467, 
625) 1880068211, 
626) 1883431035, 
627) 1884215198, 
628) 1885077334, 
629) 1892194771, 
630) 1896400743, 
631) 1896425640, 
632) 1902384738, 
633) 1907733268, 
634) 1911537055, 
635) 1912598603, 
636) 1913421587, 
637) 1943963797, 
638) 1951522938, 
639) 1952015569, 
640) 1957755291, 
641) 1958468243, 
642) 1959177148, 
643) 1961002027, 
644) 1967258097, 
645) 1967931212, 
646) 1969086136, 
647) 1977576585, 
648) 1978492349, 
649) 1978592753, 
650) 1979151072, 
651) 1981404307, 
652) 1981914301, 
653) 1983602409, 
654) 1985813149, 
655) 1990353183, 
656) 1991937945, 
657) 1992728537, 
658) 1996302237, 
659) 1997873851, 
660) 1998885785, 
661) 1999268997, 
662) 2001872181, 
663) 2005089645, 
664) 2006807634, 
665) 2008467936, 
666) 2010483955, 
667) 2012438644, 
668) 2012494960, 
669) 2012725765, 
670) 2013394283, 
671) 2022787132, 
672) 2023130064, 
673) 2025033973, 
674) 2028585367, 
675) 2029673818, 
676) 2029996452, 
677) 2032758671, 
678) 2036475801, 
679) 2041153270, 
680) 2043135769, 
681) 2043954549, 
682) 2045088982, 
683) 2047069521, 
684) 2047141964, 
685) 2049398885, 
686) 2054710751, 
687) 2056125829, 
688) 2060977847, 
689) 2063008742, 
690) 2067068990, 
691) 2067420290, 
692) 2067567077, 
693) 2070223627, 
694) 2075445843, 
695) 2076183804, 
696) 2076219539, 
697) 2076755342, 
698) 2083847522, 
699) 2088844350, 
700) 2091077989, 
701) 2091999602, 
702) 2092609526, 
703) 2095038633, 
704) 2097225441, 
705) 2098329920, 
706) 2100631058, 
707) 2100765114, 
708) 2101711251, 
709) 2106634758, 
710) 2109963369, 
711) 2112489702, 
712) 2113765264, 
713) 2114708691, 
714) 2116343848, 
715) 2117337731, 
716) 2119104719, 
717) 2120575493, 
718) 2125848678, 
719) 2126850630, 
720) 2128636561, 
721) 2129053110, 
722) 2142787118, 
723) 2142787392, 
724) 2145659404, 
725) 2146530600, 
726) 2155678155, 
727) 2160776522, 
728) 2162825774, 
729) 2163201276, 
730) 2163865276, 
731) 2164330119, 
732) 2176913869, 
733) 2180361485, 
734) 2188566848, 
735) 2189437749, 
736) 2202914323, 
737) 2205414584, 
738) 2207528701, 
739) 2208434743, 
740) 2210553142, 
741) 2210926479, 
742) 2212892766, 
743) 2213357121, 
744) 2214721664, 
745) 2216128808, 
746) 2220543422, 
747) 2221221481, 
748) 2230787812, 
749) 2233228835, 
750) 2235008936, 
751) 2235989376, 
752) 2237835825, 
753) 2238534031, 
754) 2243556171, 
755) 2244551235, 
756) 2247948318, 
757) 2250446005, 
758) 2252953680, 
759) 2253799577, 
760) 2256310721, 
761) 2260261218, 
762) 2263363796, 
763) 2268648830, 
764) 2276546755, 
765) 2283178083, 
766) 2285194329, 
767) 2288445718, 
768) 2290550190, 
769) 2291394684, 
770) 2292272837, 
771) 2292386190, 
772) 2296452710, 
773) 2297432567, 
774) 2297467732, 
775) 2299703299, 
776) 2300043785, 
777) 2310848756, 
778) 2318019687, 
779) 2319941011, 
780) 2321067078, 
781) 2322885249, 
782) 2325290263, 
783) 2326522115, 
784) 2328650422, 
785) 2329286032, 
786) 2331206137, 
787) 2337002117, 
788) 2341506877, 
789) 2343878346, 
790) 2345462670, 
791) 2346818507, 
792) 2355526981, 
793) 2356491991, 
794) 2361028517, 
795) 2361153343, 
796) 2364459236, 
797) 2368955209, 
798) 2369149607, 
799) 2385135307, 
800) 2385847678, 
801) 2393059646, 
802) 2399489301, 
803) 2407144057, 
804) 2409140014, 
805) 2413175210, 
806) 2413905788, 
807) 2415385900, 
808) 2427024564, 
809) 2427407953, 
810) 2435124704, 
811) 2439590036, 
812) 2440343820, 
813) 2442835578, 
814) 2452658588, 
815) 2452748456, 
816) 2456812460, 
817) 2459409916, 
818) 2462442961, 
819) 2466441762, 
820) 2468008144, 
821) 2468862400, 
822) 2469563302, 
823) 2469811567, 
824) 2471193327, 
825) 2475024025, 
826) 2475395332, 
827) 2480994050, 
828) 2487848830, 
829) 2491221669, 
830) 2493598602, 
831) 2493841838, 
832) 2495620418, 
833) 2495684293, 
834) 2496315931, 
835) 2501015911, 
836) 2503693754, 
837) 2504558219, 
838) 2513361721, 
839) 2514233894, 
840) 2514382116, 
841) 2517877972, 
842) 2521207450, 
843) 2525773398, 
844) 2528175941, 
845) 2530207286, 
846) 2537434058, 
847) 2538936372, 
848) 2540508854, 
849) 2542771107, 
850) 2545987509, 
851) 2548614557, 
852) 2562277515, 
853) 2567853614, 
854) 2568088671, 
855) 2568384991, 
856) 2568655500, 
857) 2569992241, 
858) 2574844028, 
859) 2575905090, 
860) 2578682557, 
861) 2580974912, 
862) 2581450362, 
863) 2581672947, 
864) 2582195982, 
865) 2582220076, 
866) 2583283412, 
867) 2587641774, 
868) 2588616628, 
869) 2592951814, 
870) 2593600145, 
871) 2596956252, 
872) 2597824302, 
873) 2598254711, 
874) 2602276121, 
875) 2603145319, 
876) 2605411946, 
877) 2605415975, 
878) 2612195707, 
879) 2617371706, 
880) 2618725207, 
881) 2625484399, 
882) 2628352238, 
883) 2628939462, 
884) 2635093717, 
885) 2640033919, 
886) 2643695536, 
887) 2646382928, 
888) 2654151784, 
889) 2662477895, 
890) 2664257959, 
891) 2665721782, 
892) 2667492576, 
893) 2668968054, 
894) 2669313830, 
895) 2670134639, 
896) 2671010636, 
897) 2673334546, 
898) 2679946385, 
899) 2681019086, 
900) 2682414327, 
901) 2687272699, 
902) 2689073743, 
903) 2702950268, 
904) 2704012417, 
905) 2704565803, 
906) 2714748943, 
907) 2716667349, 
908) 2717647662, 
909) 2719552471, 
910) 2719889944, 
911) 2720241555, 
912) 2720254317, 
913) 2720516718, 
914) 2721531182, 
915) 2721791067, 
916) 2724058065, 
917) 2727129865, 
918) 2733448247, 
919) 2741250005, 
920) 2747717295, 
921) 2748450016, 
922) 2753284845, 
923) 2758497740, 
924) 2762821330, 
925) 2764169413, 
926) 2765349086, 
927) 2767712315, 
928) 2777473558, 
929) 2778795580, 
930) 2780160777, 
931) 2780319832, 
932) 2783243514, 
933) 2786097281, 
934) 2798127315, 
935) 2798190527, 
936) 2799772565, 
937) 2802099610, 
938) 2810568418, 
939) 2811964294, 
940) 2817142737, 
941) 2819088238, 
942) 2819300966, 
943) 2830424678, 
944) 2837979455, 
945) 2843751579, 
946) 2848136367, 
947) 2848753224, 
948) 2849544478, 
949) 2852078965, 
950) 2852554637, 
951) 2855265370, 
952) 2860658310, 
953) 2860853915, 
954) 2870949048, 
955) 2871266360, 
956) 2873659646, 
957) 2875594407, 
958) 2879487803, 
959) 2886072613, 
960) 2894335810, 
961) 2897818224, 
962) 2900120712, 
963) 2901206324, 
964) 2905160627, 
965) 2909180607, 
966) 2909893201, 
967) 2910341750, 
968) 2915020785, 
969) 2916134261, 
970) 2922749711, 
971) 2923798013, 
972) 2925051576, 
973) 2927948422, 
974) 2929518471, 
975) 2931196869, 
976) 2936124475, 
977) 2936477523, 
978) 2941636189, 
979) 2942402539, 
980) 2946398496, 
981) 2947908662, 
982) 2953417816, 
983) 2959574300, 
984) 2960759485, 
985) 2962985540, 
986) 2966698301, 
987) 2967114289, 
988) 2970524014, 
989) 2973386818, 
990) 2974376332, 
991) 2974990205, 
992) 2977703276, 
993) 2977967443, 
994) 2978629260, 
995) 2978714827, 
996) 2979963095, 
997) 2981116414, 
998) 2986284958, 
999) 2986957894, 
