Number of elements is 100
Type of array is sorted
Sorting algorithm - Shell
Running time of sorting algorithm is 3ms
0) 63497421, 
1) 73011902, 
2) 103383286, 
3) 112456396, 
4) 116302423, 
5) 160995373, 
6) 194677357, 
7) 201047017, 
8) 236377500, 
9) 244596336, 
10) 252198500, 
11) 256464635, 
12) 305127246, 
13) 364156336, 
14) 374103621, 
15) 388209621, 
16) 402174219, 
17) 485595090, 
18) 490300409, 
19) 493436523, 
20) 501888293, 
21) 514283433, 
22) 516674484, 
23) 523282494, 
24) 537927188, 
25) 545928342, 
26) 644379749, 
27) 653051885, 
28) 711360851, 
29) 751838761, 
30) 785694076, 
31) 793501190, 
32) 861880735, 
33) 932965342, 
34) 934063378, 
35) 968555281, 
36) 1011369194, 
37) 1045754845, 
38) 1109819352, 
39) 1136709087, 
40) 1254684806, 
41) 1267876096, 
42) 1274529592, 
43) 1324982688, 
44) 1330104176, 
45) 1338531390, 
46) 1347703163, 
47) 1374754299, 
48) 1377465777, 
49) 1385512357, 
50) 1418376090, 
51) 1475778789, 
52) 1537008495, 
53) 1558525321, 
54) 1576987640, 
55) 1617127274, 
56) 1654054757, 
57) 1660973863, 
58) 1739662578, 
59) 1797675883, 
60) 1868521083, 
61) 1872010960, 
62) 1930793197, 
63) 1932433172, 
64) 1938496247, 
65) 2006585959, 
66) 2033858274, 
67) 2046815100, 
68) 2056142547, 
69) 2094187395, 
70) 2109999715, 
71) 2115649009, 
72) 2121722904, 
73) 2150691484, 
74) 2176163465, 
75) 2211067856, 
76) 2262940194, 
77) 2271782793, 
78) 2283181250, 
79) 2312663109, 
80) 2315508835, 
81) 2360632676, 
82) 2374569457, 
83) 2426579084, 
84) 2427840180, 
85) 2574955039, 
86) 2609785451, 
87) 2645618170, 
88) 2653874182, 
89) 2661165782, 
90) 2668909065, 
91) 2680318766, 
92) 2750972235, 
93) 2751325403, 
94) 2839373785, 
95) 2851550831, 
96) 2852762426, 
97) 2922938431, 
98) 2939017250, 
99) 2965820382, 
