Number of elements is 500
Type of array is rendomized
Sorting algorithm - Shell
Running time of sorting algorithm is 38ms
0) 731738, 
1) 8978705, 
2) 5459427, 
3) 12706790, 
4) 28107769, 
5) 47432463, 
6) 37603437, 
7) 29182932, 
8) 55908902, 
9) 14420772, 
10) 73291014, 
11) 89442099, 
12) 90696265, 
13) 98893584, 
14) 92867086, 
15) 102059294, 
16) 62292056, 
17) 105701243, 
18) 117478270, 
19) 145860140, 
20) 156486303, 
21) 108371706, 
22) 14594081, 
23) 160042406, 
24) 136741559, 
25) 146972729, 
26) 181281758, 
27) 196517920, 
28) 247810796, 
29) 189317012, 
30) 216022712, 
31) 180883072, 
32) 107988064, 
33) 261612518, 
34) 263108022, 
35) 268020800, 
36) 210887229, 
37) 287270309, 
38) 113307698, 
39) 302117583, 
40) 312259889, 
41) 296948461, 
42) 293666631, 
43) 321543766, 
44) 145834568, 
45) 229290598, 
46) 331276506, 
47) 337461918, 
48) 343942256, 
49) 438380487, 
50) 419139983, 
51) 455648143, 
52) 484243203, 
53) 431918626, 
54) 468106531, 
55) 177890113, 
56) 427246731, 
57) 429389402, 
58) 486882577, 
59) 374644852, 
60) 377220273, 
61) 348278849, 
62) 433733959, 
63) 522905909, 
64) 558447151, 
65) 570365204, 
66) 559686083, 
67) 543923662, 
68) 513839587, 
69) 577056420, 
70) 556487300, 
71) 625273801, 
72) 594354978, 
73) 631199880, 
74) 403731714, 
75) 243070474, 
76) 539935677, 
77) 538450967, 
78) 717040530, 
79) 769924847, 
80) 773717540, 
81) 573200636, 
82) 527001089, 
83) 661367576, 
84) 693018700, 
85) 600838877, 
86) 339092160, 
87) 811087253, 
88) 814654095, 
89) 434112455, 
90) 424992005, 
91) 624377486, 
92) 593782151, 
93) 559266354, 
94) 784506243, 
95) 835755802, 
96) 649210476, 
97) 593899047, 
98) 710774113, 
99) 829812690, 
100) 531890186, 
101) 725790559, 
102) 845712305, 
103) 803310631, 
104) 655552548, 
105) 71444900, 
106) 858446364, 
107) 858164088, 
108) 468536798, 
109) 887424495, 
110) 901049473, 
111) 916541856, 
112) 933972383, 
113) 941808382, 
114) 815292579, 
115) 638124339, 
116) 801806144, 
117) 681250975, 
118) 691025713, 
119) 713762601, 
120) 606145515, 
121) 903585373, 
122) 447693598, 
123) 388865438, 
124) 1038968082, 
125) 970952660, 
126) 776727503, 
127) 1021639923, 
128) 922374396, 
129) 942315810, 
130) 359804214, 
131) 832182329, 
132) 939812857, 
133) 948512308, 
134) 776534317, 
135) 1033763965, 
136) 1055020307, 
137) 949373052, 
138) 1063713729, 
139) 1051281429, 
140) 1057894097, 
141) 1065055573, 
142) 1089090032, 
143) 1121228893, 
144) 1013405336, 
145) 758193179, 
146) 992050915, 
147) 983623956, 
148) 809085866, 
149) 1002916631, 
150) 803426559, 
151) 856422488, 
152) 297435090, 
153) 1230481298, 
154) 1208177429, 
155) 762605606, 
156) 904136001, 
157) 1236767243, 
158) 1245521659, 
159) 1251199086, 
160) 1188435266, 
161) 1035212052, 
162) 1102270847, 
163) 834275932, 
164) 1072729130, 
165) 1256479988, 
166) 1075754855, 
167) 740116812, 
168) 1263164939, 
169) 1165348571, 
170) 926614756, 
171) 1267535355, 
172) 284152230, 
173) 1258150553, 
174) 1296742544, 
175) 1367517001, 
176) 1108825747, 
177) 926386948, 
178) 1224548535, 
179) 1041743791, 
180) 1305471667, 
181) 1425619994, 
182) 745570412, 
183) 1393732615, 
184) 1303506706, 
185) 1289530663, 
186) 1267032693, 
187) 1445277234, 
188) 1459712757, 
189) 1052164545, 
190) 693352720, 
191) 1313145801, 
192) 402580745, 
193) 1270193430, 
194) 1228996665, 
195) 1210226359, 
196) 1469835637, 
197) 1252341242, 
198) 89857998, 
199) 1475101909, 
200) 1429849879, 
201) 1320293644, 
202) 246486491, 
203) 1439565045, 
204) 278170494, 
205) 1348080723, 
206) 1482435728, 
207) 903967265, 
208) 1026517108, 
209) 1514309573, 
210) 1222244536, 
211) 1432063555, 
212) 1535845066, 
213) 1428444651, 
214) 1454592651, 
215) 1492582820, 
216) 1456715584, 
217) 1493615717, 
218) 1538986110, 
219) 1432227378, 
220) 1309525291, 
221) 1341932994, 
222) 1068322401, 
223) 1504776142, 
224) 1539469436, 
225) 1533369865, 
226) 1462841840, 
227) 1322244916, 
228) 1355690294, 
229) 1368947620, 
230) 1172632003, 
231) 1065230106, 
232) 1556383566, 
233) 900621203, 
234) 1470795194, 
235) 1549274464, 
236) 1515358352, 
237) 1173383534, 
238) 1574493812, 
239) 87714001, 
240) 1463337481, 
241) 1413325615, 
242) 1467032445, 
243) 1500553674, 
244) 1614962083, 
245) 1515279187, 
246) 1453641912, 
247) 888333687, 
248) 1566618901, 
249) 1626156457, 
250) 1424429933, 
251) 1573500131, 
252) 1432006990, 
253) 1653807294, 
254) 1581328668, 
255) 1639411604, 
256) 1663581080, 
257) 1242153146, 
258) 1691107090, 
259) 1784962566, 
260) 1498147454, 
261) 1186106804, 
262) 1786797452, 
263) 1628452339, 
264) 1653363775, 
265) 1497879208, 
266) 1634346047, 
267) 1701620631, 
268) 1721865016, 
269) 1641979654, 
270) 1259566123, 
271) 1571422823, 
272) 1690479253, 
273) 1499300468, 
274) 1701939642, 
275) 1713531778, 
276) 1844062376, 
277) 1847449344, 
278) 1668839142, 
279) 1905349825, 
280) 1676280746, 
281) 1825690255, 
282) 1907434969, 
283) 1723692365, 
284) 1913388943, 
285) 1792599278, 
286) 1925748266, 
287) 1839260457, 
288) 1547094473, 
289) 1977915476, 
290) 1973359119, 
291) 1543279171, 
292) 1604780120, 
293) 2025624134, 
294) 1872021372, 
295) 1989903519, 
296) 1805574235, 
297) 1433924535, 
298) 1679482760, 
299) 2076024134, 
300) 1932773515, 
301) 2005333255, 
302) 1604309930, 
303) 1913412706, 
304) 1586810962, 
305) 1680590780, 
306) 1799478876, 
307) 1413544876, 
308) 2064245089, 
309) 1554591661, 
310) 1991841088, 
311) 1948849091, 
312) 2097402109, 
313) 1888997343, 
314) 2184020252, 
315) 1105907077, 
316) 1868436071, 
317) 2071164234, 
318) 2145084619, 
319) 1588681807, 
320) 2056012898, 
321) 2175184809, 
322) 2096149890, 
323) 1792711570, 
324) 2076900419, 
325) 2130917466, 
326) 2224429521, 
327) 2106201077, 
328) 1965965857, 
329) 2035418469, 
330) 2025249451, 
331) 2135285534, 
332) 2258576757, 
333) 1635002939, 
334) 1924579864, 
335) 1637026900, 
336) 2200253646, 
337) 2146251841, 
338) 2293109173, 
339) 2223571164, 
340) 2146974406, 
341) 2231973948, 
342) 1981383782, 
343) 2304842091, 
344) 2083261701, 
345) 2335342496, 
346) 1792880876, 
347) 1673946338, 
348) 2323618182, 
349) 2343103527, 
350) 2000224597, 
351) 1736697066, 
352) 1676877162, 
353) 2310354860, 
354) 1725224763, 
355) 2395775611, 
356) 2189356257, 
357) 2339548019, 
358) 2447177244, 
359) 2126707675, 
360) 2114161200, 
361) 2452461507, 
362) 2460928507, 
363) 2198946511, 
364) 2135391205, 
365) 1565785888, 
366) 1909189994, 
367) 2232810815, 
368) 1579737257, 
369) 2352800412, 
370) 2461037851, 
371) 1868118619, 
372) 1553407337, 
373) 2171761218, 
374) 2267772077, 
375) 2306796619, 
376) 2476428763, 
377) 2412482518, 
378) 2428052706, 
379) 2472523815, 
380) 2462005858, 
381) 2327992079, 
382) 2398822955, 
383) 2223812936, 
384) 2186516626, 
385) 1923680426, 
386) 2509963425, 
387) 2447856583, 
388) 2546675968, 
389) 2412842933, 
390) 2363706983, 
391) 2396368883, 
392) 2473293229, 
393) 2575132213, 
394) 2613287281, 
395) 2196919199, 
396) 2236726404, 
397) 2192431558, 
398) 2403151656, 
399) 2222693099, 
400) 2440231364, 
401) 2590416662, 
402) 2525171211, 
403) 2562655373, 
404) 2647423386, 
405) 2619017988, 
406) 2567335602, 
407) 2654448999, 
408) 2436171228, 
409) 2663496671, 
410) 2616471988, 
411) 2628231876, 
412) 2533897069, 
413) 2642443911, 
414) 2419885087, 
415) 2652164237, 
416) 2377147960, 
417) 2643769772, 
418) 2707389283, 
419) 2697470283, 
420) 2671938510, 
421) 2634311311, 
422) 2679262391, 
423) 2710928698, 
424) 2715587321, 
425) 2606232719, 
426) 2592841168, 
427) 2351744653, 
428) 2716302266, 
429) 2594143534, 
430) 2733274019, 
431) 2488462408, 
432) 2722501842, 
433) 2711513690, 
434) 2368033665, 
435) 2407647976, 
436) 2710836813, 
437) 2720308193, 
438) 2702168339, 
439) 2552703056, 
440) 2671321077, 
441) 2748445592, 
442) 2672845477, 
443) 2667043433, 
444) 2698769987, 
445) 2766344579, 
446) 2758240621, 
447) 2608576068, 
448) 2793789911, 
449) 2794132158, 
450) 2758425708, 
451) 2785221286, 
452) 2797892615, 
453) 2694350987, 
454) 2725622910, 
455) 2810647167, 
456) 2774562915, 
457) 2826247540, 
458) 2662036124, 
459) 2867475925, 
460) 2760610996, 
461) 2833287240, 
462) 2880345978, 
463) 2795106546, 
464) 2870464329, 
465) 2858271056, 
466) 2854739467, 
467) 2877962736, 
468) 2844692476, 
469) 2813679443, 
470) 2880538913, 
471) 2747845292, 
472) 2893167962, 
473) 2882443898, 
474) 2894555433, 
475) 2897404880, 
476) 2903820370, 
477) 2904218094, 
478) 2893048938, 
479) 2904737223, 
480) 2910062887, 
481) 2909876069, 
482) 2911847783, 
483) 2895554427, 
484) 2919769315, 
485) 2925422832, 
486) 2933985217, 
487) 2941608348, 
488) 2946441370, 
489) 2939981812, 
490) 2947129008, 
491) 2936105773, 
492) 2955564914, 
493) 2968406635, 
494) 2964151565, 
495) 2966749851, 
496) 2971418008, 
497) 2989372854, 
498) 2981787901, 
499) 2993911867, 
