Number of elements is 500
Type of array is reversed
Sorting algorithm - Shell
Running time of sorting algorithm is 23ms
0) 15505535, 
1) 14515265, 
2) 9407153, 
3) 6058129, 
4) 3012605, 
5) 1076454, 
6) 31185485, 
7) 32981764, 
8) 50230838, 
9) 60029188, 
10) 73821461, 
11) 80366598, 
12) 88492213, 
13) 89281373, 
14) 109754823, 
15) 99677562, 
16) 119417862, 
17) 138963493, 
18) 127315832, 
19) 141015440, 
20) 167010736, 
21) 155327279, 
22) 169286698, 
23) 171038498, 
24) 189951688, 
25) 188935365, 
26) 191548451, 
27) 196615421, 
28) 193424279, 
29) 204217656, 
30) 212222104, 
31) 213164362, 
32) 236067105, 
33) 229935110, 
34) 229116077, 
35) 228894956, 
36) 238009975, 
37) 238578215, 
38) 250016127, 
39) 256231438, 
40) 259048191, 
41) 256568935, 
42) 259898906, 
43) 279063365, 
44) 273065497, 
45) 283984952, 
46) 284993008, 
47) 302112576, 
48) 298258958, 
49) 296979053, 
50) 295931750, 
51) 318193572, 
52) 328028561, 
53) 338109580, 
54) 346273720, 
55) 367883092, 
56) 356782978, 
57) 381686151, 
58) 388130500, 
59) 385528683, 
60) 395468435, 
61) 399918480, 
62) 400388477, 
63) 428686673, 
64) 416538554, 
65) 406369870, 
66) 403167146, 
67) 434389973, 
68) 440655620, 
69) 455562411, 
70) 464783587, 
71) 472725288, 
72) 466781798, 
73) 473820818, 
74) 479103353, 
75) 479101228, 
76) 489561664, 
77) 503343259, 
78) 516191830, 
79) 514364109, 
80) 513640498, 
81) 509971977, 
82) 518691439, 
83) 524679110, 
84) 526622316, 
85) 530365557, 
86) 532803483, 
87) 532665742, 
88) 539046553, 
89) 547801189, 
90) 547125093, 
91) 559361712, 
92) 560331003, 
93) 561274280, 
94) 573615837, 
95) 570119050, 
96) 569911749, 
97) 567117515, 
98) 575501527, 
99) 581441714, 
100) 585501810, 
101) 588302524, 
102) 601981594, 
103) 588435080, 
104) 615360811, 
105) 619358506, 
106) 616673355, 
107) 625367966, 
108) 626248856, 
109) 653369729, 
110) 651372976, 
111) 632076268, 
112) 626323095, 
113) 653444046, 
114) 656356267, 
115) 667290560, 
116) 669540046, 
117) 683445144, 
118) 681981004, 
119) 698103830, 
120) 710871835, 
121) 706121377, 
122) 713575287, 
123) 725137339, 
124) 733689190, 
125) 750397315, 
126) 748294084, 
127) 747864389, 
128) 742884310, 
129) 741111680, 
130) 739393641, 
131) 760807165, 
132) 764744989, 
133) 768630327, 
134) 769309553, 
135) 773652801, 
136) 774400461, 
137) 775706679, 
138) 780699323, 
139) 797107111, 
140) 791444623, 
141) 809100347, 
142) 813322337, 
143) 812533872, 
144) 826298028, 
145) 831774876, 
146) 827359524, 
147) 838564580, 
148) 852881790, 
149) 862300269, 
150) 856511779, 
151) 869241056, 
152) 877079004, 
153) 873657353, 
154) 898267862, 
155) 920840511, 
156) 921228480, 
157) 938549535, 
158) 933308774, 
159) 932418928, 
160) 926516724, 
161) 948201249, 
162) 963541979, 
163) 970632173, 
164) 986256658, 
165) 1005787114, 
166) 1005126200, 
167) 1010431496, 
168) 1018648372, 
169) 1018538800, 
170) 1022904935, 
171) 1024280760, 
172) 1051574878, 
173) 1042460081, 
174) 1034119694, 
175) 1025027347, 
176) 1052346697, 
177) 1059212113, 
178) 1060482380, 
179) 1071468451, 
180) 1080080070, 
181) 1072662845, 
182) 1086060628, 
183) 1094424850, 
184) 1091225079, 
185) 1098734482, 
186) 1102234325, 
187) 1102965427, 
188) 1117176102, 
189) 1114719610, 
190) 1106457831, 
191) 1105290962, 
192) 1118423699, 
193) 1123112127, 
194) 1125148105, 
195) 1125206083, 
196) 1146760718, 
197) 1128740696, 
198) 1147286862, 
199) 1152452594, 
200) 1150921735, 
201) 1153371453, 
202) 1161171154, 
203) 1181847338, 
204) 1179696052, 
205) 1171236180, 
206) 1163634512, 
207) 1192096904, 
208) 1194051532, 
209) 1195607452, 
210) 1207278434, 
211) 1224715952, 
212) 1222335280, 
213) 1227462237, 
214) 1234282462, 
215) 1233298039, 
216) 1250673499, 
217) 1254861303, 
218) 1257570685, 
219) 1281543801, 
220) 1275923885, 
221) 1274756956, 
222) 1259975163, 
223) 1289107126, 
224) 1300368886, 
225) 1313261449, 
226) 1343698643, 
227) 1365032147, 
228) 1344146702, 
229) 1371912186, 
230) 1378179706, 
231) 1372893268, 
232) 1385491428, 
233) 1395210327, 
234) 1422052559, 
235) 1418931422, 
236) 1407190625, 
237) 1400909438, 
238) 1434788825, 
239) 1443618439, 
240) 1452120603, 
241) 1456523563, 
242) 1459374844, 
243) 1458357487, 
244) 1462280367, 
245) 1466549988, 
246) 1465894290, 
247) 1475431529, 
248) 1481332692, 
249) 1481998913, 
250) 1502647002, 
251) 1501293316, 
252) 1494220787, 
253) 1489506936, 
254) 1489316984, 
255) 1484349650, 
256) 1507256247, 
257) 1508596877, 
258) 1509778675, 
259) 1530345633, 
260) 1533786385, 
261) 1559220918, 
262) 1563340095, 
263) 1565374464, 
264) 1567582988, 
265) 1565477147, 
266) 1571841247, 
267) 1620770959, 
268) 1607846075, 
269) 1623529896, 
270) 1631599980, 
271) 1631513291, 
272) 1642993988, 
273) 1646990710, 
274) 1648329587, 
275) 1647074900, 
276) 1664346297, 
277) 1669931997, 
278) 1667445256, 
279) 1677589070, 
280) 1687587492, 
281) 1695945725, 
282) 1733432801, 
283) 1733014955, 
284) 1720559548, 
285) 1704735333, 
286) 1739042619, 
287) 1744387614, 
288) 1751490461, 
289) 1754836282, 
290) 1757864143, 
291) 1757308646, 
292) 1768723011, 
293) 1784992950, 
294) 1780626975, 
295) 1785477851, 
296) 1789922971, 
297) 1800497301, 
298) 1799125350, 
299) 1793779327, 
300) 1792049248, 
301) 1800503278, 
302) 1803202213, 
303) 1811966983, 
304) 1814844828, 
305) 1821747117, 
306) 1815014883, 
307) 1824676066, 
308) 1843767639, 
309) 1826751627, 
310) 1848025954, 
311) 1857738234, 
312) 1862792566, 
313) 1895633434, 
314) 1889046656, 
315) 1870362168, 
316) 1866635650, 
317) 1897548534, 
318) 1909219519, 
319) 1918491686, 
320) 1918859111, 
321) 1940301702, 
322) 1930429026, 
323) 1946705849, 
324) 1950592651, 
325) 1948009088, 
326) 1953754920, 
327) 1958610941, 
328) 1982633134, 
329) 1975873965, 
330) 1971313373, 
331) 1971222698, 
332) 1985409306, 
333) 1987901058, 
334) 1991629301, 
335) 1996613012, 
336) 2005288999, 
337) 2000730410, 
338) 2015077542, 
339) 2026993654, 
340) 2015211667, 
341) 2028773569, 
342) 2031435180, 
343) 2050320305, 
344) 2082827764, 
345) 2081305888, 
346) 2070641744, 
347) 2065947176, 
348) 2094222798, 
349) 2099362697, 
350) 2101967774, 
351) 2102993961, 
352) 2113103148, 
353) 2111428526, 
354) 2123045447, 
355) 2177150208, 
356) 2174548631, 
357) 2177282548, 
358) 2178464402, 
359) 2194883249, 
360) 2192659667, 
361) 2189336172, 
362) 2181491659, 
363) 2205590428, 
364) 2205623138, 
365) 2206270486, 
366) 2208094502, 
367) 2226932651, 
368) 2225184284, 
369) 2231208212, 
370) 2234485712, 
371) 2231933343, 
372) 2252275678, 
373) 2256341275, 
374) 2256578056, 
375) 2284247379, 
376) 2279926788, 
377) 2279636162, 
378) 2278939774, 
379) 2278740266, 
380) 2256867213, 
381) 2288729652, 
382) 2291139992, 
383) 2291735013, 
384) 2321297337, 
385) 2333725876, 
386) 2345879491, 
387) 2348557833, 
388) 2358180872, 
389) 2363256886, 
390) 2360187375, 
391) 2364654719, 
392) 2378317237, 
393) 2371311226, 
394) 2380652944, 
395) 2395762154, 
396) 2388853703, 
397) 2398706602, 
398) 2399549103, 
399) 2403261820, 
400) 2400536349, 
401) 2412890977, 
402) 2434844939, 
403) 2422900834, 
404) 2441036925, 
405) 2442466255, 
406) 2442834348, 
407) 2456211810, 
408) 2453098821, 
409) 2443269499, 
410) 2443010498, 
411) 2471636231, 
412) 2491155982, 
413) 2495813290, 
414) 2503826401, 
415) 2508093531, 
416) 2506067203, 
417) 2509892348, 
418) 2516590741, 
419) 2513056638, 
420) 2520134094, 
421) 2523944438, 
422) 2545531514, 
423) 2544429264, 
424) 2532264277, 
425) 2532194901, 
426) 2551618472, 
427) 2553859395, 
428) 2561667858, 
429) 2566584110, 
430) 2570121161, 
431) 2568610989, 
432) 2577186715, 
433) 2594280360, 
434) 2577427483, 
435) 2618199871, 
436) 2626596418, 
437) 2634640120, 
438) 2665986199, 
439) 2646972304, 
440) 2641157146, 
441) 2639214494, 
442) 2676262088, 
443) 2679477991, 
444) 2688966653, 
445) 2690872227, 
446) 2702135497, 
447) 2699909443, 
448) 2709678437, 
449) 2710944576, 
450) 2710339917, 
451) 2716270470, 
452) 2716461084, 
453) 2729100706, 
454) 2723600578, 
455) 2722806354, 
456) 2717666197, 
457) 2732123660, 
458) 2742081119, 
459) 2746792453, 
460) 2760223254, 
461) 2764724686, 
462) 2762247813, 
463) 2770180435, 
464) 2775557859, 
465) 2770249145, 
466) 2779311202, 
467) 2785583396, 
468) 2790029988, 
469) 2801867754, 
470) 2798425773, 
471) 2792660586, 
472) 2790865929, 
473) 2812388891, 
474) 2817087571, 
475) 2819039644, 
476) 2819128898, 
477) 2829323001, 
478) 2827413924, 
479) 2846052278, 
480) 2864833213, 
481) 2848013214, 
482) 2870770440, 
483) 2875972499, 
484) 2916402668, 
485) 2900720139, 
486) 2893681071, 
487) 2879805165, 
488) 2919350496, 
489) 2920944086, 
490) 2929022343, 
491) 2932171134, 
492) 2957496050, 
493) 2956746095, 
494) 2958179748, 
495) 2982863809, 
496) 2979067748, 
497) 2993085578, 
498) 2993834079, 
499) 2995889812, 
