Number of elements is 1000
Type of array is reversed
Sorting algorithm - Shell
Running time of sorting algorithm is 50ms
0) 7011542, 
1) 6947302, 
2) 3190078, 
3) 2962306, 
4) 1676753, 
5) 1169147, 
6) 12222494, 
7) 12565829, 
8) 12798911, 
9) 12884967, 
10) 16086927, 
11) 18447199, 
12) 23810757, 
13) 24630323, 
14) 32934037, 
15) 28407811, 
16) 33225392, 
17) 42336949, 
18) 42106317, 
19) 45201050, 
20) 49918928, 
21) 45929966, 
22) 53975262, 
23) 69333720, 
24) 75641909, 
25) 73248974, 
26) 75994054, 
27) 99280197, 
28) 94101533, 
29) 104148519, 
30) 106294480, 
31) 110928278, 
32) 115577727, 
33) 115276304, 
34) 114954299, 
35) 113979279, 
36) 117231623, 
37) 117740441, 
38) 118026748, 
39) 119073094, 
40) 122408340, 
41) 121121096, 
42) 122775997, 
43) 123863267, 
44) 123739864, 
45) 124488064, 
46) 124544506, 
47) 131029701, 
48) 130789844, 
49) 127026306, 
50) 126697415, 
51) 131917615, 
52) 133539574, 
53) 135305352, 
54) 137671214, 
55) 141533060, 
56) 140188890, 
57) 143487114, 
58) 151766930, 
59) 149030817, 
60) 158636273, 
61) 160494058, 
62) 173336670, 
63) 183075388, 
64) 177456314, 
65) 177387654, 
66) 174310509, 
67) 188802727, 
68) 189481789, 
69) 189994650, 
70) 214077865, 
71) 215403418, 
72) 215180113, 
73) 217254959, 
74) 220843158, 
75) 218373092, 
76) 223333296, 
77) 225664708, 
78) 243486147, 
79) 242585047, 
80) 242475363, 
81) 227534065, 
82) 245096222, 
83) 245472521, 
84) 249146516, 
85) 251514489, 
86) 255902619, 
87) 254535368, 
88) 259498101, 
89) 261586169, 
90) 259582602, 
91) 262317621, 
92) 262750066, 
93) 264334854, 
94) 276428347, 
95) 273604062, 
96) 271156018, 
97) 270623515, 
98) 277608897, 
99) 278732713, 
100) 280890043, 
101) 282287079, 
102) 284708542, 
103) 282299335, 
104) 285399881, 
105) 288043921, 
106) 285858781, 
107) 288274764, 
108) 290416461, 
109) 314587111, 
110) 312935751, 
111) 297036049, 
112) 296904625, 
113) 318482660, 
114) 321708581, 
115) 321767775, 
116) 322077832, 
117) 325042294, 
118) 322548673, 
119) 326055664, 
120) 331582816, 
121) 330206692, 
122) 332389074, 
123) 336540915, 
124) 339323308, 
125) 382544922, 
126) 381705131, 
127) 377999269, 
128) 359438539, 
129) 355610991, 
130) 346695589, 
131) 382782863, 
132) 388606175, 
133) 389659732, 
134) 395109496, 
135) 399362514, 
136) 401239170, 
137) 401313603, 
138) 401325952, 
139) 412596498, 
140) 412068716, 
141) 413597360, 
142) 416460146, 
143) 415921067, 
144) 417202118, 
145) 420082763, 
146) 418832613, 
147) 430904066, 
148) 436652735, 
149) 443362460, 
150) 442118488, 
151) 444371091, 
152) 449975262, 
153) 446908097, 
154) 454215456, 
155) 461060864, 
156) 469236359, 
157) 480544660, 
158) 474564805, 
159) 473316535, 
160) 471521578, 
161) 481754739, 
162) 487892002, 
163) 492899927, 
164) 497139794, 
165) 510308344, 
166) 498325263, 
167) 512922590, 
168) 515337274, 
169) 512925325, 
170) 520267293, 
171) 527720555, 
172) 552682099, 
173) 552616657, 
174) 548938409, 
175) 528576420, 
176) 558069468, 
177) 564048229, 
178) 564788801, 
179) 576849383, 
180) 577306907, 
181) 577027266, 
182) 578041737, 
183) 583515218, 
184) 579926459, 
185) 583965596, 
186) 594661068, 
187) 594752164, 
188) 599930609, 
189) 599070013, 
190) 598728555, 
191) 597119139, 
192) 601572205, 
193) 609859835, 
194) 611495527, 
195) 613908052, 
196) 620921959, 
197) 614431718, 
198) 622194195, 
199) 632317811, 
200) 631566647, 
201) 633161402, 
202) 639019258, 
203) 646850479, 
204) 646173715, 
205) 640487054, 
206) 640459133, 
207) 647886328, 
208) 657053592, 
209) 657478478, 
210) 659571630, 
211) 662557020, 
212) 660630163, 
213) 664999084, 
214) 676905756, 
215) 667467410, 
216) 677539895, 
217) 677886042, 
218) 679981148, 
219) 695245136, 
220) 690415742, 
221) 683033334, 
222) 682608041, 
223) 707292075, 
224) 708172395, 
225) 708673093, 
226) 715556694, 
227) 728799216, 
228) 726075609, 
229) 729668528, 
230) 750488258, 
231) 746539111, 
232) 751198550, 
233) 753983582, 
234) 764658457, 
235) 759828674, 
236) 757903848, 
237) 756237367, 
238) 769054935, 
239) 770390695, 
240) 771799822, 
241) 771852244, 
242) 775701500, 
243) 775509855, 
244) 781202784, 
245) 784426206, 
246) 782341000, 
247) 795042342, 
248) 797454879, 
249) 807637895, 
250) 827177653, 
251) 826134768, 
252) 816428544, 
253) 812546190, 
254) 809884686, 
255) 808091935, 
256) 827939716, 
257) 829761398, 
258) 831491648, 
259) 833347019, 
260) 833456520, 
261) 839173073, 
262) 840170817, 
263) 843873013, 
264) 855531639, 
265) 851099310, 
266) 861532993, 
267) 870993005, 
268) 865055812, 
269) 875331278, 
270) 880851841, 
271) 880812842, 
272) 881633560, 
273) 888517120, 
274) 889951469, 
275) 889494836, 
276) 891662376, 
277) 904672524, 
278) 898500860, 
279) 909009914, 
280) 912783679, 
281) 914769195, 
282) 923084119, 
283) 917213520, 
284) 916799468, 
285) 915745826, 
286) 924052797, 
287) 931567591, 
288) 933776994, 
289) 935534493, 
290) 940196818, 
291) 935946810, 
292) 941887242, 
293) 958820904, 
294) 948798254, 
295) 962993809, 
296) 964377560, 
297) 975665731, 
298) 975442074, 
299) 972471033, 
300) 965587592, 
301) 975776952, 
302) 982020342, 
303) 982245313, 
304) 984182363, 
305) 991434208, 
306) 991027746, 
307) 1003434893, 
308) 1014483613, 
309) 1005099250, 
310) 1015244319, 
311) 1015359436, 
312) 1015511861, 
313) 1027184893, 
314) 1023754218, 
315) 1022568923, 
316) 1022443102, 
317) 1027886750, 
318) 1032401764, 
319) 1033332158, 
320) 1034164085, 
321) 1040432222, 
322) 1037857520, 
323) 1043196204, 
324) 1045775734, 
325) 1043370957, 
326) 1047930539, 
327) 1052935996, 
328) 1061344757, 
329) 1060266771, 
330) 1059670837, 
331) 1054616977, 
332) 1061995191, 
333) 1062685624, 
334) 1063616206, 
335) 1065411128, 
336) 1067551232, 
337) 1065568093, 
338) 1077382908, 
339) 1080081557, 
340) 1079547498, 
341) 1080964704, 
342) 1082997966, 
343) 1087650985, 
344) 1093087339, 
345) 1091439818, 
346) 1091380776, 
347) 1088283086, 
348) 1094432177, 
349) 1096699512, 
350) 1098093822, 
351) 1100231927, 
352) 1103025160, 
353) 1102600043, 
354) 1103648588, 
355) 1111226272, 
356) 1105133254, 
357) 1116248713, 
358) 1121667230, 
359) 1137177657, 
360) 1134094694, 
361) 1132380892, 
362) 1124946336, 
363) 1139868134, 
364) 1141202682, 
365) 1141995681, 
366) 1142641358, 
367) 1144103228, 
368) 1143057802, 
369) 1145154884, 
370) 1147193876, 
371) 1146534424, 
372) 1148016253, 
373) 1148116457, 
374) 1155070732, 
375) 1170289350, 
376) 1168451230, 
377) 1167897902, 
378) 1161853293, 
379) 1157415914, 
380) 1157063218, 
381) 1173145877, 
382) 1175304292, 
383) 1176635314, 
384) 1178494521, 
385) 1185790469, 
386) 1189820875, 
387) 1192845246, 
388) 1194706757, 
389) 1199779815, 
390) 1198477336, 
391) 1199964825, 
392) 1205996610, 
393) 1202864401, 
394) 1208431156, 
395) 1212978256, 
396) 1211568084, 
397) 1216591686, 
398) 1235518279, 
399) 1247460994, 
400) 1237172774, 
401) 1247772070, 
402) 1250472308, 
403) 1250399426, 
404) 1251076103, 
405) 1258268411, 
406) 1263095782, 
407) 1275564423, 
408) 1272741839, 
409) 1272220646, 
410) 1266775930, 
411) 1277292970, 
412) 1283416450, 
413) 1285079414, 
414) 1287221758, 
415) 1292814280, 
416) 1288542982, 
417) 1294601837, 
418) 1296659430, 
419) 1295433810, 
420) 1304801854, 
421) 1306855432, 
422) 1316578130, 
423) 1316354892, 
424) 1313173352, 
425) 1307166534, 
426) 1317568753, 
427) 1320182304, 
428) 1328364519, 
429) 1332513835, 
430) 1338596030, 
431) 1333000700, 
432) 1340601608, 
433) 1343055120, 
434) 1342388051, 
435) 1343163718, 
436) 1344275377, 
437) 1344492002, 
438) 1355558607, 
439) 1353835451, 
440) 1349669872, 
441) 1348464946, 
442) 1356643824, 
443) 1356961285, 
444) 1362453116, 
445) 1370207829, 
446) 1382936975, 
447) 1371961750, 
448) 1384314224, 
449) 1388436524, 
450) 1385134990, 
451) 1398171891, 
452) 1398266701, 
453) 1406931192, 
454) 1404377849, 
455) 1403233439, 
456) 1400537922, 
457) 1422968429, 
458) 1425631921, 
459) 1426036534, 
460) 1427749490, 
461) 1430669145, 
462) 1427982543, 
463) 1433674911, 
464) 1438389500, 
465) 1436003654, 
466) 1444009651, 
467) 1451524082, 
468) 1457929067, 
469) 1462558309, 
470) 1461770538, 
471) 1461469347, 
472) 1461069234, 
473) 1464536791, 
474) 1464862585, 
475) 1465069350, 
476) 1465921166, 
477) 1476094560, 
478) 1472294615, 
479) 1476913533, 
480) 1483667476, 
481) 1480762181, 
482) 1483752983, 
483) 1486926782, 
484) 1504530365, 
485) 1495734636, 
486) 1492825518, 
487) 1492232176, 
488) 1505685726, 
489) 1507748857, 
490) 1508403984, 
491) 1510916460, 
492) 1515797895, 
493) 1513823707, 
494) 1521429509, 
495) 1526844900, 
496) 1526780918, 
497) 1526940471, 
498) 1529767960, 
499) 1531315624, 
500) 1542475108, 
501) 1542461653, 
502) 1537999710, 
503) 1537273628, 
504) 1535963987, 
505) 1533580284, 
506) 1542962591, 
507) 1543161224, 
508) 1543772052, 
509) 1547348292, 
510) 1549411249, 
511) 1550301083, 
512) 1552632400, 
513) 1555793295, 
514) 1560065648, 
515) 1558503220, 
516) 1561244584, 
517) 1567167008, 
518) 1562636204, 
519) 1567704870, 
520) 1569663196, 
521) 1569459223, 
522) 1569928233, 
523) 1571219414, 
524) 1573168393, 
525) 1571227590, 
526) 1576926983, 
527) 1585849477, 
528) 1581248598, 
529) 1589867624, 
530) 1591544650, 
531) 1592034013, 
532) 1612503023, 
533) 1600233910, 
534) 1595979868, 
535) 1594033709, 
536) 1613519470, 
537) 1616658981, 
538) 1617517611, 
539) 1618055908, 
540) 1620240717, 
541) 1618973667, 
542) 1620873307, 
543) 1626293382, 
544) 1622655744, 
545) 1632210929, 
546) 1645109467, 
547) 1657443522, 
548) 1656542602, 
549) 1649716223, 
550) 1646121015, 
551) 1657477540, 
552) 1659004370, 
553) 1661799950, 
554) 1662763752, 
555) 1665017157, 
556) 1664607083, 
557) 1671812456, 
558) 1673866912, 
559) 1671922114, 
560) 1674388527, 
561) 1681281316, 
562) 1681536031, 
563) 1693283774, 
564) 1690064364, 
565) 1689016513, 
566) 1688357186, 
567) 1693463997, 
568) 1700512420, 
569) 1704865268, 
570) 1709728180, 
571) 1711434397, 
572) 1710543370, 
573) 1711693281, 
574) 1712891791, 
575) 1711754090, 
576) 1715931164, 
577) 1717898528, 
578) 1728117681, 
579) 1727225484, 
580) 1722559905, 
581) 1718168351, 
582) 1728330877, 
583) 1729537784, 
584) 1730414735, 
585) 1732543104, 
586) 1740769823, 
587) 1734862469, 
588) 1742855028, 
589) 1743854217, 
590) 1742898189, 
591) 1744802900, 
592) 1753242506, 
593) 1756219169, 
594) 1764748112, 
595) 1764589444, 
596) 1762682169, 
597) 1761150806, 
598) 1767796176, 
599) 1768150757, 
600) 1769061028, 
601) 1774477636, 
602) 1779552219, 
603) 1776971493, 
604) 1783372822, 
605) 1784904841, 
606) 1783467500, 
607) 1787278264, 
608) 1790610833, 
609) 1800302156, 
610) 1793617676, 
611) 1793350177, 
612) 1791841970, 
613) 1802193751, 
614) 1813281303, 
615) 1815409443, 
616) 1819419962, 
617) 1823133538, 
618) 1821646266, 
619) 1826375136, 
620) 1827665807, 
621) 1827637472, 
622) 1830896011, 
623) 1836336737, 
624) 1838578645, 
625) 1852539346, 
626) 1850300475, 
627) 1847029576, 
628) 1844352982, 
629) 1843312634, 
630) 1838672881, 
631) 1854400519, 
632) 1858454296, 
633) 1860424933, 
634) 1869436094, 
635) 1871040070, 
636) 1871762963, 
637) 1873774356, 
638) 1874060394, 
639) 1886214589, 
640) 1882722266, 
641) 1897337360, 
642) 1903448814, 
643) 1901063893, 
644) 1903931077, 
645) 1906462214, 
646) 1906153958, 
647) 1927683795, 
648) 1931043428, 
649) 1934222900, 
650) 1933906119, 
651) 1934787526, 
652) 1937932722, 
653) 1936692582, 
654) 1939967406, 
655) 1941626457, 
656) 1944586829, 
657) 1953126985, 
658) 1950823109, 
659) 1950390132, 
660) 1947514492, 
661) 1954771444, 
662) 1959942462, 
663) 1959961336, 
664) 1963879945, 
665) 1966032648, 
666) 1964649919, 
667) 1970554733, 
668) 1976027225, 
669) 1971699129, 
670) 1978483695, 
671) 1979953761, 
672) 2002351121, 
673) 1994042650, 
674) 1988784746, 
675) 1985552484, 
676) 2002392692, 
677) 2003546210, 
678) 2009747247, 
679) 2012440851, 
680) 2026119699, 
681) 2013469602, 
682) 2031326442, 
683) 2034012133, 
684) 2033595720, 
685) 2044751930, 
686) 2045296274, 
687) 2049211451, 
688) 2062130670, 
689) 2059465928, 
690) 2058990456, 
691) 2057970848, 
692) 2063419150, 
693) 2064566338, 
694) 2069134498, 
695) 2069711849, 
696) 2075728052, 
697) 2069868190, 
698) 2076853149, 
699) 2087395834, 
700) 2079587920, 
701) 2092341973, 
702) 2092672790, 
703) 2103025809, 
704) 2096583634, 
705) 2094555646, 
706) 2093162531, 
707) 2103611068, 
708) 2105878913, 
709) 2112013516, 
710) 2113648348, 
711) 2127340055, 
712) 2117702298, 
713) 2132746192, 
714) 2139135349, 
715) 2133146085, 
716) 2141829233, 
717) 2146391367, 
718) 2149818642, 
719) 2157302624, 
720) 2156606276, 
721) 2152537691, 
722) 2151816830, 
723) 2158097371, 
724) 2158491179, 
725) 2161720116, 
726) 2167854838, 
727) 2177910661, 
728) 2173555175, 
729) 2181687636, 
730) 2188015973, 
731) 2185861781, 
732) 2188715686, 
733) 2190940005, 
734) 2205844335, 
735) 2197388564, 
736) 2197160783, 
737) 2196756321, 
738) 2211912550, 
739) 2214829055, 
740) 2215614279, 
741) 2218834846, 
742) 2225102089, 
743) 2222558358, 
744) 2225755341, 
745) 2229994324, 
746) 2229875588, 
747) 2230732487, 
748) 2234699112, 
749) 2243194746, 
750) 2284649560, 
751) 2274035827, 
752) 2272851985, 
753) 2265333840, 
754) 2253488142, 
755) 2246813687, 
756) 2284855660, 
757) 2286443740, 
758) 2286513107, 
759) 2291084766, 
760) 2297687460, 
761) 2299805094, 
762) 2300594013, 
763) 2301061627, 
764) 2302740268, 
765) 2302612839, 
766) 2303968448, 
767) 2307712608, 
768) 2303996044, 
769) 2310093442, 
770) 2312954656, 
771) 2311058127, 
772) 2313200853, 
773) 2317736723, 
774) 2318948083, 
775) 2317971955, 
776) 2321017764, 
777) 2333513665, 
778) 2332923403, 
779) 2339852677, 
780) 2341481817, 
781) 2342034984, 
782) 2350362179, 
783) 2349351616, 
784) 2349188633, 
785) 2347344833, 
786) 2351241766, 
787) 2354438604, 
788) 2356031409, 
789) 2369423706, 
790) 2375635799, 
791) 2369668700, 
792) 2377082826, 
793) 2383605315, 
794) 2382246884, 
795) 2385160336, 
796) 2387339843, 
797) 2404117103, 
798) 2402565106, 
799) 2393297057, 
800) 2391103250, 
801) 2404347025, 
802) 2404798961, 
803) 2407166632, 
804) 2408608646, 
805) 2416393866, 
806) 2412846712, 
807) 2419107627, 
808) 2425283016, 
809) 2425083562, 
810) 2435420290, 
811) 2435719058, 
812) 2436554466, 
813) 2453255598, 
814) 2445105208, 
815) 2442770108, 
816) 2438956919, 
817) 2454576508, 
818) 2454832782, 
819) 2455932739, 
820) 2457170026, 
821) 2461737845, 
822) 2459840329, 
823) 2469549784, 
824) 2475388560, 
825) 2471245793, 
826) 2476946920, 
827) 2477018112, 
828) 2497976005, 
829) 2488656241, 
830) 2485722570, 
831) 2479497575, 
832) 2502734187, 
833) 2510974460, 
834) 2515005263, 
835) 2529573646, 
836) 2531338031, 
837) 2530213308, 
838) 2536418453, 
839) 2540402793, 
840) 2539876032, 
841) 2542382516, 
842) 2542953486, 
843) 2550647463, 
844) 2558037912, 
845) 2555470765, 
846) 2552626411, 
847) 2551514374, 
848) 2560857197, 
849) 2561769985, 
850) 2564896895, 
851) 2567457363, 
852) 2572324619, 
853) 2569683621, 
854) 2572842939, 
855) 2575060591, 
856) 2572856619, 
857) 2575492478, 
858) 2575996238, 
859) 2589732734, 
860) 2588080155, 
861) 2587112600, 
862) 2585546526, 
863) 2590969261, 
864) 2594072806, 
865) 2604980206, 
866) 2607537779, 
867) 2615481356, 
868) 2613491160, 
869) 2617316493, 
870) 2628373963, 
871) 2618445084, 
872) 2628772560, 
873) 2634541135, 
874) 2634726425, 
875) 2653014140, 
876) 2650215275, 
877) 2645784092, 
878) 2644091487, 
879) 2638450508, 
880) 2636648679, 
881) 2654711575, 
882) 2654968904, 
883) 2657001600, 
884) 2658611018, 
885) 2663684000, 
886) 2669733062, 
887) 2669929003, 
888) 2670773599, 
889) 2681249616, 
890) 2677637349, 
891) 2684734458, 
892) 2688779522, 
893) 2686247262, 
894) 2689738494, 
895) 2692601892, 
896) 2690574985, 
897) 2696946917, 
898) 2697248554, 
899) 2707360020, 
900) 2702656145, 
901) 2711273829, 
902) 2718210791, 
903) 2714678700, 
904) 2723184563, 
905) 2725030361, 
906) 2725269187, 
907) 2734535772, 
908) 2734090011, 
909) 2730719310, 
910) 2728677366, 
911) 2735778913, 
912) 2741680496, 
913) 2743512792, 
914) 2743654140, 
915) 2752952949, 
916) 2752185037, 
917) 2753388774, 
918) 2762288146, 
919) 2754057881, 
920) 2770237040, 
921) 2773285863, 
922) 2784163716, 
923) 2778886548, 
924) 2776499778, 
925) 2773291761, 
926) 2787611706, 
927) 2788777908, 
928) 2790157332, 
929) 2793521669, 
930) 2799136923, 
931) 2794083013, 
932) 2806183911, 
933) 2811526297, 
934) 2808696353, 
935) 2812133131, 
936) 2812929328, 
937) 2816073521, 
938) 2818180640, 
939) 2817643358, 
940) 2816231367, 
941) 2816144487, 
942) 2819101837, 
943) 2822789478, 
944) 2825434450, 
945) 2826478937, 
946) 2840520515, 
947) 2835144677, 
948) 2843120625, 
949) 2852223071, 
950) 2848608596, 
951) 2853724917, 
952) 2854922086, 
953) 2861576889, 
954) 2860235810, 
955) 2858375487, 
956) 2855125688, 
957) 2861758878, 
958) 2862262276, 
959) 2875774463, 
960) 2882027996, 
961) 2890039728, 
962) 2885241448, 
963) 2890843179, 
964) 2900581147, 
965) 2893648116, 
966) 2904826893, 
967) 2907226220, 
968) 2907851751, 
969) 2921788975, 
970) 2921197348, 
971) 2916065513, 
972) 2912871363, 
973) 2923863750, 
974) 2925073725, 
975) 2932020026, 
976) 2936281286, 
977) 2937924564, 
978) 2937919826, 
979) 2941067082, 
980) 2952651867, 
981) 2942326676, 
982) 2954374341, 
983) 2955495489, 
984) 2974299164, 
985) 2973608703, 
986) 2972737446, 
987) 2956614136, 
988) 2977671936, 
989) 2977877176, 
990) 2980284053, 
991) 2985047771, 
992) 2989183772, 
993) 2985528603, 
994) 2991046118, 
995) 2994185870, 
996) 2992394942, 
997) 2996138588, 
998) 2998914269, 
999) 2999202066, 
