Number of elements is 5000
Type of array is reversed
Sorting algorithm - Shell
Running time of sorting algorithm is 318ms
0) 1041887, 
1) 704874, 
2) 516286, 
3) 293946, 
4) 289973, 
5) 1160775, 
6) 2021333, 
7) 2346376, 
8) 2384238, 
9) 2519012, 
10) 2584055, 
11) 2763219, 
12) 3996087, 
13) 4312891, 
14) 6719609, 
15) 6994152, 
16) 8251366, 
17) 9818013, 
18) 10011534, 
19) 10360083, 
20) 11223303, 
21) 12601402, 
22) 13767923, 
23) 14212136, 
24) 15699005, 
25) 15790033, 
26) 16612233, 
27) 17825369, 
28) 18040534, 
29) 19255927, 
30) 19772149, 
31) 20353274, 
32) 21483484, 
33) 21830513, 
34) 22021210, 
35) 22214025, 
36) 23084803, 
37) 24301320, 
38) 24430715, 
39) 25308235, 
40) 26185233, 
41) 26016065, 
42) 25481550, 
43) 26545459, 
44) 27757184, 
45) 27956321, 
46) 30105539, 
47) 31970307, 
48) 32388245, 
49) 33690964, 
50) 34469043, 
51) 34474828, 
52) 34654830, 
53) 36320408, 
54) 36328464, 
55) 36863770, 
56) 36871745, 
57) 37047687, 
58) 37364571, 
59) 38488195, 
60) 37789301, 
61) 37582792, 
62) 39582716, 
63) 40453906, 
64) 40661808, 
65) 41966593, 
66) 42676547, 
67) 42753180, 
68) 43315379, 
69) 44802134, 
70) 45049427, 
71) 45407296, 
72) 46023976, 
73) 46512619, 
74) 46607390, 
75) 46848487, 
76) 47956238, 
77) 48915879, 
78) 49160809, 
79) 51064872, 
80) 50611275, 
81) 49723885, 
82) 51732945, 
83) 54231612, 
84) 54513607, 
85) 55177836, 
86) 56684187, 
87) 56762458, 
88) 57365537, 
89) 57508701, 
90) 58182920, 
91) 58369464, 
92) 58502888, 
93) 58709961, 
94) 59511964, 
95) 59927195, 
96) 60048106, 
97) 61267946, 
98) 63752857, 
99) 62990055, 
100) 61646170, 
101) 64658085, 
102) 65194432, 
103) 65404043, 
104) 66401606, 
105) 66597215, 
106) 68076037, 
107) 68458717, 
108) 68898509, 
109) 69075531, 
110) 72308765, 
111) 72706995, 
112) 73281957, 
113) 73461172, 
114) 73870030, 
115) 74406759, 
116) 74713682, 
117) 74809748, 
118) 75974083, 
119) 75182344, 
120) 75109965, 
121) 76492712, 
122) 77222518, 
123) 78430128, 
124) 80486019, 
125) 80988002, 
126) 81102845, 
127) 81596833, 
128) 81934789, 
129) 82531197, 
130) 82951207, 
131) 83256281, 
132) 84951857, 
133) 85195308, 
134) 85607941, 
135) 86608474, 
136) 86761585, 
137) 87791175, 
138) 86964713, 
139) 86873949, 
140) 89416385, 
141) 89417120, 
142) 90005667, 
143) 90447897, 
144) 91122165, 
145) 91720834, 
146) 91751939, 
147) 92061620, 
148) 92061801, 
149) 92194948, 
150) 92473689, 
151) 92858862, 
152) 93091212, 
153) 93140293, 
154) 94331125, 
155) 95086066, 
156) 95469411, 
157) 96739407, 
158) 96276782, 
159) 95941533, 
160) 97665152, 
161) 97757593, 
162) 98567547, 
163) 98919744, 
164) 99168345, 
165) 99224569, 
166) 99432593, 
167) 100189407, 
168) 100360054, 
169) 101416818, 
170) 102604426, 
171) 102738640, 
172) 102995921, 
173) 103412666, 
174) 103780641, 
175) 103868055, 
176) 104586055, 
177) 104530672, 
178) 103974616, 
179) 104634757, 
180) 105374379, 
181) 105846092, 
182) 106047237, 
183) 106932055, 
184) 107170003, 
185) 107688967, 
186) 109392258, 
187) 110145282, 
188) 110327486, 
189) 113872238, 
190) 115056218, 
191) 115280547, 
192) 115689484, 
193) 116748038, 
194) 116886897, 
195) 117909329, 
196) 119364480, 
197) 119301351, 
198) 118695591, 
199) 120539787, 
200) 121136854, 
201) 122030957, 
202) 124833134, 
203) 126964796, 
204) 127874818, 
205) 127945413, 
206) 128932118, 
207) 130682181, 
208) 131093735, 
209) 131402151, 
210) 131516784, 
211) 132215640, 
212) 133429707, 
213) 133510541, 
214) 134209454, 
215) 137535703, 
216) 137428399, 
217) 134297402, 
218) 137860840, 
219) 138356235, 
220) 139419105, 
221) 139489124, 
222) 140672881, 
223) 141206360, 
224) 141822324, 
225) 142102693, 
226) 142253690, 
227) 143002240, 
228) 143143781, 
229) 144711882, 
230) 145077368, 
231) 145690823, 
232) 145709041, 
233) 146016134, 
234) 146406416, 
235) 147883443, 
236) 146781631, 
237) 146738870, 
238) 148667596, 
239) 149000718, 
240) 149219109, 
241) 149502416, 
242) 149738676, 
243) 149936155, 
244) 149937600, 
245) 150958244, 
246) 151007459, 
247) 152430990, 
248) 154198835, 
249) 154234208, 
250) 154679620, 
251) 155162596, 
252) 155435693, 
253) 155804042, 
254) 157982611, 
255) 155995455, 
256) 155841672, 
257) 158359926, 
258) 158368920, 
259) 158958878, 
260) 159705443, 
261) 160699931, 
262) 161015885, 
263) 162424006, 
264) 163210072, 
265) 165555840, 
266) 167070306, 
267) 169457977, 
268) 170104081, 
269) 170207471, 
270) 171261668, 
271) 171535705, 
272) 172269260, 
273) 172372256, 
274) 175839869, 
275) 173098965, 
276) 172723668, 
277) 175935549, 
278) 176073223, 
279) 176696670, 
280) 177570387, 
281) 178632675, 
282) 178763823, 
283) 178842140, 
284) 179204257, 
285) 180031380, 
286) 180767521, 
287) 180845702, 
288) 180920574, 
289) 180958489, 
290) 181171667, 
291) 181697436, 
292) 183790429, 
293) 185198656, 
294) 184783938, 
295) 183974398, 
296) 186087167, 
297) 186114554, 
298) 186294374, 
299) 186327875, 
300) 188511260, 
301) 188530963, 
302) 188998523, 
303) 189913839, 
304) 191797622, 
305) 191949165, 
306) 192398540, 
307) 192427358, 
308) 192763652, 
309) 192797449, 
310) 193125424, 
311) 193546721, 
312) 193747585, 
313) 195380003, 
314) 195191226, 
315) 194450983, 
316) 195474743, 
317) 196291688, 
318) 196729943, 
319) 197047195, 
320) 197641104, 
321) 198033159, 
322) 198545559, 
323) 198947134, 
324) 199258804, 
325) 199964128, 
326) 200060863, 
327) 200723732, 
328) 201757418, 
329) 204043005, 
330) 204158047, 
331) 204352308, 
332) 204869523, 
333) 204383879, 
334) 204356512, 
335) 205147659, 
336) 205521350, 
337) 205914249, 
338) 208262266, 
339) 208505426, 
340) 209081940, 
341) 210213813, 
342) 210599075, 
343) 211764781, 
344) 213482666, 
345) 214370171, 
346) 215258984, 
347) 216052526, 
348) 217013841, 
349) 217479144, 
350) 218084353, 
351) 218361409, 
352) 219519989, 
353) 219291612, 
354) 218453295, 
355) 219972773, 
356) 221380482, 
357) 225442023, 
358) 226304595, 
359) 226993127, 
360) 227551163, 
361) 228262587, 
362) 228406830, 
363) 229030053, 
364) 229519426, 
365) 229886946, 
366) 229976492, 
367) 230059891, 
368) 230646418, 
369) 232345250, 
370) 233239605, 
371) 235571626, 
372) 233809074, 
373) 233385012, 
374) 235628878, 
375) 236287763, 
376) 236590533, 
377) 236974845, 
378) 236993978, 
379) 237195000, 
380) 237353392, 
381) 237490671, 
382) 237691334, 
383) 238187631, 
384) 238447703, 
385) 240074254, 
386) 240254645, 
387) 240388073, 
388) 240530963, 
389) 240623032, 
390) 241539109, 
391) 243962926, 
392) 243351972, 
393) 242279018, 
394) 245582679, 
395) 245586272, 
396) 245917410, 
397) 246209232, 
398) 247267956, 
399) 247455352, 
400) 247512608, 
401) 247887829, 
402) 248073735, 
403) 248234625, 
404) 248723346, 
405) 249093904, 
406) 250494755, 
407) 251622987, 
408) 251871900, 
409) 252015392, 
410) 255448056, 
411) 254994864, 
412) 254026799, 
413) 257512195, 
414) 258613756, 
415) 259232979, 
416) 259458643, 
417) 260588207, 
418) 260687663, 
419) 261447811, 
420) 262192153, 
421) 263577037, 
422) 264303675, 
423) 264634753, 
424) 266315534, 
425) 267068535, 
426) 267418312, 
427) 267849635, 
428) 269238234, 
429) 270393593, 
430) 272801337, 
431) 272179271, 
432) 270651949, 
433) 273242021, 
434) 274842925, 
435) 274959498, 
436) 274992235, 
437) 275188038, 
438) 276389810, 
439) 276892921, 
440) 276927732, 
441) 277774461, 
442) 279260887, 
443) 280248047, 
444) 280345086, 
445) 281537054, 
446) 282135635, 
447) 282581277, 
448) 282636329, 
449) 283513499, 
450) 283352086, 
451) 283228374, 
452) 283948441, 
453) 284189322, 
454) 284229385, 
455) 284429111, 
456) 284529306, 
457) 284563020, 
458) 286051646, 
459) 286610868, 
460) 287104661, 
461) 287954978, 
462) 288465189, 
463) 288477046, 
464) 288854667, 
465) 290315767, 
466) 290425791, 
467) 291301114, 
468) 292474323, 
469) 293670597, 
470) 293222663, 
471) 293080517, 
472) 293685601, 
473) 294379787, 
474) 295070550, 
475) 295708242, 
476) 295792228, 
477) 295963694, 
478) 296527096, 
479) 296903162, 
480) 297130413, 
481) 297228591, 
482) 297366997, 
483) 297510805, 
484) 297767621, 
485) 300690042, 
486) 302747001, 
487) 303293748, 
488) 305922755, 
489) 305830329, 
490) 303724267, 
491) 306045232, 
492) 307502719, 
493) 308379399, 
494) 308495449, 
495) 310160776, 
496) 310464070, 
497) 311287270, 
498) 311406421, 
499) 312563697, 
500) 312671316, 
501) 312960868, 
502) 313817574, 
503) 314298536, 
504) 314759487, 
505) 314866561, 
506) 316006229, 
507) 316737092, 
508) 318233588, 
509) 318189843, 
510) 316909726, 
511) 318889466, 
512) 319065634, 
513) 320091768, 
514) 320195253, 
515) 320649916, 
516) 320895513, 
517) 322005369, 
518) 322655896, 
519) 322878756, 
520) 323484793, 
521) 324751942, 
522) 324840476, 
523) 325469671, 
524) 325476214, 
525) 326775148, 
526) 327920162, 
527) 329193923, 
528) 328567813, 
529) 328355392, 
530) 329494731, 
531) 329772027, 
532) 329860724, 
533) 331032764, 
534) 332303874, 
535) 334639171, 
536) 335049947, 
537) 335430066, 
538) 335661997, 
539) 336098643, 
540) 338570695, 
541) 339289956, 
542) 340290663, 
543) 342043620, 
544) 342926943, 
545) 343170792, 
546) 344535611, 
547) 347621918, 
548) 345613042, 
549) 344560662, 
550) 348070342, 
551) 348892635, 
552) 348899536, 
553) 349454862, 
554) 349804485, 
555) 350087419, 
556) 350089369, 
557) 350381358, 
558) 353031115, 
559) 353198964, 
560) 353835522, 
561) 354501971, 
562) 354572562, 
563) 354754578, 
564) 355590061, 
565) 356310812, 
566) 358790617, 
567) 358503617, 
568) 357033614, 
569) 360264968, 
570) 360309455, 
571) 360738712, 
572) 360830266, 
573) 360839565, 
574) 361142672, 
575) 361872956, 
576) 363037000, 
577) 363236679, 
578) 364512283, 
579) 364793250, 
580) 364845635, 
581) 365190991, 
582) 366602803, 
583) 367513492, 
584) 367972395, 
585) 369394564, 
586) 371366152, 
587) 370911247, 
588) 370148276, 
589) 373244508, 
590) 373331900, 
591) 373692272, 
592) 375154781, 
593) 375776252, 
594) 376097390, 
595) 376113465, 
596) 376952109, 
597) 378363981, 
598) 379317132, 
599) 379346218, 
600) 380042570, 
601) 380312858, 
602) 380473375, 
603) 381595705, 
604) 382920530, 
605) 383473484, 
606) 383321236, 
607) 383050613, 
608) 387061643, 
609) 387085545, 
610) 387238392, 
611) 387654750, 
612) 388556888, 
613) 388966062, 
614) 389000054, 
615) 390323438, 
616) 390775558, 
617) 390793989, 
618) 391097015, 
619) 391296072, 
620) 392842644, 
621) 393612547, 
622) 393834494, 
623) 394505677, 
624) 395255639, 
625) 397361817, 
626) 397094352, 
627) 396612913, 
628) 396220161, 
629) 395591530, 
630) 397384618, 
631) 398099108, 
632) 398425214, 
633) 398827674, 
634) 398965094, 
635) 399517839, 
636) 401237884, 
637) 401534335, 
638) 401610765, 
639) 402211271, 
640) 402649585, 
641) 403056117, 
642) 405294245, 
643) 405385862, 
644) 405393534, 
645) 405835325, 
646) 407859009, 
647) 408224952, 
648) 408287610, 
649) 408352239, 
650) 409013315, 
651) 409140333, 
652) 409440008, 
653) 409525330, 
654) 410381794, 
655) 411015528, 
656) 411048827, 
657) 411392591, 
658) 411477842, 
659) 412399895, 
660) 412784975, 
661) 414750966, 
662) 415944394, 
663) 416912226, 
664) 417515073, 
665) 419749284, 
666) 418771130, 
667) 418070020, 
668) 420768152, 
669) 420787756, 
670) 420894911, 
671) 421014744, 
672) 421020868, 
673) 421382634, 
674) 421468574, 
675) 423712930, 
676) 424693059, 
677) 425127923, 
678) 425376496, 
679) 425698923, 
680) 426499002, 
681) 428307565, 
682) 428696787, 
683) 428721620, 
684) 429434196, 
685) 429174307, 
686) 429079993, 
687) 429981907, 
688) 430013795, 
689) 430870601, 
690) 431041735, 
691) 431687777, 
692) 433046468, 
693) 433050134, 
694) 433346575, 
695) 433838642, 
696) 433890005, 
697) 436751472, 
698) 437017033, 
699) 437134424, 
700) 437187309, 
701) 437245535, 
702) 437503827, 
703) 438078262, 
704) 440063726, 
705) 439308332, 
706) 439189247, 
707) 440429065, 
708) 441168147, 
709) 442368786, 
710) 443787260, 
711) 443983650, 
712) 444606943, 
713) 445281433, 
714) 445775523, 
715) 445802709, 
716) 446045619, 
717) 446742612, 
718) 446975800, 
719) 447335645, 
720) 448703701, 
721) 449681044, 
722) 450338584, 
723) 451990992, 
724) 451723322, 
725) 451525715, 
726) 452875724, 
727) 452938274, 
728) 453500079, 
729) 453522992, 
730) 453871116, 
731) 453908393, 
732) 454455204, 
733) 454630681, 
734) 455132288, 
735) 456994562, 
736) 458333056, 
737) 458364514, 
738) 460437068, 
739) 461202206, 
740) 462285711, 
741) 463058945, 
742) 464102298, 
743) 466327229, 
744) 466082249, 
745) 464706925, 
746) 466876751, 
747) 468793282, 
748) 470009689, 
749) 470037105, 
750) 470056946, 
751) 470955373, 
752) 471201672, 
753) 471230714, 
754) 471624654, 
755) 471882742, 
756) 472236499, 
757) 472380388, 
758) 472627258, 
759) 473221126, 
760) 474323352, 
761) 474677932, 
762) 475871082, 
763) 475458008, 
764) 474981371, 
765) 476173313, 
766) 476692396, 
767) 477223862, 
768) 479566593, 
769) 479658305, 
770) 479662979, 
771) 479747971, 
772) 480091883, 
773) 480290052, 
774) 480674433, 
775) 481126368, 
776) 483648202, 
777) 483790328, 
778) 483955869, 
779) 485210411, 
780) 485283440, 
781) 485885661, 
782) 489165023, 
783) 487753304, 
784) 486377040, 
785) 489653390, 
786) 489869881, 
787) 491095308, 
788) 491169610, 
789) 491672134, 
790) 493127729, 
791) 493538893, 
792) 493928902, 
793) 494311204, 
794) 494553557, 
795) 495216465, 
796) 496345756, 
797) 496719183, 
798) 498207392, 
799) 498283134, 
800) 498490969, 
801) 500253145, 
802) 500186009, 
803) 498940437, 
804) 500677997, 
805) 502325906, 
806) 502855688, 
807) 504043694, 
808) 504549675, 
809) 504830373, 
810) 505097984, 
811) 507015306, 
812) 507416762, 
813) 507668442, 
814) 507695743, 
815) 507748225, 
816) 508325307, 
817) 509032935, 
818) 510429160, 
819) 510557942, 
820) 511963478, 
821) 514713867, 
822) 514623567, 
823) 514322926, 
824) 514963582, 
825) 515147714, 
826) 515757910, 
827) 516244857, 
828) 516451494, 
829) 516926293, 
830) 517611950, 
831) 517615511, 
832) 518202579, 
833) 518836428, 
834) 519181237, 
835) 520049637, 
836) 520343926, 
837) 521285020, 
838) 522220814, 
839) 522262541, 
840) 523442568, 
841) 523208503, 
842) 522303071, 
843) 523559353, 
844) 525823041, 
845) 526112567, 
846) 526147585, 
847) 528562888, 
848) 528731862, 
849) 530168904, 
850) 530298406, 
851) 531526410, 
852) 531923859, 
853) 532623902, 
854) 534137722, 
855) 534943744, 
856) 536331216, 
857) 536690293, 
858) 536986352, 
859) 538191947, 
860) 539322733, 
861) 538949235, 
862) 538911789, 
863) 539330859, 
864) 539659527, 
865) 540462692, 
866) 541550614, 
867) 541570415, 
868) 543542858, 
869) 543669440, 
870) 544880753, 
871) 545015687, 
872) 545070074, 
873) 545163903, 
874) 546278990, 
875) 547962496, 
876) 548023038, 
877) 548208531, 
878) 548503856, 
879) 549374945, 
880) 549223823, 
881) 548676862, 
882) 549449518, 
883) 549460098, 
884) 549831108, 
885) 550392668, 
886) 550678203, 
887) 551549034, 
888) 552725206, 
889) 553013803, 
890) 553378924, 
891) 553605192, 
892) 553717179, 
893) 554207442, 
894) 554568328, 
895) 555360530, 
896) 555921532, 
897) 556079829, 
898) 556615117, 
899) 559012337, 
900) 558590764, 
901) 557016114, 
902) 559138519, 
903) 560260126, 
904) 560329508, 
905) 560372076, 
906) 561012624, 
907) 562922245, 
908) 562977023, 
909) 563092675, 
910) 563116329, 
911) 563185832, 
912) 563383272, 
913) 563536550, 
914) 564137974, 
915) 564247316, 
916) 564481753, 
917) 565107163, 
918) 567653931, 
919) 567294209, 
920) 567086321, 
921) 567980041, 
922) 568785420, 
923) 569352024, 
924) 569476395, 
925) 570597178, 
926) 571447545, 
927) 572064943, 
928) 572541656, 
929) 572695094, 
930) 573054186, 
931) 574661721, 
932) 575367766, 
933) 575628468, 
934) 576291208, 
935) 576628682, 
936) 577111926, 
937) 577274995, 
938) 578058788, 
939) 577636273, 
940) 577635918, 
941) 579208068, 
942) 579773798, 
943) 579891973, 
944) 580045642, 
945) 580134867, 
946) 580145606, 
947) 580943643, 
948) 581743134, 
949) 582222848, 
950) 584432464, 
951) 584796603, 
952) 584814111, 
953) 584814437, 
954) 584942439, 
955) 585473626, 
956) 585518625, 
957) 590419517, 
958) 588883569, 
959) 586776555, 
960) 592541055, 
961) 594857610, 
962) 595061296, 
963) 595922703, 
964) 596733615, 
965) 596967641, 
966) 599200902, 
967) 599459945, 
968) 600415273, 
969) 601020003, 
970) 601288657, 
971) 603144252, 
972) 603872013, 
973) 604142572, 
974) 605121402, 
975) 605145756, 
976) 605919885, 
977) 607211391, 
978) 606631602, 
979) 606333000, 
980) 607738248, 
981) 608317951, 
982) 608332081, 
983) 608357850, 
984) 608702956, 
985) 608806241, 
986) 609149337, 
987) 609272808, 
988) 609326196, 
989) 610438304, 
990) 611160741, 
991) 611286569, 
992) 611972286, 
993) 612268685, 
994) 612405773, 
995) 612604242, 
996) 613857500, 
997) 613451909, 
998) 613206439, 
999) 615262693, 
1000) 616280494, 
1001) 616533854, 
1002) 616651839, 
1003) 617803927, 
1004) 619160190, 
1005) 619214901, 
1006) 620531191, 
1007) 621058931, 
1008) 621108355, 
1009) 621982371, 
1010) 623311512, 
1011) 624593618, 
1012) 624756203, 
1013) 624948576, 
1014) 625019245, 
1015) 626998993, 
1016) 631102252, 
1017) 631057015, 
1018) 627690538, 
1019) 631565968, 
1020) 631841396, 
1021) 632352716, 
1022) 633644273, 
1023) 633699442, 
1024) 634159967, 
1025) 634302102, 
1026) 634698087, 
1027) 634880453, 
1028) 635477021, 
1029) 636265043, 
1030) 637582734, 
1031) 638325641, 
1032) 638676970, 
1033) 639726080, 
1034) 639896363, 
1035) 640931550, 
1036) 640906452, 
1037) 640900631, 
1038) 641363606, 
1039) 641980401, 
1040) 642514682, 
1041) 643386065, 
1042) 643445684, 
1043) 643809681, 
1044) 644710152, 
1045) 645590306, 
1046) 645875280, 
1047) 647253182, 
1048) 648569339, 
1049) 648753727, 
1050) 649090431, 
1051) 649178773, 
1052) 651661961, 
1053) 653092123, 
1054) 653370087, 
1055) 654143831, 
1056) 653944412, 
1057) 653578654, 
1058) 654268813, 
1059) 655876419, 
1060) 656974259, 
1061) 657264689, 
1062) 660065581, 
1063) 660317554, 
1064) 660490322, 
1065) 660572487, 
1066) 660832131, 
1067) 661224543, 
1068) 661542530, 
1069) 661765661, 
1070) 662169455, 
1071) 663338628, 
1072) 663996460, 
1073) 664141041, 
1074) 668380961, 
1075) 665436037, 
1076) 665020513, 
1077) 668688099, 
1078) 668696751, 
1079) 670491833, 
1080) 671798075, 
1081) 671861752, 
1082) 672044860, 
1083) 672425094, 
1084) 672816289, 
1085) 673547701, 
1086) 673679029, 
1087) 673787317, 
1088) 674868175, 
1089) 675456162, 
1090) 675700946, 
1091) 676327644, 
1092) 676815864, 
1093) 677021597, 
1094) 678490702, 
1095) 677788982, 
1096) 677161353, 
1097) 679939216, 
1098) 680033971, 
1099) 680167940, 
1100) 680278766, 
1101) 680465499, 
1102) 680564639, 
1103) 680826413, 
1104) 681495830, 
1105) 682231653, 
1106) 682276143, 
1107) 683534236, 
1108) 684723645, 
1109) 685055526, 
1110) 685062590, 
1111) 685694227, 
1112) 685777688, 
1113) 686562860, 
1114) 686316431, 
1115) 685830647, 
1116) 686735541, 
1117) 687264532, 
1118) 687284873, 
1119) 688159868, 
1120) 689171928, 
1121) 689177422, 
1122) 689188657, 
1123) 689300290, 
1124) 689921675, 
1125) 689939482, 
1126) 690014970, 
1127) 690026221, 
1128) 690130439, 
1129) 691199428, 
1130) 691866715, 
1131) 692177087, 
1132) 692384764, 
1133) 693697070, 
1134) 693253063, 
1135) 692538379, 
1136) 693990003, 
1137) 694009039, 
1138) 694374995, 
1139) 694778607, 
1140) 695020797, 
1141) 697108486, 
1142) 697763707, 
1143) 697923163, 
1144) 698597248, 
1145) 700802475, 
1146) 700978476, 
1147) 701197009, 
1148) 701343015, 
1149) 701572638, 
1150) 701913278, 
1151) 702283968, 
1152) 704999273, 
1153) 703625029, 
1154) 703250709, 
1155) 706581507, 
1156) 706993457, 
1157) 707730392, 
1158) 708393713, 
1159) 708679012, 
1160) 708724473, 
1161) 709116907, 
1162) 709156934, 
1163) 709874368, 
1164) 710199933, 
1165) 710628809, 
1166) 711953596, 
1167) 713113274, 
1168) 713139876, 
1169) 713162404, 
1170) 715328045, 
1171) 715903731, 
1172) 716702922, 
1173) 716308332, 
1174) 715966267, 
1175) 717381738, 
1176) 718201288, 
1177) 718507207, 
1178) 719726366, 
1179) 720062177, 
1180) 720951461, 
1181) 721400124, 
1182) 722261974, 
1183) 722292553, 
1184) 722797394, 
1185) 722883931, 
1186) 724819701, 
1187) 724899840, 
1188) 725361543, 
1189) 726070200, 
1190) 726284935, 
1191) 727538598, 
1192) 727203789, 
1193) 726320169, 
1194) 727832966, 
1195) 728367951, 
1196) 728860988, 
1197) 728989480, 
1198) 729432311, 
1199) 729895141, 
1200) 730329279, 
1201) 731175778, 
1202) 731402352, 
1203) 732780707, 
1204) 732856265, 
1205) 733125303, 
1206) 733441822, 
1207) 733464022, 
1208) 733876945, 
1209) 734418589, 
1210) 734476371, 
1211) 737378379, 
1212) 737250596, 
1213) 735655293, 
1214) 737999999, 
1215) 738728774, 
1216) 740114554, 
1217) 741597637, 
1218) 741719717, 
1219) 741935572, 
1220) 742409476, 
1221) 742920631, 
1222) 743088486, 
1223) 743482053, 
1224) 744505478, 
1225) 744727012, 
1226) 744998860, 
1227) 745166618, 
1228) 745475762, 
1229) 745697851, 
1230) 747282587, 
1231) 747137489, 
1232) 746094851, 
1233) 747909977, 
1234) 748073641, 
1235) 748508282, 
1236) 748572154, 
1237) 749476145, 
1238) 749792778, 
1239) 749864169, 
1240) 750009383, 
1241) 750312404, 
1242) 750319881, 
1243) 750532872, 
1244) 750645318, 
1245) 750940035, 
1246) 751195583, 
1247) 751942714, 
1248) 752145853, 
1249) 752794743, 
1250) 756718677, 
1251) 756324621, 
1252) 753917394, 
1253) 753556598, 
1254) 753500949, 
1255) 757313680, 
1256) 757975528, 
1257) 758089562, 
1258) 759134540, 
1259) 760025450, 
1260) 760889327, 
1261) 761647039, 
1262) 762296564, 
1263) 762495328, 
1264) 762892400, 
1265) 765437361, 
1266) 765491072, 
1267) 765495064, 
1268) 766710295, 
1269) 767103481, 
1270) 767568266, 
1271) 770245194, 
1272) 770460316, 
1273) 771080427, 
1274) 771271115, 
1275) 771385452, 
1276) 771551759, 
1277) 771769840, 
1278) 772529344, 
1279) 774489970, 
1280) 775158505, 
1281) 775867440, 
1282) 779457530, 
1283) 780041809, 
1284) 780102658, 
1285) 781731723, 
1286) 782313577, 
1287) 782845324, 
1288) 783775432, 
1289) 784952226, 
1290) 786877126, 
1291) 785730422, 
1292) 785517129, 
1293) 787169378, 
1294) 787921499, 
1295) 788436419, 
1296) 789208641, 
1297) 789294691, 
1298) 789894915, 
1299) 790365380, 
1300) 793974124, 
1301) 794136479, 
1302) 794535956, 
1303) 795066784, 
1304) 795311296, 
1305) 795518574, 
1306) 795535604, 
1307) 795927186, 
1308) 796272497, 
1309) 796816387, 
1310) 796784344, 
1311) 796452525, 
1312) 796852562, 
1313) 797442388, 
1314) 797580880, 
1315) 799065420, 
1316) 799396767, 
1317) 799415065, 
1318) 799494095, 
1319) 800409132, 
1320) 800535389, 
1321) 801020357, 
1322) 801039269, 
1323) 801195534, 
1324) 801309389, 
1325) 801684238, 
1326) 802322594, 
1327) 802334045, 
1328) 802806240, 
1329) 804277976, 
1330) 803173004, 
1331) 803158158, 
1332) 804563242, 
1333) 804721483, 
1334) 806681378, 
1335) 806919355, 
1336) 807225896, 
1337) 808399214, 
1338) 808463424, 
1339) 809210954, 
1340) 810018092, 
1341) 810024712, 
1342) 811989402, 
1343) 813450132, 
1344) 813627015, 
1345) 813675360, 
1346) 814050588, 
1347) 814224588, 
1348) 816693631, 
1349) 816183425, 
1350) 815074913, 
1351) 816783869, 
1352) 817147676, 
1353) 817546994, 
1354) 818442607, 
1355) 818599831, 
1356) 819524597, 
1357) 819647175, 
1358) 821057311, 
1359) 821964056, 
1360) 822644804, 
1361) 823068506, 
1362) 823133365, 
1363) 825631664, 
1364) 826928021, 
1365) 827009575, 
1366) 827800543, 
1367) 828235267, 
1368) 830453424, 
1369) 829440000, 
1370) 829025075, 
1371) 830573171, 
1372) 831339115, 
1373) 833207808, 
1374) 833591423, 
1375) 835757149, 
1376) 836749050, 
1377) 838152369, 
1378) 838674672, 
1379) 840039852, 
1380) 840115086, 
1381) 840196960, 
1382) 840327588, 
1383) 840475615, 
1384) 840789696, 
1385) 842512982, 
1386) 842889691, 
1387) 848310532, 
1388) 846328409, 
1389) 844470176, 
1390) 849345382, 
1391) 849486217, 
1392) 850536681, 
1393) 850611390, 
1394) 850914271, 
1395) 853105182, 
1396) 853213867, 
1397) 853374275, 
1398) 853816171, 
1399) 854392755, 
1400) 854981543, 
1401) 854986467, 
1402) 856219023, 
1403) 857239333, 
1404) 857882977, 
1405) 858130610, 
1406) 860830690, 
1407) 861946721, 
1408) 861287981, 
1409) 861101327, 
1410) 864314446, 
1411) 864376463, 
1412) 864580437, 
1413) 865783367, 
1414) 865864497, 
1415) 866325151, 
1416) 866563143, 
1417) 867981674, 
1418) 868210634, 
1419) 868442041, 
1420) 868515228, 
1421) 868747578, 
1422) 869093203, 
1423) 869242708, 
1424) 870125773, 
1425) 870280905, 
1426) 874751147, 
1427) 873106321, 
1428) 873103983, 
1429) 875055789, 
1430) 876529699, 
1431) 877350651, 
1432) 878452701, 
1433) 878836254, 
1434) 878919751, 
1435) 879319766, 
1436) 880353112, 
1437) 882053777, 
1438) 882527143, 
1439) 882904860, 
1440) 884512082, 
1441) 886002854, 
1442) 886928824, 
1443) 886966776, 
1444) 887078774, 
1445) 887848843, 
1446) 888477000, 
1447) 888426012, 
1448) 888399819, 
1449) 888775188, 
1450) 889551818, 
1451) 890549356, 
1452) 890550955, 
1453) 890611934, 
1454) 890861073, 
1455) 891292952, 
1456) 891327725, 
1457) 892091443, 
1458) 892158832, 
1459) 892356650, 
1460) 892401997, 
1461) 893187469, 
1462) 894129319, 
1463) 895301891, 
1464) 895649150, 
1465) 897435124, 
1466) 896807724, 
1467) 895926281, 
1468) 898272187, 
1469) 898624042, 
1470) 899362054, 
1471) 899986660, 
1472) 901615830, 
1473) 901819504, 
1474) 902285201, 
1475) 903921125, 
1476) 904496393, 
1477) 904825768, 
1478) 905180114, 
1479) 905865933, 
1480) 906646402, 
1481) 906719676, 
1482) 907729413, 
1483) 907847651, 
1484) 908281577, 
1485) 909777693, 
1486) 909297789, 
1487) 909123053, 
1488) 911330921, 
1489) 912184839, 
1490) 912198302, 
1491) 913202166, 
1492) 913500125, 
1493) 914192715, 
1494) 914461935, 
1495) 915638485, 
1496) 916414610, 
1497) 916462403, 
1498) 918186104, 
1499) 918285609, 
1500) 919412126, 
1501) 919446935, 
1502) 919499905, 
1503) 923013248, 
1504) 926064481, 
1505) 925785044, 
1506) 925689101, 
1507) 926662774, 
1508) 927098692, 
1509) 927313901, 
1510) 928043812, 
1511) 928280521, 
1512) 929029361, 
1513) 929036563, 
1514) 929529655, 
1515) 930451102, 
1516) 930571661, 
1517) 930776106, 
1518) 930898464, 
1519) 934359445, 
1520) 934783711, 
1521) 935017128, 
1522) 935304633, 
1523) 935603774, 
1524) 936226784, 
1525) 935984639, 
1526) 935721399, 
1527) 936621548, 
1528) 936784576, 
1529) 936838630, 
1530) 937115890, 
1531) 937323571, 
1532) 937442414, 
1533) 937475017, 
1534) 938604937, 
1535) 938753529, 
1536) 938965454, 
1537) 940301968, 
1538) 944528490, 
1539) 945754778, 
1540) 945948918, 
1541) 946469265, 
1542) 947771060, 
1543) 950609408, 
1544) 949039711, 
1545) 947870236, 
1546) 950676473, 
1547) 951690381, 
1548) 952604374, 
1549) 953284928, 
1550) 953603435, 
1551) 954575317, 
1552) 955054130, 
1553) 955531212, 
1554) 955780833, 
1555) 956722609, 
1556) 957233584, 
1557) 957300116, 
1558) 957823300, 
1559) 957912240, 
1560) 958615626, 
1561) 959002786, 
1562) 959506442, 
1563) 960519327, 
1564) 960068756, 
1565) 960044905, 
1566) 961749657, 
1567) 961981507, 
1568) 963855793, 
1569) 964398269, 
1570) 964443480, 
1571) 965150102, 
1572) 967157043, 
1573) 969007645, 
1574) 969132149, 
1575) 969565673, 
1576) 971529151, 
1577) 971566827, 
1578) 972284478, 
1579) 973640557, 
1580) 975056122, 
1581) 975229535, 
1582) 976040848, 
1583) 975986990, 
1584) 975942654, 
1585) 977283365, 
1586) 977375211, 
1587) 977624664, 
1588) 979064895, 
1589) 979236142, 
1590) 979391157, 
1591) 980837605, 
1592) 981069754, 
1593) 982614044, 
1594) 982657752, 
1595) 982902244, 
1596) 983600952, 
1597) 983831541, 
1598) 984288558, 
1599) 984851359, 
1600) 985545823, 
1601) 985563031, 
1602) 988729110, 
1603) 988206489, 
1604) 986041862, 
1605) 989305871, 
1606) 989391589, 
1607) 989868169, 
1608) 989994438, 
1609) 990344586, 
1610) 990998370, 
1611) 992062070, 
1612) 992406028, 
1613) 992493540, 
1614) 992616463, 
1615) 992958282, 
1616) 994822543, 
1617) 996980458, 
1618) 998158261, 
1619) 998262368, 
1620) 999685758, 
1621) 1002207802, 
1622) 1001519735, 
1623) 1000334712, 
1624) 1002315345, 
1625) 1002417511, 
1626) 1005044035, 
1627) 1005928693, 
1628) 1006193527, 
1629) 1007053209, 
1630) 1007355595, 
1631) 1007990098, 
1632) 1008518485, 
1633) 1008730775, 
1634) 1008760277, 
1635) 1009417129, 
1636) 1009543906, 
1637) 1009878371, 
1638) 1010070620, 
1639) 1010808834, 
1640) 1010925347, 
1641) 1013473164, 
1642) 1012895485, 
1643) 1012079042, 
1644) 1015439621, 
1645) 1016411171, 
1646) 1016740769, 
1647) 1017953991, 
1648) 1018458855, 
1649) 1018570755, 
1650) 1019110941, 
1651) 1019348490, 
1652) 1019764773, 
1653) 1020294248, 
1654) 1021728717, 
1655) 1022650499, 
1656) 1023190823, 
1657) 1023227647, 
1658) 1023485435, 
1659) 1023674100, 
1660) 1025749374, 
1661) 1025739743, 
1662) 1024707814, 
1663) 1025814916, 
1664) 1025860818, 
1665) 1025903448, 
1666) 1027846006, 
1667) 1028702208, 
1668) 1029205688, 
1669) 1029425891, 
1670) 1029483124, 
1671) 1029706166, 
1672) 1030716848, 
1673) 1031216014, 
1674) 1032514218, 
1675) 1032671579, 
1676) 1033107339, 
1677) 1033343565, 
1678) 1033870208, 
1679) 1035092854, 
1680) 1036360988, 
1681) 1035421859, 
1682) 1035221846, 
1683) 1037007892, 
1684) 1038029585, 
1685) 1038138142, 
1686) 1038721573, 
1687) 1039312213, 
1688) 1039409788, 
1689) 1039486238, 
1690) 1040194670, 
1691) 1040302011, 
1692) 1041395715, 
1693) 1041440901, 
1694) 1042109621, 
1695) 1044717097, 
1696) 1045348943, 
1697) 1045360446, 
1698) 1045682895, 
1699) 1046621266, 
1700) 1045881622, 
1701) 1045752512, 
1702) 1046816570, 
1703) 1047492469, 
1704) 1047629387, 
1705) 1048696199, 
1706) 1052083500, 
1707) 1053009013, 
1708) 1054292000, 
1709) 1054701915, 
1710) 1054741228, 
1711) 1055509540, 
1712) 1056139308, 
1713) 1056519163, 
1714) 1056606160, 
1715) 1057588543, 
1716) 1058811407, 
1717) 1059275410, 
1718) 1061312142, 
1719) 1062072016, 
1720) 1061945578, 
1721) 1061666548, 
1722) 1062253533, 
1723) 1062842135, 
1724) 1063564404, 
1725) 1063955526, 
1726) 1064015499, 
1727) 1064643551, 
1728) 1064791925, 
1729) 1064803107, 
1730) 1064942312, 
1731) 1065513996, 
1732) 1065564395, 
1733) 1065729195, 
1734) 1066463243, 
1735) 1067695968, 
1736) 1068711813, 
1737) 1068802032, 
1738) 1070081859, 
1739) 1069926665, 
1740) 1069128709, 
1741) 1071836277, 
1742) 1072440011, 
1743) 1073118482, 
1744) 1073358256, 
1745) 1073774516, 
1746) 1074239401, 
1747) 1075956396, 
1748) 1076138795, 
1749) 1079137259, 
1750) 1080086253, 
1751) 1080293951, 
1752) 1081074147, 
1753) 1081938475, 
1754) 1082451912, 
1755) 1082848096, 
1756) 1083120836, 
1757) 1083870653, 
1758) 1084641835, 
1759) 1084536693, 
1760) 1084305518, 
1761) 1084875042, 
1762) 1085165680, 
1763) 1085394417, 
1764) 1086296949, 
1765) 1087504232, 
1766) 1087617406, 
1767) 1088238299, 
1768) 1091225128, 
1769) 1091575297, 
1770) 1091646814, 
1771) 1093476391, 
1772) 1093723215, 
1773) 1093725265, 
1774) 1094043088, 
1775) 1094158123, 
1776) 1095490305, 
1777) 1098379778, 
1778) 1098245332, 
1779) 1096085507, 
1780) 1098748593, 
1781) 1098852669, 
1782) 1099659596, 
1783) 1099717308, 
1784) 1100528631, 
1785) 1101200172, 
1786) 1101365758, 
1787) 1101383725, 
1788) 1102480414, 
1789) 1102960703, 
1790) 1103421591, 
1791) 1103589862, 
1792) 1103720856, 
1793) 1106066803, 
1794) 1106275898, 
1795) 1107117812, 
1796) 1107150925, 
1797) 1107864663, 
1798) 1107608958, 
1799) 1107315212, 
1800) 1107869266, 
1801) 1108415665, 
1802) 1109430645, 
1803) 1110063493, 
1804) 1110379943, 
1805) 1110387886, 
1806) 1110400134, 
1807) 1110597932, 
1808) 1110896775, 
1809) 1111287583, 
1810) 1111450778, 
1811) 1111727820, 
1812) 1113297504, 
1813) 1113920039, 
1814) 1114033743, 
1815) 1114556058, 
1816) 1115750242, 
1817) 1115324217, 
1818) 1114973075, 
1819) 1116023536, 
1820) 1116160773, 
1821) 1119334647, 
1822) 1120081024, 
1823) 1120190371, 
1824) 1121650549, 
1825) 1124298775, 
1826) 1124585658, 
1827) 1126266124, 
1828) 1128017162, 
1829) 1128076424, 
1830) 1128282870, 
1831) 1129055022, 
1832) 1129325363, 
1833) 1129766282, 
1834) 1130065013, 
1835) 1131418158, 
1836) 1132880974, 
1837) 1131810630, 
1838) 1131584503, 
1839) 1133281773, 
1840) 1133314801, 
1841) 1133695537, 
1842) 1134502747, 
1843) 1134620705, 
1844) 1134974171, 
1845) 1136202573, 
1846) 1136621094, 
1847) 1136811906, 
1848) 1138063043, 
1849) 1138149794, 
1850) 1138168856, 
1851) 1138276340, 
1852) 1138371893, 
1853) 1139183454, 
1854) 1139212574, 
1855) 1140586590, 
1856) 1140160335, 
1857) 1139596776, 
1858) 1140720253, 
1859) 1141365023, 
1860) 1141753588, 
1861) 1142087184, 
1862) 1142867349, 
1863) 1143758167, 
1864) 1144127958, 
1865) 1145852980, 
1866) 1147130569, 
1867) 1148903293, 
1868) 1150566591, 
1869) 1150878106, 
1870) 1150922752, 
1871) 1151244360, 
1872) 1151752417, 
1873) 1151992795, 
1874) 1153596139, 
1875) 1155249838, 
1876) 1154435699, 
1877) 1154025205, 
1878) 1153753073, 
1879) 1153701310, 
1880) 1155962590, 
1881) 1156118300, 
1882) 1156119862, 
1883) 1156629390, 
1884) 1156689387, 
1885) 1156761113, 
1886) 1156908382, 
1887) 1156924473, 
1888) 1157068980, 
1889) 1157390561, 
1890) 1157565905, 
1891) 1159424032, 
1892) 1159739039, 
1893) 1161166456, 
1894) 1161336960, 
1895) 1161797810, 
1896) 1163595649, 
1897) 1163956229, 
1898) 1164198529, 
1899) 1164569612, 
1900) 1165654736, 
1901) 1165730694, 
1902) 1165998246, 
1903) 1166062224, 
1904) 1166705422, 
1905) 1166847406, 
1906) 1166882564, 
1907) 1166926782, 
1908) 1167826854, 
1909) 1168728372, 
1910) 1169644921, 
1911) 1169864730, 
1912) 1170109975, 
1913) 1170459893, 
1914) 1170745689, 
1915) 1171441429, 
1916) 1171165427, 
1917) 1171069941, 
1918) 1173175789, 
1919) 1174062251, 
1920) 1174317604, 
1921) 1176654826, 
1922) 1177887908, 
1923) 1179022320, 
1924) 1179125193, 
1925) 1179148603, 
1926) 1180318631, 
1927) 1180549838, 
1928) 1180603603, 
1929) 1181573532, 
1930) 1182362474, 
1931) 1182435943, 
1932) 1185112604, 
1933) 1188382675, 
1934) 1190425761, 
1935) 1190300938, 
1936) 1189167237, 
1937) 1192027020, 
1938) 1192383339, 
1939) 1192405840, 
1940) 1194726909, 
1941) 1194860450, 
1942) 1194897256, 
1943) 1195224150, 
1944) 1195248557, 
1945) 1195313630, 
1946) 1195786422, 
1947) 1195867814, 
1948) 1196058744, 
1949) 1196070386, 
1950) 1196396541, 
1951) 1196546798, 
1952) 1196927779, 
1953) 1197453891, 
1954) 1201025064, 
1955) 1198850560, 
1956) 1197791641, 
1957) 1201105269, 
1958) 1202269607, 
1959) 1202669609, 
1960) 1203540149, 
1961) 1204225588, 
1962) 1205129360, 
1963) 1205732423, 
1964) 1207574423, 
1965) 1208162028, 
1966) 1208601066, 
1967) 1208632168, 
1968) 1208776596, 
1969) 1209797935, 
1970) 1209822504, 
1971) 1209908778, 
1972) 1210579328, 
1973) 1211489880, 
1974) 1211079282, 
1975) 1210651369, 
1976) 1212155748, 
1977) 1213955051, 
1978) 1214339673, 
1979) 1215002649, 
1980) 1215332659, 
1981) 1215828245, 
1982) 1216025492, 
1983) 1216624766, 
1984) 1218201503, 
1985) 1219420382, 
1986) 1220721516, 
1987) 1220939875, 
1988) 1221193336, 
1989) 1222522653, 
1990) 1222663756, 
1991) 1223087870, 
1992) 1223216347, 
1993) 1225399897, 
1994) 1224575435, 
1995) 1223898246, 
1996) 1226479683, 
1997) 1227800101, 
1998) 1228102535, 
1999) 1229816901, 
2000) 1230682030, 
2001) 1232438740, 
2002) 1232838753, 
2003) 1233405723, 
2004) 1233717298, 
2005) 1234437647, 
2006) 1234487815, 
2007) 1234891270, 
2008) 1235026896, 
2009) 1235050325, 
2010) 1235626219, 
2011) 1235867148, 
2012) 1236783856, 
2013) 1236455280, 
2014) 1236385717, 
2015) 1237354349, 
2016) 1239133583, 
2017) 1239982725, 
2018) 1240070926, 
2019) 1240420288, 
2020) 1240523435, 
2021) 1241230152, 
2022) 1242485253, 
2023) 1242890578, 
2024) 1243351033, 
2025) 1244047542, 
2026) 1244276194, 
2027) 1246001946, 
2028) 1247094802, 
2029) 1247283958, 
2030) 1247895477, 
2031) 1248820952, 
2032) 1250035022, 
2033) 1249235896, 
2034) 1248948409, 
2035) 1250403684, 
2036) 1250835788, 
2037) 1252211634, 
2038) 1253479187, 
2039) 1253913037, 
2040) 1255036925, 
2041) 1256105030, 
2042) 1256165071, 
2043) 1256497728, 
2044) 1256752637, 
2045) 1256846440, 
2046) 1256953915, 
2047) 1257189233, 
2048) 1257637389, 
2049) 1258686919, 
2050) 1258881245, 
2051) 1260796287, 
2052) 1260398925, 
2053) 1259658282, 
2054) 1260940474, 
2055) 1261120296, 
2056) 1261274889, 
2057) 1261321663, 
2058) 1261783228, 
2059) 1263070866, 
2060) 1263181293, 
2061) 1263183976, 
2062) 1264224318, 
2063) 1264645398, 
2064) 1265389450, 
2065) 1265566935, 
2066) 1266072962, 
2067) 1266613466, 
2068) 1266636987, 
2069) 1266727047, 
2070) 1266817559, 
2071) 1269342328, 
2072) 1269004449, 
2073) 1268526606, 
2074) 1270630286, 
2075) 1271519992, 
2076) 1272958342, 
2077) 1274488823, 
2078) 1274849016, 
2079) 1275865270, 
2080) 1276700515, 
2081) 1276924561, 
2082) 1277468460, 
2083) 1277798041, 
2084) 1278982231, 
2085) 1279056880, 
2086) 1279248000, 
2087) 1279617012, 
2088) 1279915467, 
2089) 1279975343, 
2090) 1281517253, 
2091) 1281057708, 
2092) 1280610110, 
2093) 1283135654, 
2094) 1283247513, 
2095) 1283744980, 
2096) 1284200722, 
2097) 1284474276, 
2098) 1284675830, 
2099) 1284784527, 
2100) 1286936504, 
2101) 1286956133, 
2102) 1287014502, 
2103) 1287628103, 
2104) 1287750519, 
2105) 1289375317, 
2106) 1290038783, 
2107) 1290467578, 
2108) 1290602435, 
2109) 1290615945, 
2110) 1291606256, 
2111) 1290942970, 
2112) 1290637419, 
2113) 1291966664, 
2114) 1292074357, 
2115) 1293173842, 
2116) 1293767099, 
2117) 1294590420, 
2118) 1296678933, 
2119) 1296728842, 
2120) 1296841547, 
2121) 1297517102, 
2122) 1298651718, 
2123) 1299456693, 
2124) 1299890836, 
2125) 1301777186, 
2126) 1303304422, 
2127) 1304342017, 
2128) 1304433022, 
2129) 1306104695, 
2130) 1305292513, 
2131) 1304645836, 
2132) 1306417595, 
2133) 1307444216, 
2134) 1307918960, 
2135) 1308384602, 
2136) 1309702188, 
2137) 1309705452, 
2138) 1310846896, 
2139) 1311073558, 
2140) 1311097458, 
2141) 1313839154, 
2142) 1315394582, 
2143) 1316714242, 
2144) 1317313785, 
2145) 1318406385, 
2146) 1318978195, 
2147) 1319706779, 
2148) 1319737526, 
2149) 1321861244, 
2150) 1321820218, 
2151) 1320733412, 
2152) 1322208151, 
2153) 1322692523, 
2154) 1322961959, 
2155) 1323062723, 
2156) 1323237380, 
2157) 1323455929, 
2158) 1323772397, 
2159) 1324147672, 
2160) 1324447235, 
2161) 1324932772, 
2162) 1325163789, 
2163) 1325237123, 
2164) 1328621278, 
2165) 1328862428, 
2166) 1329177797, 
2167) 1329717909, 
2168) 1334666855, 
2169) 1334009595, 
2170) 1333911741, 
2171) 1335166090, 
2172) 1335638638, 
2173) 1335644483, 
2174) 1335680325, 
2175) 1335744670, 
2176) 1336092274, 
2177) 1336772354, 
2178) 1336947165, 
2179) 1337370764, 
2180) 1337371582, 
2181) 1338240400, 
2182) 1338551015, 
2183) 1338580596, 
2184) 1338582159, 
2185) 1339429391, 
2186) 1339512921, 
2187) 1340118593, 
2188) 1341568843, 
2189) 1340927443, 
2190) 1340241205, 
2191) 1341604033, 
2192) 1343144793, 
2193) 1344499161, 
2194) 1346333791, 
2195) 1346859342, 
2196) 1347560245, 
2197) 1347940765, 
2198) 1349057304, 
2199) 1350682500, 
2200) 1351019060, 
2201) 1351032976, 
2202) 1351121195, 
2203) 1351274537, 
2204) 1351374226, 
2205) 1351689417, 
2206) 1352169313, 
2207) 1356219837, 
2208) 1354918939, 
2209) 1352889419, 
2210) 1356563764, 
2211) 1357263185, 
2212) 1357666088, 
2213) 1357731888, 
2214) 1359200072, 
2215) 1359353969, 
2216) 1361144162, 
2217) 1362303433, 
2218) 1364291697, 
2219) 1365846856, 
2220) 1367074896, 
2221) 1367431787, 
2222) 1367464904, 
2223) 1368194660, 
2224) 1368882789, 
2225) 1369159601, 
2226) 1369223245, 
2227) 1371933635, 
2228) 1371903109, 
2229) 1369598052, 
2230) 1372717982, 
2231) 1373708449, 
2232) 1373975119, 
2233) 1374225213, 
2234) 1375205848, 
2235) 1375368361, 
2236) 1377778661, 
2237) 1377837577, 
2238) 1378816605, 
2239) 1380412419, 
2240) 1380496269, 
2241) 1382276356, 
2242) 1382279980, 
2243) 1384660037, 
2244) 1385126942, 
2245) 1385250587, 
2246) 1386969280, 
2247) 1386587488, 
2248) 1386221146, 
2249) 1387360095, 
2250) 1387445961, 
2251) 1388267224, 
2252) 1388563395, 
2253) 1388728606, 
2254) 1388903434, 
2255) 1390660661, 
2256) 1391177314, 
2257) 1391726141, 
2258) 1391949866, 
2259) 1392153231, 
2260) 1392197492, 
2261) 1392888897, 
2262) 1393303302, 
2263) 1393641581, 
2264) 1394320769, 
2265) 1394417876, 
2266) 1395796646, 
2267) 1394947991, 
2268) 1394508521, 
2269) 1396349712, 
2270) 1396825061, 
2271) 1397602754, 
2272) 1398184309, 
2273) 1398207174, 
2274) 1398375918, 
2275) 1399010824, 
2276) 1399829048, 
2277) 1400287658, 
2278) 1401149024, 
2279) 1401454468, 
2280) 1401980444, 
2281) 1403011124, 
2282) 1403042967, 
2283) 1403459637, 
2284) 1405468647, 
2285) 1408051661, 
2286) 1406621786, 
2287) 1405825200, 
2288) 1409509845, 
2289) 1409679113, 
2290) 1410877306, 
2291) 1411012799, 
2292) 1413126361, 
2293) 1413511063, 
2294) 1415226067, 
2295) 1415631094, 
2296) 1415833583, 
2297) 1415878398, 
2298) 1417217633, 
2299) 1419625256, 
2300) 1419630453, 
2301) 1419929002, 
2302) 1419986337, 
2303) 1420310781, 
2304) 1420556633, 
2305) 1422487984, 
2306) 1422382949, 
2307) 1421667215, 
2308) 1422699360, 
2309) 1422824163, 
2310) 1424008596, 
2311) 1424627839, 
2312) 1424704928, 
2313) 1425117392, 
2314) 1425139222, 
2315) 1425280108, 
2316) 1425550237, 
2317) 1426045045, 
2318) 1426384550, 
2319) 1426602359, 
2320) 1426687488, 
2321) 1426692561, 
2322) 1428170165, 
2323) 1428752315, 
2324) 1429616480, 
2325) 1428927568, 
2326) 1428762438, 
2327) 1430127290, 
2328) 1430569897, 
2329) 1430634325, 
2330) 1430828976, 
2331) 1431988075, 
2332) 1432162328, 
2333) 1432563749, 
2334) 1433815241, 
2335) 1434148080, 
2336) 1434261501, 
2337) 1434360924, 
2338) 1434724292, 
2339) 1435264321, 
2340) 1436055744, 
2341) 1436408990, 
2342) 1436413368, 
2343) 1436464177, 
2344) 1438237427, 
2345) 1437360094, 
2346) 1437110488, 
2347) 1438424217, 
2348) 1439555635, 
2349) 1441211356, 
2350) 1442779464, 
2351) 1443070184, 
2352) 1443377982, 
2353) 1444045451, 
2354) 1444286705, 
2355) 1446049249, 
2356) 1446391690, 
2357) 1446714394, 
2358) 1447975784, 
2359) 1448242030, 
2360) 1448258104, 
2361) 1448396972, 
2362) 1449200425, 
2363) 1450105665, 
2364) 1450007917, 
2365) 1449765299, 
2366) 1450669110, 
2367) 1451161092, 
2368) 1451578901, 
2369) 1451798763, 
2370) 1452291977, 
2371) 1453742260, 
2372) 1454064693, 
2373) 1455455184, 
2374) 1456360718, 
2375) 1456651828, 
2376) 1459250095, 
2377) 1460743510, 
2378) 1461842624, 
2379) 1461993588, 
2380) 1462464260, 
2381) 1462467490, 
2382) 1463094403, 
2383) 1463327130, 
2384) 1463268386, 
2385) 1463244162, 
2386) 1463341727, 
2387) 1463757347, 
2388) 1463852020, 
2389) 1464281073, 
2390) 1465509680, 
2391) 1465760738, 
2392) 1467948753, 
2393) 1468491560, 
2394) 1469558412, 
2395) 1470816971, 
2396) 1472196111, 
2397) 1472309110, 
2398) 1472690551, 
2399) 1472903439, 
2400) 1472999735, 
2401) 1473587754, 
2402) 1475092950, 
2403) 1474271434, 
2404) 1473843451, 
2405) 1477234278, 
2406) 1477995291, 
2407) 1478115279, 
2408) 1479523348, 
2409) 1481353662, 
2410) 1481589998, 
2411) 1481850185, 
2412) 1483156974, 
2413) 1483940982, 
2414) 1484419570, 
2415) 1484550142, 
2416) 1485437531, 
2417) 1486577006, 
2418) 1487155612, 
2419) 1487619137, 
2420) 1487703592, 
2421) 1487833706, 
2422) 1489052417, 
2423) 1488970525, 
2424) 1487899658, 
2425) 1489184770, 
2426) 1490022416, 
2427) 1490076506, 
2428) 1490312440, 
2429) 1490820482, 
2430) 1490907847, 
2431) 1492493516, 
2432) 1492508199, 
2433) 1492745884, 
2434) 1493022584, 
2435) 1493072637, 
2436) 1495120375, 
2437) 1495457408, 
2438) 1495707864, 
2439) 1495770117, 
2440) 1495795587, 
2441) 1498082720, 
2442) 1496300726, 
2443) 1495820891, 
2444) 1498125947, 
2445) 1498668396, 
2446) 1498953862, 
2447) 1499789620, 
2448) 1500083133, 
2449) 1500861065, 
2450) 1500938680, 
2451) 1501544837, 
2452) 1501733835, 
2453) 1502325886, 
2454) 1503660458, 
2455) 1503747698, 
2456) 1503912290, 
2457) 1504309892, 
2458) 1504464210, 
2459) 1504562219, 
2460) 1504986592, 
2461) 1506894213, 
2462) 1506161020, 
2463) 1505849830, 
2464) 1507958809, 
2465) 1508190623, 
2466) 1508231594, 
2467) 1508825743, 
2468) 1509790815, 
2469) 1511725857, 
2470) 1512189917, 
2471) 1512582049, 
2472) 1513352197, 
2473) 1514256885, 
2474) 1514769963, 
2475) 1514817264, 
2476) 1515033298, 
2477) 1516211847, 
2478) 1516633254, 
2479) 1516825397, 
2480) 1518143735, 
2481) 1518114568, 
2482) 1517138954, 
2483) 1519008407, 
2484) 1520539838, 
2485) 1521485064, 
2486) 1523569358, 
2487) 1523762210, 
2488) 1525782579, 
2489) 1526218700, 
2490) 1526242829, 
2491) 1527998619, 
2492) 1528127373, 
2493) 1529483547, 
2494) 1529893158, 
2495) 1530251699, 
2496) 1530256687, 
2497) 1530755140, 
2498) 1531214647, 
2499) 1532664803, 
2500) 1536158405, 
2501) 1535827865, 
2502) 1534221494, 
2503) 1533984416, 
2504) 1533902293, 
2505) 1536573119, 
2506) 1537541792, 
2507) 1537773499, 
2508) 1538299630, 
2509) 1538525794, 
2510) 1539417518, 
2511) 1539796942, 
2512) 1539872485, 
2513) 1540314352, 
2514) 1540758063, 
2515) 1541010416, 
2516) 1541275893, 
2517) 1541755047, 
2518) 1542244565, 
2519) 1542859395, 
2520) 1543297077, 
2521) 1543484562, 
2522) 1544627395, 
2523) 1544703540, 
2524) 1545222557, 
2525) 1545397233, 
2526) 1545748048, 
2527) 1546691528, 
2528) 1547245682, 
2529) 1547650688, 
2530) 1547783781, 
2531) 1547828989, 
2532) 1548148711, 
2533) 1548162836, 
2534) 1548374920, 
2535) 1548829538, 
2536) 1548912531, 
2537) 1551159515, 
2538) 1551631269, 
2539) 1552910988, 
2540) 1554666675, 
2541) 1554338383, 
2542) 1553807041, 
2543) 1555433944, 
2544) 1555880824, 
2545) 1555909906, 
2546) 1556061145, 
2547) 1556874547, 
2548) 1557334173, 
2549) 1557444172, 
2550) 1558308062, 
2551) 1558415182, 
2552) 1558809815, 
2553) 1559052414, 
2554) 1560136342, 
2555) 1560238444, 
2556) 1560576201, 
2557) 1560684133, 
2558) 1560791547, 
2559) 1563459504, 
2560) 1563103500, 
2561) 1561240911, 
2562) 1563520919, 
2563) 1564291304, 
2564) 1566602011, 
2565) 1568949860, 
2566) 1568956713, 
2567) 1569463730, 
2568) 1570028930, 
2569) 1570230204, 
2570) 1570548486, 
2571) 1570917897, 
2572) 1571404537, 
2573) 1571921529, 
2574) 1572731423, 
2575) 1573289237, 
2576) 1574408648, 
2577) 1574661723, 
2578) 1575237599, 
2579) 1577741729, 
2580) 1577354719, 
2581) 1575397856, 
2582) 1578053667, 
2583) 1578366543, 
2584) 1578682829, 
2585) 1580590067, 
2586) 1581367596, 
2587) 1581975597, 
2588) 1582003239, 
2589) 1582070419, 
2590) 1582671514, 
2591) 1582942890, 
2592) 1583712238, 
2593) 1584009782, 
2594) 1584731209, 
2595) 1585556107, 
2596) 1587866440, 
2597) 1588618551, 
2598) 1591002180, 
2599) 1590276076, 
2600) 1589861433, 
2601) 1591383393, 
2602) 1591532114, 
2603) 1592702100, 
2604) 1593121891, 
2605) 1593232189, 
2606) 1593248652, 
2607) 1595587453, 
2608) 1595596717, 
2609) 1595867853, 
2610) 1595878712, 
2611) 1596276016, 
2612) 1596318728, 
2613) 1597632419, 
2614) 1597714184, 
2615) 1598301375, 
2616) 1600100793, 
2617) 1600403193, 
2618) 1603675462, 
2619) 1601724929, 
2620) 1601044993, 
2621) 1604291300, 
2622) 1604556702, 
2623) 1605430063, 
2624) 1605728547, 
2625) 1605794830, 
2626) 1606457183, 
2627) 1606945678, 
2628) 1607099602, 
2629) 1607447821, 
2630) 1607903507, 
2631) 1609168587, 
2632) 1609316407, 
2633) 1609395819, 
2634) 1609915298, 
2635) 1610283567, 
2636) 1611152193, 
2637) 1613414781, 
2638) 1613051909, 
2639) 1612072479, 
2640) 1614034610, 
2641) 1616446915, 
2642) 1618109811, 
2643) 1618988095, 
2644) 1619950470, 
2645) 1620830746, 
2646) 1620975757, 
2647) 1623624337, 
2648) 1623975867, 
2649) 1624370171, 
2650) 1624962729, 
2651) 1625397152, 
2652) 1626394198, 
2653) 1626529449, 
2654) 1626558304, 
2655) 1626693736, 
2656) 1626977716, 
2657) 1628610680, 
2658) 1628389851, 
2659) 1628381271, 
2660) 1628633810, 
2661) 1628997447, 
2662) 1629485220, 
2663) 1630041397, 
2664) 1630653600, 
2665) 1631968284, 
2666) 1632176732, 
2667) 1632777402, 
2668) 1634829222, 
2669) 1637046180, 
2670) 1637076474, 
2671) 1637799698, 
2672) 1638295490, 
2673) 1639620939, 
2674) 1639803918, 
2675) 1639964940, 
2676) 1640312105, 
2677) 1640065079, 
2678) 1640056057, 
2679) 1640548810, 
2680) 1640885000, 
2681) 1641833387, 
2682) 1643138718, 
2683) 1643354142, 
2684) 1644338620, 
2685) 1645291780, 
2686) 1649054762, 
2687) 1649740172, 
2688) 1650166217, 
2689) 1650829845, 
2690) 1651960470, 
2691) 1653942643, 
2692) 1654411349, 
2693) 1654494925, 
2694) 1654613583, 
2695) 1654786938, 
2696) 1657845100, 
2697) 1656798929, 
2698) 1656325908, 
2699) 1658227504, 
2700) 1659018972, 
2701) 1659523648, 
2702) 1660083641, 
2703) 1660086325, 
2704) 1660944490, 
2705) 1661541165, 
2706) 1662737017, 
2707) 1662937766, 
2708) 1667366651, 
2709) 1667744828, 
2710) 1668620933, 
2711) 1669048763, 
2712) 1669601254, 
2713) 1671544358, 
2714) 1672241098, 
2715) 1672960888, 
2716) 1672931608, 
2717) 1672535464, 
2718) 1673242336, 
2719) 1674299398, 
2720) 1675616591, 
2721) 1675776472, 
2722) 1676578512, 
2723) 1677377649, 
2724) 1677828413, 
2725) 1677927939, 
2726) 1678776969, 
2727) 1678906685, 
2728) 1679409234, 
2729) 1679744501, 
2730) 1679846344, 
2731) 1679993613, 
2732) 1680521236, 
2733) 1680543227, 
2734) 1680869079, 
2735) 1682410891, 
2736) 1681380911, 
2737) 1680984126, 
2738) 1683692605, 
2739) 1683730962, 
2740) 1683806874, 
2741) 1685225779, 
2742) 1686763029, 
2743) 1687171513, 
2744) 1687233676, 
2745) 1687548072, 
2746) 1689897698, 
2747) 1691755289, 
2748) 1692484373, 
2749) 1692881928, 
2750) 1693146874, 
2751) 1693184458, 
2752) 1693218900, 
2753) 1693746654, 
2754) 1694762613, 
2755) 1694540166, 
2756) 1694496069, 
2757) 1694817301, 
2758) 1695375582, 
2759) 1696025234, 
2760) 1696197569, 
2761) 1696212670, 
2762) 1696362271, 
2763) 1696413148, 
2764) 1697309736, 
2765) 1697497491, 
2766) 1697507105, 
2767) 1697945707, 
2768) 1697971486, 
2769) 1698681250, 
2770) 1699085009, 
2771) 1700477445, 
2772) 1700833061, 
2773) 1701218317, 
2774) 1701838283, 
2775) 1701711049, 
2776) 1701614893, 
2777) 1702429990, 
2778) 1703258720, 
2779) 1703807897, 
2780) 1704728045, 
2781) 1705028143, 
2782) 1705388344, 
2783) 1705414502, 
2784) 1706846173, 
2785) 1707280857, 
2786) 1707538432, 
2787) 1708586405, 
2788) 1708741739, 
2789) 1709731767, 
2790) 1709962363, 
2791) 1711702043, 
2792) 1711703649, 
2793) 1715146268, 
2794) 1713372627, 
2795) 1711735882, 
2796) 1716192244, 
2797) 1718674080, 
2798) 1719175467, 
2799) 1719770932, 
2800) 1719960750, 
2801) 1720008397, 
2802) 1721223302, 
2803) 1721860934, 
2804) 1721974898, 
2805) 1722084496, 
2806) 1722965000, 
2807) 1723031428, 
2808) 1723094450, 
2809) 1724083616, 
2810) 1724178895, 
2811) 1724572926, 
2812) 1724748365, 
2813) 1725769462, 
2814) 1725348809, 
2815) 1724796834, 
2816) 1725871692, 
2817) 1726441973, 
2818) 1727018003, 
2819) 1727177630, 
2820) 1727539701, 
2821) 1728971085, 
2822) 1729243680, 
2823) 1729742641, 
2824) 1729881116, 
2825) 1730210378, 
2826) 1730823295, 
2827) 1731082766, 
2828) 1731527298, 
2829) 1731583373, 
2830) 1732393193, 
2831) 1732779565, 
2832) 1735213785, 
2833) 1734617865, 
2834) 1734456536, 
2835) 1735769584, 
2836) 1736093154, 
2837) 1737245089, 
2838) 1737970995, 
2839) 1738442863, 
2840) 1738679096, 
2841) 1738858544, 
2842) 1739851206, 
2843) 1740276866, 
2844) 1740658401, 
2845) 1741574937, 
2846) 1742289222, 
2847) 1742428405, 
2848) 1742432822, 
2849) 1742895117, 
2850) 1743277960, 
2851) 1743342872, 
2852) 1746050973, 
2853) 1744888447, 
2854) 1743785109, 
2855) 1746796881, 
2856) 1747732808, 
2857) 1748417796, 
2858) 1748624356, 
2859) 1749148364, 
2860) 1749225779, 
2861) 1749828888, 
2862) 1749999805, 
2863) 1750229646, 
2864) 1750319228, 
2865) 1750599640, 
2866) 1751230116, 
2867) 1752367157, 
2868) 1752853938, 
2869) 1752987353, 
2870) 1753183807, 
2871) 1757094686, 
2872) 1756821569, 
2873) 1756786977, 
2874) 1758286263, 
2875) 1758531031, 
2876) 1759219387, 
2877) 1760554163, 
2878) 1760858069, 
2879) 1761052100, 
2880) 1761277160, 
2881) 1761672359, 
2882) 1763923363, 
2883) 1764586135, 
2884) 1765956546, 
2885) 1766892987, 
2886) 1766908925, 
2887) 1766986079, 
2888) 1767087026, 
2889) 1767235814, 
2890) 1768546329, 
2891) 1770051105, 
2892) 1769939456, 
2893) 1769784694, 
2894) 1770897411, 
2895) 1771738438, 
2896) 1771741905, 
2897) 1772034244, 
2898) 1772680365, 
2899) 1773144593, 
2900) 1773150887, 
2901) 1773780822, 
2902) 1773963299, 
2903) 1774251181, 
2904) 1774457455, 
2905) 1775705507, 
2906) 1777977787, 
2907) 1778003955, 
2908) 1778216838, 
2909) 1778619713, 
2910) 1779568017, 
2911) 1779359101, 
2912) 1779322773, 
2913) 1780121017, 
2914) 1782305581, 
2915) 1782429642, 
2916) 1782497880, 
2917) 1782526324, 
2918) 1783509684, 
2919) 1783675549, 
2920) 1784677673, 
2921) 1784740016, 
2922) 1784914980, 
2923) 1785115543, 
2924) 1785604896, 
2925) 1786301314, 
2926) 1787395959, 
2927) 1787576877, 
2928) 1787851405, 
2929) 1788111649, 
2930) 1789256264, 
2931) 1789116114, 
2932) 1788706602, 
2933) 1790072120, 
2934) 1790249000, 
2935) 1790500028, 
2936) 1790810675, 
2937) 1791986684, 
2938) 1792225150, 
2939) 1792902791, 
2940) 1793402434, 
2941) 1793761213, 
2942) 1795074311, 
2943) 1795549722, 
2944) 1795955690, 
2945) 1796597862, 
2946) 1796772434, 
2947) 1797301339, 
2948) 1797423096, 
2949) 1798972503, 
2950) 1798369548, 
2951) 1798225237, 
2952) 1799283704, 
2953) 1800166043, 
2954) 1801220532, 
2955) 1801442998, 
2956) 1804056979, 
2957) 1807327923, 
2958) 1807700548, 
2959) 1807868209, 
2960) 1807989270, 
2961) 1809338326, 
2962) 1810802751, 
2963) 1811033191, 
2964) 1811426374, 
2965) 1813217325, 
2966) 1813415405, 
2967) 1813763479, 
2968) 1814268646, 
2969) 1816500555, 
2970) 1816021747, 
2971) 1814501113, 
2972) 1816621937, 
2973) 1817112265, 
2974) 1817191281, 
2975) 1817857090, 
2976) 1818252875, 
2977) 1818758270, 
2978) 1820502624, 
2979) 1820628121, 
2980) 1821209570, 
2981) 1821279890, 
2982) 1821686331, 
2983) 1823181137, 
2984) 1823248147, 
2985) 1823613467, 
2986) 1824492696, 
2987) 1824615168, 
2988) 1826619777, 
2989) 1826608733, 
2990) 1825054470, 
2991) 1826693865, 
2992) 1827126649, 
2993) 1828753715, 
2994) 1829193346, 
2995) 1829380467, 
2996) 1830823480, 
2997) 1830969920, 
2998) 1831362460, 
2999) 1831622262, 
3000) 1832057798, 
3001) 1832377794, 
3002) 1832609999, 
3003) 1832619196, 
3004) 1832919659, 
3005) 1833034681, 
3006) 1833365690, 
3007) 1833763669, 
3008) 1835703330, 
3009) 1834638612, 
3010) 1834268409, 
3011) 1836703403, 
3012) 1836709309, 
3013) 1838276181, 
3014) 1838924640, 
3015) 1839950800, 
3016) 1839981979, 
3017) 1841405608, 
3018) 1842668674, 
3019) 1843743346, 
3020) 1844590008, 
3021) 1845190458, 
3022) 1845551533, 
3023) 1845745007, 
3024) 1846557840, 
3025) 1847461692, 
3026) 1848604936, 
3027) 1849316006, 
3028) 1849291925, 
3029) 1849246621, 
3030) 1849365872, 
3031) 1850591409, 
3032) 1850919137, 
3033) 1851045588, 
3034) 1851282714, 
3035) 1851939226, 
3036) 1851961090, 
3037) 1852568679, 
3038) 1853642788, 
3039) 1853851958, 
3040) 1853866054, 
3041) 1854467170, 
3042) 1855044523, 
3043) 1855106960, 
3044) 1855117512, 
3045) 1855331508, 
3046) 1855981545, 
3047) 1858538272, 
3048) 1857359475, 
3049) 1856431644, 
3050) 1859429041, 
3051) 1859904687, 
3052) 1860261252, 
3053) 1860712741, 
3054) 1861100670, 
3055) 1861388175, 
3056) 1861616580, 
3057) 1863785339, 
3058) 1863940780, 
3059) 1864872079, 
3060) 1866098070, 
3061) 1866164343, 
3062) 1867525722, 
3063) 1868815026, 
3064) 1869082164, 
3065) 1869131958, 
3066) 1871120226, 
3067) 1869815919, 
3068) 1869605760, 
3069) 1871134381, 
3070) 1871672290, 
3071) 1872509984, 
3072) 1872830494, 
3073) 1872946275, 
3074) 1874416032, 
3075) 1875038110, 
3076) 1876489119, 
3077) 1878140926, 
3078) 1878461619, 
3079) 1880886714, 
3080) 1880891003, 
3081) 1881954545, 
3082) 1883545707, 
3083) 1884052788, 
3084) 1885498724, 
3085) 1885542293, 
3086) 1887613350, 
3087) 1887607566, 
3088) 1886055495, 
3089) 1889186768, 
3090) 1889984083, 
3091) 1890507107, 
3092) 1891281001, 
3093) 1891442971, 
3094) 1891524959, 
3095) 1891610024, 
3096) 1892753056, 
3097) 1892951286, 
3098) 1893468758, 
3099) 1893512518, 
3100) 1894197689, 
3101) 1894547106, 
3102) 1895103927, 
3103) 1895809071, 
3104) 1895985879, 
3105) 1898488777, 
3106) 1898042780, 
3107) 1896473074, 
3108) 1898512262, 
3109) 1898573224, 
3110) 1898811367, 
3111) 1899085448, 
3112) 1900667180, 
3113) 1901307143, 
3114) 1901324919, 
3115) 1901736937, 
3116) 1902765747, 
3117) 1902801086, 
3118) 1903399891, 
3119) 1903596069, 
3120) 1903762909, 
3121) 1903920030, 
3122) 1904018069, 
3123) 1904645886, 
3124) 1904648686, 
3125) 1908246067, 
3126) 1907683496, 
3127) 1907388105, 
3128) 1906886378, 
3129) 1906475911, 
3130) 1909294616, 
3131) 1909776118, 
3132) 1910501479, 
3133) 1911558657, 
3134) 1912019013, 
3135) 1913693913, 
3136) 1916019878, 
3137) 1916842158, 
3138) 1917555855, 
3139) 1917668546, 
3140) 1917832890, 
3141) 1919257462, 
3142) 1919696867, 
3143) 1920209302, 
3144) 1920554464, 
3145) 1921976537, 
3146) 1922889677, 
3147) 1922918742, 
3148) 1923403858, 
3149) 1925066957, 
3150) 1926108968, 
3151) 1926415501, 
3152) 1926528633, 
3153) 1927563381, 
3154) 1927736869, 
3155) 1927773916, 
3156) 1928284879, 
3157) 1928980732, 
3158) 1929652494, 
3159) 1930738495, 
3160) 1930880191, 
3161) 1931368100, 
3162) 1932831909, 
3163) 1933816043, 
3164) 1934309251, 
3165) 1934815206, 
3166) 1934612833, 
3167) 1934419155, 
3168) 1935273283, 
3169) 1935641465, 
3170) 1936241115, 
3171) 1936304138, 
3172) 1936603826, 
3173) 1937138725, 
3174) 1937494124, 
3175) 1939320845, 
3176) 1939794250, 
3177) 1939812090, 
3178) 1940131162, 
3179) 1941142836, 
3180) 1943594870, 
3181) 1944127118, 
3182) 1944542221, 
3183) 1944656237, 
3184) 1945728040, 
3185) 1945660599, 
3186) 1945108802, 
3187) 1945899632, 
3188) 1945941838, 
3189) 1946740295, 
3190) 1947448108, 
3191) 1949228875, 
3192) 1949968476, 
3193) 1950363099, 
3194) 1951445250, 
3195) 1951773869, 
3196) 1951872633, 
3197) 1952152464, 
3198) 1952153237, 
3199) 1952476426, 
3200) 1952507222, 
3201) 1952979107, 
3202) 1953939377, 
3203) 1955713303, 
3204) 1956255984, 
3205) 1956003207, 
3206) 1955826745, 
3207) 1956353935, 
3208) 1956649768, 
3209) 1957128578, 
3210) 1957436141, 
3211) 1958222633, 
3212) 1958506522, 
3213) 1959696551, 
3214) 1960551647, 
3215) 1961745329, 
3216) 1962748445, 
3217) 1963633363, 
3218) 1963977966, 
3219) 1964088554, 
3220) 1964096811, 
3221) 1964221586, 
3222) 1964739833, 
3223) 1966569213, 
3224) 1966479222, 
3225) 1965483665, 
3226) 1966724236, 
3227) 1967960468, 
3228) 1968078665, 
3229) 1968310124, 
3230) 1968743786, 
3231) 1968980401, 
3232) 1969457873, 
3233) 1970066413, 
3234) 1970186138, 
3235) 1970262453, 
3236) 1970507113, 
3237) 1970805716, 
3238) 1972565788, 
3239) 1973903328, 
3240) 1974295513, 
3241) 1974776657, 
3242) 1975488083, 
3243) 1977971730, 
3244) 1975907090, 
3245) 1975692347, 
3246) 1979584638, 
3247) 1979990407, 
3248) 1980201076, 
3249) 1980521072, 
3250) 1983826900, 
3251) 1983856623, 
3252) 1984192848, 
3253) 1984367913, 
3254) 1985342701, 
3255) 1985885400, 
3256) 1985928573, 
3257) 1986806525, 
3258) 1987302733, 
3259) 1987677456, 
3260) 1987985668, 
3261) 1989068453, 
3262) 1989510718, 
3263) 1989121750, 
3264) 1989121194, 
3265) 1990111443, 
3266) 1990990208, 
3267) 1991921345, 
3268) 1992105034, 
3269) 1993919107, 
3270) 1994004329, 
3271) 1994934008, 
3272) 1995541865, 
3273) 1995570993, 
3274) 1996145593, 
3275) 1996348640, 
3276) 1996470221, 
3277) 1997229235, 
3278) 1997420046, 
3279) 1997729852, 
3280) 1997897340, 
3281) 1999620550, 
3282) 2001314288, 
3283) 2001304448, 
3284) 2000382894, 
3285) 2002474952, 
3286) 2002649784, 
3287) 2003148172, 
3288) 2004168378, 
3289) 2004176022, 
3290) 2005900903, 
3291) 2006886854, 
3292) 2007614604, 
3293) 2008002577, 
3294) 2008068652, 
3295) 2008371216, 
3296) 2008664688, 
3297) 2008737044, 
3298) 2009013280, 
3299) 2009166334, 
3300) 2009649365, 
3301) 2011555057, 
3302) 2011455025, 
3303) 2011129500, 
3304) 2012197688, 
3305) 2012614145, 
3306) 2012715025, 
3307) 2013048329, 
3308) 2013335966, 
3309) 2013984460, 
3310) 2014941426, 
3311) 2015929796, 
3312) 2016216397, 
3313) 2016578892, 
3314) 2016700352, 
3315) 2016744456, 
3316) 2016809698, 
3317) 2017521399, 
3318) 2018547376, 
3319) 2019486698, 
3320) 2019907794, 
3321) 2021084882, 
3322) 2021020844, 
3323) 2021004998, 
3324) 2021099481, 
3325) 2021343287, 
3326) 2021865152, 
3327) 2022182666, 
3328) 2022883270, 
3329) 2022931114, 
3330) 2023157594, 
3331) 2023266429, 
3332) 2023930094, 
3333) 2024294246, 
3334) 2024559528, 
3335) 2024684592, 
3336) 2025017419, 
3337) 2025591671, 
3338) 2026258956, 
3339) 2026406126, 
3340) 2028911767, 
3341) 2028630347, 
3342) 2028303688, 
3343) 2029486314, 
3344) 2031242704, 
3345) 2032458495, 
3346) 2033450204, 
3347) 2033605772, 
3348) 2034216004, 
3349) 2034543655, 
3350) 2036118797, 
3351) 2036664242, 
3352) 2038165855, 
3353) 2039242143, 
3354) 2039869500, 
3355) 2041427760, 
3356) 2041629171, 
3357) 2041993221, 
3358) 2042938602, 
3359) 2043571469, 
3360) 2043812300, 
3361) 2043725972, 
3362) 2043655769, 
3363) 2044417386, 
3364) 2044923631, 
3365) 2045759365, 
3366) 2048018579, 
3367) 2048155083, 
3368) 2048260412, 
3369) 2048512225, 
3370) 2048974521, 
3371) 2049196588, 
3372) 2049476245, 
3373) 2050380696, 
3374) 2051677872, 
3375) 2052102926, 
3376) 2052476514, 
3377) 2052998618, 
3378) 2053493970, 
3379) 2055658142, 
3380) 2055180251, 
3381) 2055074169, 
3382) 2056004871, 
3383) 2056165731, 
3384) 2056359260, 
3385) 2056502527, 
3386) 2058068192, 
3387) 2058270554, 
3388) 2059415312, 
3389) 2062463103, 
3390) 2062472857, 
3391) 2062644152, 
3392) 2064303696, 
3393) 2064500278, 
3394) 2064869549, 
3395) 2064905371, 
3396) 2064969364, 
3397) 2067737786, 
3398) 2067834625, 
3399) 2068543920, 
3400) 2068015837, 
3401) 2067853579, 
3402) 2068686251, 
3403) 2068947522, 
3404) 2069132063, 
3405) 2069140290, 
3406) 2069475061, 
3407) 2070284692, 
3408) 2070396939, 
3409) 2071605367, 
3410) 2072283680, 
3411) 2072521970, 
3412) 2072785837, 
3413) 2072921730, 
3414) 2073337909, 
3415) 2074252730, 
3416) 2075243198, 
3417) 2075300836, 
3418) 2077403251, 
3419) 2076369235, 
3420) 2076204091, 
3421) 2078594156, 
3422) 2080427653, 
3423) 2081412710, 
3424) 2081491804, 
3425) 2082244541, 
3426) 2082370403, 
3427) 2082422924, 
3428) 2082476153, 
3429) 2083041870, 
3430) 2083405793, 
3431) 2085109484, 
3432) 2085131687, 
3433) 2085157395, 
3434) 2086400818, 
3435) 2087052629, 
3436) 2088898181, 
3437) 2089078808, 
3438) 2091676898, 
3439) 2090768416, 
3440) 2089224751, 
3441) 2092246626, 
3442) 2092410470, 
3443) 2092716811, 
3444) 2092966415, 
3445) 2093487650, 
3446) 2093527704, 
3447) 2093653808, 
3448) 2095685223, 
3449) 2095765602, 
3450) 2096042397, 
3451) 2096050792, 
3452) 2096272562, 
3453) 2097022220, 
3454) 2097204841, 
3455) 2097378505, 
3456) 2097506569, 
3457) 2099665466, 
3458) 2099635861, 
3459) 2099114735, 
3460) 2099714078, 
3461) 2100763705, 
3462) 2101654633, 
3463) 2101701934, 
3464) 2102449243, 
3465) 2104500356, 
3466) 2105822639, 
3467) 2106133432, 
3468) 2106585051, 
3469) 2107786063, 
3470) 2108446753, 
3471) 2108486464, 
3472) 2108524985, 
3473) 2110324297, 
3474) 2110997220, 
3475) 2111005744, 
3476) 2111170920, 
3477) 2113177965, 
3478) 2112218332, 
3479) 2112043947, 
3480) 2113895015, 
3481) 2114739080, 
3482) 2116147713, 
3483) 2116148164, 
3484) 2117250133, 
3485) 2117761566, 
3486) 2118185365, 
3487) 2118871616, 
3488) 2118919002, 
3489) 2119144386, 
3490) 2119498199, 
3491) 2119538588, 
3492) 2119983894, 
3493) 2120751516, 
3494) 2120849238, 
3495) 2121876458, 
3496) 2122645353, 
3497) 2122222455, 
3498) 2122037918, 
3499) 2123615018, 
3500) 2123975681, 
3501) 2126880992, 
3502) 2127211206, 
3503) 2127355334, 
3504) 2128748395, 
3505) 2129154821, 
3506) 2129725198, 
3507) 2131091639, 
3508) 2131717399, 
3509) 2131837124, 
3510) 2132213662, 
3511) 2132778866, 
3512) 2133587451, 
3513) 2133696077, 
3514) 2134161244, 
3515) 2136371942, 
3516) 2138103761, 
3517) 2138069540, 
3518) 2136416252, 
3519) 2138152356, 
3520) 2138524620, 
3521) 2138802651, 
3522) 2139525177, 
3523) 2140077910, 
3524) 2140376844, 
3525) 2140452392, 
3526) 2140891965, 
3527) 2142867007, 
3528) 2143272326, 
3529) 2144417546, 
3530) 2144590625, 
3531) 2145071461, 
3532) 2147846248, 
3533) 2148736847, 
3534) 2149261108, 
3535) 2149692449, 
3536) 2149333243, 
3537) 2149278253, 
3538) 2149729155, 
3539) 2152695302, 
3540) 2152885514, 
3541) 2153395160, 
3542) 2153714934, 
3543) 2154348721, 
3544) 2154857351, 
3545) 2154881203, 
3546) 2156292294, 
3547) 2156648553, 
3548) 2156803829, 
3549) 2156860542, 
3550) 2157501330, 
3551) 2157916004, 
3552) 2158295063, 
3553) 2158908927, 
3554) 2159528246, 
3555) 2161722670, 
3556) 2161541731, 
3557) 2161144602, 
3558) 2162039361, 
3559) 2162736190, 
3560) 2164045009, 
3561) 2164127024, 
3562) 2164312299, 
3563) 2165560819, 
3564) 2165895116, 
3565) 2166249242, 
3566) 2167387839, 
3567) 2168403279, 
3568) 2169204853, 
3569) 2169294117, 
3570) 2169719243, 
3571) 2170379308, 
3572) 2171823741, 
3573) 2173452331, 
3574) 2174885203, 
3575) 2174767902, 
3576) 2174352497, 
3577) 2175201627, 
3578) 2175559475, 
3579) 2175614263, 
3580) 2176170758, 
3581) 2176403010, 
3582) 2176659097, 
3583) 2176763362, 
3584) 2176789703, 
3585) 2177584109, 
3586) 2178530364, 
3587) 2179016002, 
3588) 2179893035, 
3589) 2180775405, 
3590) 2181042129, 
3591) 2181804809, 
3592) 2181836116, 
3593) 2181896612, 
3594) 2182672097, 
3595) 2182664495, 
3596) 2182234378, 
3597) 2182716562, 
3598) 2183330704, 
3599) 2183348865, 
3600) 2183570208, 
3601) 2187315043, 
3602) 2188502892, 
3603) 2190817168, 
3604) 2191003642, 
3605) 2191110932, 
3606) 2191136972, 
3607) 2191268901, 
3608) 2191282970, 
3609) 2191454821, 
3610) 2191727076, 
3611) 2191961340, 
3612) 2193002816, 
3613) 2195911240, 
3614) 2194707365, 
3615) 2193372032, 
3616) 2195933841, 
3617) 2196421613, 
3618) 2196741918, 
3619) 2197271247, 
3620) 2197461291, 
3621) 2197689691, 
3622) 2197726658, 
3623) 2198721891, 
3624) 2199022741, 
3625) 2199774221, 
3626) 2200403878, 
3627) 2200428019, 
3628) 2201611219, 
3629) 2201886122, 
3630) 2201966489, 
3631) 2202331353, 
3632) 2202925449, 
3633) 2203557018, 
3634) 2203409486, 
3635) 2202939332, 
3636) 2204370837, 
3637) 2204979088, 
3638) 2206308804, 
3639) 2206617445, 
3640) 2206829629, 
3641) 2207054177, 
3642) 2207420340, 
3643) 2207908436, 
3644) 2209019079, 
3645) 2209749013, 
3646) 2211525527, 
3647) 2211846685, 
3648) 2211867670, 
3649) 2212768451, 
3650) 2213355665, 
3651) 2213469764, 
3652) 2215011259, 
3653) 2214165851, 
3654) 2214128948, 
3655) 2215089717, 
3656) 2217022639, 
3657) 2219547806, 
3658) 2219910205, 
3659) 2220066335, 
3660) 2220660197, 
3661) 2220920189, 
3662) 2220985509, 
3663) 2221200399, 
3664) 2222623267, 
3665) 2222651282, 
3666) 2224907610, 
3667) 2225272801, 
3668) 2225918621, 
3669) 2226061399, 
3670) 2226301426, 
3671) 2226541282, 
3672) 2227601693, 
3673) 2226640102, 
3674) 2226635509, 
3675) 2227660236, 
3676) 2227919972, 
3677) 2228071762, 
3678) 2228261592, 
3679) 2228783423, 
3680) 2229083125, 
3681) 2230085023, 
3682) 2230921453, 
3683) 2232700361, 
3684) 2232783345, 
3685) 2233053349, 
3686) 2233586247, 
3687) 2233797355, 
3688) 2234222608, 
3689) 2234827170, 
3690) 2235041553, 
3691) 2236808224, 
3692) 2236095866, 
3693) 2236008997, 
3694) 2237187795, 
3695) 2237346864, 
3696) 2237614435, 
3697) 2237806110, 
3698) 2239983633, 
3699) 2240062050, 
3700) 2240264522, 
3701) 2240705098, 
3702) 2240929330, 
3703) 2243284898, 
3704) 2243891874, 
3705) 2244116035, 
3706) 2244334629, 
3707) 2244454660, 
3708) 2244482214, 
3709) 2244997980, 
3710) 2245328936, 
3711) 2247403308, 
3712) 2246148193, 
3713) 2245468645, 
3714) 2247948213, 
3715) 2248908713, 
3716) 2249746341, 
3717) 2249870953, 
3718) 2251101119, 
3719) 2252144085, 
3720) 2252786330, 
3721) 2253688101, 
3722) 2253739195, 
3723) 2254027058, 
3724) 2254445422, 
3725) 2254947366, 
3726) 2255056903, 
3727) 2255675364, 
3728) 2256142847, 
3729) 2257207832, 
3730) 2261002694, 
3731) 2260857767, 
3732) 2258972819, 
3733) 2261567641, 
3734) 2261810864, 
3735) 2262178054, 
3736) 2262561270, 
3737) 2263860589, 
3738) 2263981008, 
3739) 2265388613, 
3740) 2266112644, 
3741) 2266533454, 
3742) 2270386106, 
3743) 2270468577, 
3744) 2270514891, 
3745) 2273818713, 
3746) 2274695933, 
3747) 2275205416, 
3748) 2275285442, 
3749) 2276107212, 
3750) 2280028563, 
3751) 2279192844, 
3752) 2278555952, 
3753) 2277755909, 
3754) 2276244440, 
3755) 2280483245, 
3756) 2281657130, 
3757) 2282692579, 
3758) 2282886780, 
3759) 2283201932, 
3760) 2283728463, 
3761) 2284292859, 
3762) 2284472299, 
3763) 2284654586, 
3764) 2284913772, 
3765) 2285414751, 
3766) 2285682274, 
3767) 2286331790, 
3768) 2286637029, 
3769) 2287071336, 
3770) 2287798099, 
3771) 2289350027, 
3772) 2290645351, 
3773) 2291525661, 
3774) 2292749225, 
3775) 2293256820, 
3776) 2293643954, 
3777) 2295202156, 
3778) 2295802686, 
3779) 2295836681, 
3780) 2296351306, 
3781) 2296636853, 
3782) 2296655767, 
3783) 2297193869, 
3784) 2297751646, 
3785) 2298058722, 
3786) 2298146652, 
3787) 2298466318, 
3788) 2299390370, 
3789) 2299487317, 
3790) 2300901927, 
3791) 2300386914, 
3792) 2299929110, 
3793) 2301225126, 
3794) 2303002351, 
3795) 2303497947, 
3796) 2305266308, 
3797) 2305994824, 
3798) 2306435756, 
3799) 2307532149, 
3800) 2307884306, 
3801) 2308395677, 
3802) 2308449262, 
3803) 2309831733, 
3804) 2310207238, 
3805) 2310325225, 
3806) 2310641543, 
3807) 2311995344, 
3808) 2312107147, 
3809) 2313879724, 
3810) 2313683038, 
3811) 2312615652, 
3812) 2315362712, 
3813) 2316717932, 
3814) 2317139032, 
3815) 2317504738, 
3816) 2319486961, 
3817) 2319560547, 
3818) 2320269474, 
3819) 2320528559, 
3820) 2321093132, 
3821) 2321678006, 
3822) 2322959840, 
3823) 2325878330, 
3824) 2326167540, 
3825) 2326641701, 
3826) 2327182654, 
3827) 2327420215, 
3828) 2327778860, 
3829) 2328807505, 
3830) 2328482618, 
3831) 2328206126, 
3832) 2328910024, 
3833) 2329330470, 
3834) 2329384344, 
3835) 2329676943, 
3836) 2330136339, 
3837) 2330325959, 
3838) 2331603024, 
3839) 2332416565, 
3840) 2333468161, 
3841) 2333549024, 
3842) 2334488866, 
3843) 2335280047, 
3844) 2335637197, 
3845) 2336809070, 
3846) 2336957351, 
3847) 2337002735, 
3848) 2337510255, 
3849) 2337364081, 
3850) 2337278738, 
3851) 2337547808, 
3852) 2338103235, 
3853) 2338586909, 
3854) 2339931759, 
3855) 2340199489, 
3856) 2340269737, 
3857) 2341002682, 
3858) 2341415986, 
3859) 2341470402, 
3860) 2342016096, 
3861) 2344598338, 
3862) 2346501547, 
3863) 2347140399, 
3864) 2348048308, 
3865) 2348129256, 
3866) 2348720455, 
3867) 2349197630, 
3868) 2350890171, 
3869) 2349489514, 
3870) 2349368162, 
3871) 2350938732, 
3872) 2350976184, 
3873) 2351256199, 
3874) 2351911492, 
3875) 2352819393, 
3876) 2352835068, 
3877) 2353409969, 
3878) 2355070791, 
3879) 2355788512, 
3880) 2356177504, 
3881) 2356271605, 
3882) 2356612888, 
3883) 2357372897, 
3884) 2357818955, 
3885) 2358167486, 
3886) 2359040927, 
3887) 2360673906, 
3888) 2359615139, 
3889) 2359431283, 
3890) 2361120851, 
3891) 2361368973, 
3892) 2362008927, 
3893) 2362182296, 
3894) 2362553037, 
3895) 2363441803, 
3896) 2363881603, 
3897) 2364366210, 
3898) 2364646050, 
3899) 2364991734, 
3900) 2365256118, 
3901) 2365386427, 
3902) 2365807303, 
3903) 2365878774, 
3904) 2366723714, 
3905) 2367971743, 
3906) 2368620931, 
3907) 2368903490, 
3908) 2368813474, 
3909) 2368760155, 
3910) 2369052035, 
3911) 2369978619, 
3912) 2370107698, 
3913) 2370216857, 
3914) 2370357514, 
3915) 2371428890, 
3916) 2372192260, 
3917) 2372439875, 
3918) 2373191805, 
3919) 2373674022, 
3920) 2373910707, 
3921) 2374706823, 
3922) 2375022251, 
3923) 2375025521, 
3924) 2375930665, 
3925) 2376376351, 
3926) 2376718999, 
3927) 2376568619, 
3928) 2376564334, 
3929) 2376758710, 
3930) 2377578143, 
3931) 2378882082, 
3932) 2380101279, 
3933) 2380471719, 
3934) 2380778095, 
3935) 2380855091, 
3936) 2381945863, 
3937) 2384019314, 
3938) 2385321604, 
3939) 2386620385, 
3940) 2387014017, 
3941) 2387744841, 
3942) 2388366469, 
3943) 2388955616, 
3944) 2389264978, 
3945) 2389392786, 
3946) 2391767623, 
3947) 2390392343, 
3948) 2389897005, 
3949) 2391815866, 
3950) 2392064230, 
3951) 2392362330, 
3952) 2392484522, 
3953) 2393327672, 
3954) 2393944844, 
3955) 2393952336, 
3956) 2394289878, 
3957) 2394975171, 
3958) 2395651224, 
3959) 2396525466, 
3960) 2396652213, 
3961) 2396753517, 
3962) 2396827130, 
3963) 2398384171, 
3964) 2398688984, 
3965) 2403022548, 
3966) 2401439057, 
3967) 2399336517, 
3968) 2403339267, 
3969) 2404177369, 
3970) 2404376093, 
3971) 2404384822, 
3972) 2404806336, 
3973) 2405453029, 
3974) 2405795543, 
3975) 2405907132, 
3976) 2407026962, 
3977) 2407380649, 
3978) 2407563904, 
3979) 2407854156, 
3980) 2408965302, 
3981) 2409245786, 
3982) 2409287550, 
3983) 2409805644, 
3984) 2410239946, 
3985) 2412767381, 
3986) 2412754315, 
3987) 2412445320, 
3988) 2413545713, 
3989) 2413901858, 
3990) 2414281103, 
3991) 2414875873, 
3992) 2415913729, 
3993) 2416367910, 
3994) 2416593531, 
3995) 2417045789, 
3996) 2417662266, 
3997) 2417765848, 
3998) 2418376309, 
3999) 2419009189, 
4000) 2419374310, 
4001) 2419558434, 
4002) 2419693735, 
4003) 2419953499, 
4004) 2423475753, 
4005) 2423402630, 
4006) 2420731466, 
4007) 2423946646, 
4008) 2425511941, 
4009) 2426543005, 
4010) 2426617353, 
4011) 2427960338, 
4012) 2428318047, 
4013) 2428413316, 
4014) 2429951684, 
4015) 2430007784, 
4016) 2430426361, 
4017) 2430490710, 
4018) 2430851930, 
4019) 2431644278, 
4020) 2433017652, 
4021) 2433212859, 
4022) 2433449365, 
4023) 2433636415, 
4024) 2434190642, 
4025) 2434177803, 
4026) 2434148768, 
4027) 2435396804, 
4028) 2435434661, 
4029) 2436412338, 
4030) 2436671558, 
4031) 2436939646, 
4032) 2437322664, 
4033) 2437655876, 
4034) 2438179222, 
4035) 2438866064, 
4036) 2438960113, 
4037) 2439349211, 
4038) 2439753274, 
4039) 2440076758, 
4040) 2440211354, 
4041) 2440280051, 
4042) 2440806635, 
4043) 2443701245, 
4044) 2441444750, 
4045) 2441071178, 
4046) 2443855492, 
4047) 2445041056, 
4048) 2445372684, 
4049) 2445748173, 
4050) 2445787788, 
4051) 2445812345, 
4052) 2446921246, 
4053) 2447017161, 
4054) 2447649589, 
4055) 2447676276, 
4056) 2447854477, 
4057) 2448192551, 
4058) 2448207084, 
4059) 2448216649, 
4060) 2448598822, 
4061) 2448940386, 
4062) 2449203822, 
4063) 2451627880, 
4064) 2450406219, 
4065) 2449460007, 
4066) 2452336663, 
4067) 2452548645, 
4068) 2452736960, 
4069) 2453728098, 
4070) 2453976669, 
4071) 2454731051, 
4072) 2457963298, 
4073) 2459799616, 
4074) 2459800558, 
4075) 2461608188, 
4076) 2463280986, 
4077) 2463583196, 
4078) 2463698279, 
4079) 2464271615, 
4080) 2464639972, 
4081) 2465558242, 
4082) 2466820581, 
4083) 2466198983, 
4084) 2466122439, 
4085) 2466849635, 
4086) 2467300239, 
4087) 2467525927, 
4088) 2468487668, 
4089) 2469339617, 
4090) 2470776590, 
4091) 2471780282, 
4092) 2472298895, 
4093) 2472439444, 
4094) 2472531972, 
4095) 2472580337, 
4096) 2473247373, 
4097) 2473434821, 
4098) 2474452767, 
4099) 2474787807, 
4100) 2475791420, 
4101) 2476536597, 
4102) 2477868767, 
4103) 2477075125, 
4104) 2476681565, 
4105) 2477960597, 
4106) 2478094995, 
4107) 2478771588, 
4108) 2478929788, 
4109) 2478972278, 
4110) 2479296375, 
4111) 2480166314, 
4112) 2480196844, 
4113) 2481598503, 
4114) 2481844087, 
4115) 2483352347, 
4116) 2484280608, 
4117) 2484319852, 
4118) 2484873921, 
4119) 2486377343, 
4120) 2486825202, 
4121) 2488798382, 
4122) 2487594251, 
4123) 2487467751, 
4124) 2489574878, 
4125) 2490334312, 
4126) 2490376478, 
4127) 2492585468, 
4128) 2494435976, 
4129) 2495092213, 
4130) 2495845257, 
4131) 2496075724, 
4132) 2497071506, 
4133) 2498208326, 
4134) 2498215116, 
4135) 2498486593, 
4136) 2498860304, 
4137) 2499293936, 
4138) 2500247602, 
4139) 2500397048, 
4140) 2500400203, 
4141) 2502682926, 
4142) 2501772198, 
4143) 2501693310, 
4144) 2503206134, 
4145) 2504065800, 
4146) 2504208472, 
4147) 2505672384, 
4148) 2505932975, 
4149) 2506151064, 
4150) 2506816746, 
4151) 2507848159, 
4152) 2507942586, 
4153) 2509440633, 
4154) 2509909374, 
4155) 2510317845, 
4156) 2511644067, 
4157) 2511767297, 
4158) 2511770444, 
4159) 2512050705, 
4160) 2513130030, 
4161) 2512827966, 
4162) 2512370392, 
4163) 2514371117, 
4164) 2514780509, 
4165) 2515178001, 
4166) 2515373487, 
4167) 2515792241, 
4168) 2518425888, 
4169) 2519320207, 
4170) 2519543841, 
4171) 2519814123, 
4172) 2520126538, 
4173) 2520143736, 
4174) 2520599559, 
4175) 2521500061, 
4176) 2522623225, 
4177) 2523040890, 
4178) 2523484458, 
4179) 2523604509, 
4180) 2524400242, 
4181) 2524368127, 
4182) 2523842521, 
4183) 2524592985, 
4184) 2525421608, 
4185) 2526509007, 
4186) 2527014731, 
4187) 2527570526, 
4188) 2528313685, 
4189) 2529703270, 
4190) 2530387075, 
4191) 2530781390, 
4192) 2531540966, 
4193) 2531623106, 
4194) 2531981481, 
4195) 2532435919, 
4196) 2532547571, 
4197) 2534084317, 
4198) 2534192435, 
4199) 2534771364, 
4200) 2534469836, 
4201) 2534232455, 
4202) 2535234206, 
4203) 2536007723, 
4204) 2536426107, 
4205) 2537314881, 
4206) 2537316387, 
4207) 2538026986, 
4208) 2538287921, 
4209) 2539188553, 
4210) 2541494681, 
4211) 2543139330, 
4212) 2543349740, 
4213) 2543357277, 
4214) 2545315339, 
4215) 2546220111, 
4216) 2546675353, 
4217) 2546881363, 
4218) 2547164513, 
4219) 2548393588, 
4220) 2547400051, 
4221) 2547325175, 
4222) 2548941448, 
4223) 2548969495, 
4224) 2549059475, 
4225) 2549308027, 
4226) 2550305454, 
4227) 2550561341, 
4228) 2550832846, 
4229) 2550954184, 
4230) 2553284877, 
4231) 2553875148, 
4232) 2554343949, 
4233) 2554441744, 
4234) 2554560791, 
4235) 2554663221, 
4236) 2554689295, 
4237) 2554720290, 
4238) 2556455707, 
4239) 2556166602, 
4240) 2556050941, 
4241) 2556990720, 
4242) 2557345647, 
4243) 2557407976, 
4244) 2557743941, 
4245) 2558692014, 
4246) 2560109432, 
4247) 2561591879, 
4248) 2562621335, 
4249) 2562695068, 
4250) 2563414813, 
4251) 2563713566, 
4252) 2564075489, 
4253) 2565369607, 
4254) 2565755209, 
4255) 2565864769, 
4256) 2566530193, 
4257) 2566684552, 
4258) 2568025612, 
4259) 2567530355, 
4260) 2566752404, 
4261) 2568069529, 
4262) 2569473646, 
4263) 2570133768, 
4264) 2570711526, 
4265) 2572080861, 
4266) 2572326996, 
4267) 2572684286, 
4268) 2573437811, 
4269) 2573616067, 
4270) 2574546065, 
4271) 2575295878, 
4272) 2575594865, 
4273) 2576296526, 
4274) 2577377465, 
4275) 2577539220, 
4276) 2579283533, 
4277) 2579366324, 
4278) 2579324397, 
4279) 2579319564, 
4280) 2579469731, 
4281) 2579562696, 
4282) 2580581935, 
4283) 2581501917, 
4284) 2581651336, 
4285) 2583101854, 
4286) 2583211801, 
4287) 2583404813, 
4288) 2584405113, 
4289) 2584426671, 
4290) 2585268571, 
4291) 2586683607, 
4292) 2586780338, 
4293) 2587171019, 
4294) 2587427255, 
4295) 2588198535, 
4296) 2588355734, 
4297) 2593593688, 
4298) 2591536070, 
4299) 2589379591, 
4300) 2593769921, 
4301) 2593930653, 
4302) 2594020929, 
4303) 2594540111, 
4304) 2594706872, 
4305) 2595249482, 
4306) 2596207086, 
4307) 2596377815, 
4308) 2597741294, 
4309) 2597753356, 
4310) 2598146353, 
4311) 2600363923, 
4312) 2600628699, 
4313) 2601180618, 
4314) 2601412027, 
4315) 2601875747, 
4316) 2603030457, 
4317) 2602978997, 
4318) 2601952284, 
4319) 2603812972, 
4320) 2603905138, 
4321) 2605524284, 
4322) 2605716392, 
4323) 2607526774, 
4324) 2608021102, 
4325) 2609723620, 
4326) 2609745463, 
4327) 2610077359, 
4328) 2610120911, 
4329) 2610391528, 
4330) 2610571563, 
4331) 2611028799, 
4332) 2611217602, 
4333) 2611903246, 
4334) 2612578485, 
4335) 2612616396, 
4336) 2613684746, 
4337) 2612761262, 
4338) 2612679173, 
4339) 2613943836, 
4340) 2614350260, 
4341) 2616724721, 
4342) 2616948313, 
4343) 2617019758, 
4344) 2617145565, 
4345) 2618805172, 
4346) 2619748262, 
4347) 2619750323, 
4348) 2619770469, 
4349) 2620765041, 
4350) 2621881965, 
4351) 2622622786, 
4352) 2622992614, 
4353) 2623466669, 
4354) 2623733733, 
4355) 2624695889, 
4356) 2624588675, 
4357) 2624299572, 
4358) 2626248876, 
4359) 2626381553, 
4360) 2626680291, 
4361) 2626834714, 
4362) 2628326261, 
4363) 2629713118, 
4364) 2630095525, 
4365) 2631284568, 
4366) 2632982285, 
4367) 2635721188, 
4368) 2635784223, 
4369) 2635785024, 
4370) 2636633182, 
4371) 2636803745, 
4372) 2637090699, 
4373) 2637415156, 
4374) 2637441155, 
4375) 2637910957, 
4376) 2637879421, 
4377) 2637620734, 
4378) 2637568743, 
4379) 2637505042, 
4380) 2638474193, 
4381) 2638937339, 
4382) 2639250219, 
4383) 2639360028, 
4384) 2639847817, 
4385) 2640117328, 
4386) 2640859790, 
4387) 2641887799, 
4388) 2643526361, 
4389) 2643913139, 
4390) 2644280809, 
4391) 2644858908, 
4392) 2644905570, 
4393) 2645143783, 
4394) 2646302691, 
4395) 2646755397, 
4396) 2647084214, 
4397) 2648261705, 
4398) 2649348727, 
4399) 2649404164, 
4400) 2651156288, 
4401) 2652903417, 
4402) 2653890751, 
4403) 2654182278, 
4404) 2655692465, 
4405) 2655932570, 
4406) 2656089942, 
4407) 2656417667, 
4408) 2656868121, 
4409) 2657488842, 
4410) 2657643373, 
4411) 2658396397, 
4412) 2658479741, 
4413) 2661133306, 
4414) 2662155695, 
4415) 2664331860, 
4416) 2663811375, 
4417) 2662476129, 
4418) 2664432197, 
4419) 2664943109, 
4420) 2665792120, 
4421) 2665885963, 
4422) 2666114470, 
4423) 2666158446, 
4424) 2666256856, 
4425) 2666971031, 
4426) 2667075117, 
4427) 2667967500, 
4428) 2668187620, 
4429) 2668269487, 
4430) 2668336321, 
4431) 2669102120, 
4432) 2669134201, 
4433) 2669342354, 
4434) 2670415585, 
4435) 2670404733, 
4436) 2669666117, 
4437) 2670613970, 
4438) 2671410910, 
4439) 2671954342, 
4440) 2672994154, 
4441) 2673668912, 
4442) 2674091587, 
4443) 2674263077, 
4444) 2674775475, 
4445) 2675138069, 
4446) 2675250821, 
4447) 2675435093, 
4448) 2676923343, 
4449) 2678147488, 
4450) 2678952855, 
4451) 2679735591, 
4452) 2680740475, 
4453) 2681744089, 
4454) 2682777683, 
4455) 2682306798, 
4456) 2681778067, 
4457) 2682871450, 
4458) 2682929548, 
4459) 2683128323, 
4460) 2683691337, 
4461) 2684017506, 
4462) 2685117472, 
4463) 2685954715, 
4464) 2687426827, 
4465) 2688407275, 
4466) 2688902987, 
4467) 2689050953, 
4468) 2690841763, 
4469) 2691595603, 
4470) 2693361363, 
4471) 2693905443, 
4472) 2694216979, 
4473) 2697691679, 
4474) 2696570238, 
4475) 2694929560, 
4476) 2698263491, 
4477) 2698813859, 
4478) 2699671114, 
4479) 2699740355, 
4480) 2702002904, 
4481) 2703309259, 
4482) 2704793719, 
4483) 2705443452, 
4484) 2705512213, 
4485) 2705517129, 
4486) 2705521945, 
4487) 2705589271, 
4488) 2706158773, 
4489) 2708329287, 
4490) 2709173951, 
4491) 2709656583, 
4492) 2709678602, 
4493) 2712321186, 
4494) 2711908395, 
4495) 2710647259, 
4496) 2712413722, 
4497) 2712437237, 
4498) 2712741344, 
4499) 2713000720, 
4500) 2713527164, 
4501) 2713661284, 
4502) 2714460527, 
4503) 2714514965, 
4504) 2714527670, 
4505) 2716686545, 
4506) 2717453259, 
4507) 2717552894, 
4508) 2718318064, 
4509) 2719663002, 
4510) 2721006627, 
4511) 2721248704, 
4512) 2723958117, 
4513) 2723124461, 
4514) 2721295251, 
4515) 2724421717, 
4516) 2724514455, 
4517) 2724619232, 
4518) 2725007594, 
4519) 2726664435, 
4520) 2726686179, 
4521) 2727503018, 
4522) 2728006895, 
4523) 2728882872, 
4524) 2729759077, 
4525) 2729964373, 
4526) 2730067577, 
4527) 2731019012, 
4528) 2731103345, 
4529) 2732648156, 
4530) 2733581811, 
4531) 2734169103, 
4532) 2735394830, 
4533) 2735375723, 
4534) 2734425280, 
4535) 2735734614, 
4536) 2736068319, 
4537) 2736210688, 
4538) 2736712114, 
4539) 2739246254, 
4540) 2739482084, 
4541) 2740204065, 
4542) 2740232244, 
4543) 2741549787, 
4544) 2742077115, 
4545) 2742314579, 
4546) 2743363741, 
4547) 2743798557, 
4548) 2744186696, 
4549) 2744583358, 
4550) 2744898892, 
4551) 2745719032, 
4552) 2745714553, 
4553) 2744948899, 
4554) 2745808457, 
4555) 2746356392, 
4556) 2747913733, 
4557) 2748739905, 
4558) 2748989938, 
4559) 2750094826, 
4560) 2751270110, 
4561) 2751830341, 
4562) 2752038826, 
4563) 2752211115, 
4564) 2752291212, 
4565) 2752551403, 
4566) 2752965617, 
4567) 2753095610, 
4568) 2753182340, 
4569) 2753222072, 
4570) 2754860925, 
4571) 2755761704, 
4572) 2755734513, 
4573) 2755565860, 
4574) 2755800276, 
4575) 2757466073, 
4576) 2758030495, 
4577) 2758762501, 
4578) 2758773756, 
4579) 2759912421, 
4580) 2760693096, 
4581) 2761829663, 
4582) 2761887430, 
4583) 2762330426, 
4584) 2762472580, 
4585) 2762598795, 
4586) 2763668552, 
4587) 2763741866, 
4588) 2763917263, 
4589) 2764522337, 
4590) 2765325197, 
4591) 2764708566, 
4592) 2764590514, 
4593) 2765704601, 
4594) 2765725010, 
4595) 2767212649, 
4596) 2767333418, 
4597) 2767569029, 
4598) 2767709651, 
4599) 2768781455, 
4600) 2769577928, 
4601) 2769856546, 
4602) 2769934047, 
4603) 2771321187, 
4604) 2771323405, 
4605) 2771584997, 
4606) 2771614065, 
4607) 2772293272, 
4608) 2772522895, 
4609) 2774356784, 
4610) 2774896375, 
4611) 2774723046, 
4612) 2774683747, 
4613) 2776596009, 
4614) 2779790528, 
4615) 2780692516, 
4616) 2782161407, 
4617) 2782758851, 
4618) 2782770981, 
4619) 2783034455, 
4620) 2783547784, 
4621) 2783791094, 
4622) 2784318750, 
4623) 2784742072, 
4624) 2785435135, 
4625) 2785707257, 
4626) 2786314377, 
4627) 2786520615, 
4628) 2786666530, 
4629) 2787197718, 
4630) 2786994075, 
4631) 2786823163, 
4632) 2787269108, 
4633) 2787674700, 
4634) 2788248562, 
4635) 2788503192, 
4636) 2789078727, 
4637) 2790011593, 
4638) 2790589522, 
4639) 2791434614, 
4640) 2791775146, 
4641) 2791987203, 
4642) 2793542227, 
4643) 2793602174, 
4644) 2793670400, 
4645) 2793997303, 
4646) 2795798618, 
4647) 2797272742, 
4648) 2797620477, 
4649) 2799358821, 
4650) 2798170536, 
4651) 2797637441, 
4652) 2800014809, 
4653) 2800777334, 
4654) 2802090512, 
4655) 2802551157, 
4656) 2803082480, 
4657) 2804728782, 
4658) 2806166349, 
4659) 2806724745, 
4660) 2806840522, 
4661) 2806881162, 
4662) 2807454303, 
4663) 2807898938, 
4664) 2808140500, 
4665) 2808267346, 
4666) 2809953674, 
4667) 2810030824, 
4668) 2811934924, 
4669) 2811837447, 
4670) 2810767433, 
4671) 2812235486, 
4672) 2813679115, 
4673) 2813895223, 
4674) 2816901980, 
4675) 2817303948, 
4676) 2817345075, 
4677) 2817818513, 
4678) 2817831183, 
4679) 2818405080, 
4680) 2818844491, 
4681) 2819309186, 
4682) 2820151402, 
4683) 2820369172, 
4684) 2820433687, 
4685) 2820709721, 
4686) 2821578772, 
4687) 2822216308, 
4688) 2824281080, 
4689) 2823197959, 
4690) 2822394679, 
4691) 2824772604, 
4692) 2825172659, 
4693) 2825415836, 
4694) 2825482690, 
4695) 2825659461, 
4696) 2825960254, 
4697) 2826241284, 
4698) 2826686451, 
4699) 2827383594, 
4700) 2827779245, 
4701) 2827897427, 
4702) 2828730935, 
4703) 2829950272, 
4704) 2830296374, 
4705) 2831066928, 
4706) 2832006281, 
4707) 2833027136, 
4708) 2833010603, 
4709) 2832736587, 
4710) 2833530279, 
4711) 2833586795, 
4712) 2835297414, 
4713) 2835499757, 
4714) 2835534465, 
4715) 2835550470, 
4716) 2836090493, 
4717) 2836633436, 
4718) 2836713901, 
4719) 2837047588, 
4720) 2837571235, 
4721) 2838785475, 
4722) 2839265737, 
4723) 2840361057, 
4724) 2843018200, 
4725) 2845100020, 
4726) 2846452586, 
4727) 2848127706, 
4728) 2847842591, 
4729) 2846824881, 
4730) 2848137555, 
4731) 2848223686, 
4732) 2848449178, 
4733) 2851897555, 
4734) 2851944883, 
4735) 2852111721, 
4736) 2852537594, 
4737) 2852721968, 
4738) 2853743344, 
4739) 2854026622, 
4740) 2854297631, 
4741) 2854447200, 
4742) 2855179494, 
4743) 2855427160, 
4744) 2856139572, 
4745) 2856624781, 
4746) 2858789228, 
4747) 2858175546, 
4748) 2857888137, 
4749) 2860317631, 
4750) 2861019579, 
4751) 2862494983, 
4752) 2862586456, 
4753) 2863315525, 
4754) 2864138672, 
4755) 2865028646, 
4756) 2865384618, 
4757) 2865424577, 
4758) 2865735908, 
4759) 2866506701, 
4760) 2866683124, 
4761) 2866902986, 
4762) 2867105798, 
4763) 2867241780, 
4764) 2867469507, 
4765) 2867898595, 
4766) 2868822772, 
4767) 2868194975, 
4768) 2868065913, 
4769) 2869258278, 
4770) 2870016488, 
4771) 2871996380, 
4772) 2872440787, 
4773) 2873423203, 
4774) 2873690162, 
4775) 2874080943, 
4776) 2874626506, 
4777) 2875252878, 
4778) 2875325685, 
4779) 2875903618, 
4780) 2875962701, 
4781) 2876118618, 
4782) 2876952022, 
4783) 2877259563, 
4784) 2877351397, 
4785) 2879694328, 
4786) 2878293128, 
4787) 2877597714, 
4788) 2879969404, 
4789) 2880498220, 
4790) 2881743916, 
4791) 2882547950, 
4792) 2882551034, 
4793) 2882635018, 
4794) 2882739202, 
4795) 2883261876, 
4796) 2884609017, 
4797) 2884632383, 
4798) 2884643952, 
4799) 2885186071, 
4800) 2885742157, 
4801) 2887497384, 
4802) 2887782989, 
4803) 2889158546, 
4804) 2890213553, 
4805) 2890566379, 
4806) 2890476051, 
4807) 2890333211, 
4808) 2891437845, 
4809) 2892117931, 
4810) 2892185667, 
4811) 2893585164, 
4812) 2893841898, 
4813) 2894009301, 
4814) 2894034854, 
4815) 2894112280, 
4816) 2894127334, 
4817) 2895007649, 
4818) 2895182491, 
4819) 2896362402, 
4820) 2896931592, 
4821) 2897195529, 
4822) 2897720771, 
4823) 2898089303, 
4824) 2901918489, 
4825) 2899955915, 
4826) 2899749740, 
4827) 2902651029, 
4828) 2902882639, 
4829) 2903276062, 
4830) 2903637881, 
4831) 2903942192, 
4832) 2904096980, 
4833) 2905506512, 
4834) 2905954179, 
4835) 2906347735, 
4836) 2906399097, 
4837) 2906914178, 
4838) 2907157057, 
4839) 2907557060, 
4840) 2908033640, 
4841) 2908950326, 
4842) 2909017452, 
4843) 2909030511, 
4844) 2913693754, 
4845) 2912976326, 
4846) 2910252539, 
4847) 2913780046, 
4848) 2914179877, 
4849) 2914289788, 
4850) 2915728544, 
4851) 2915773371, 
4852) 2915886831, 
4853) 2916751542, 
4854) 2917686781, 
4855) 2918310571, 
4856) 2918453178, 
4857) 2919541562, 
4858) 2920127890, 
4859) 2920469259, 
4860) 2921272313, 
4861) 2922079754, 
4862) 2922377781, 
4863) 2926130628, 
4864) 2925626413, 
4865) 2925398585, 
4866) 2926320949, 
4867) 2926327550, 
4868) 2926777021, 
4869) 2926831469, 
4870) 2927293869, 
4871) 2927511828, 
4872) 2927621451, 
4873) 2927684511, 
4874) 2928092601, 
4875) 2928279330, 
4876) 2929789009, 
4877) 2929796468, 
4878) 2930375590, 
4879) 2930392625, 
4880) 2930479418, 
4881) 2930965462, 
4882) 2931123878, 
4883) 2932496478, 
4884) 2932098703, 
4885) 2931399211, 
4886) 2932620828, 
4887) 2932750791, 
4888) 2933637078, 
4889) 2933682480, 
4890) 2934450309, 
4891) 2935008109, 
4892) 2935314807, 
4893) 2936093837, 
4894) 2936358079, 
4895) 2936610438, 
4896) 2936795582, 
4897) 2936812475, 
4898) 2939459156, 
4899) 2940025330, 
4900) 2940263004, 
4901) 2941324599, 
4902) 2943812758, 
4903) 2942628390, 
4904) 2941658494, 
4905) 2945045022, 
4906) 2945660527, 
4907) 2945710279, 
4908) 2945845811, 
4909) 2946172400, 
4910) 2946746270, 
4911) 2947737264, 
4912) 2948300139, 
4913) 2949404740, 
4914) 2949938783, 
4915) 2950525282, 
4916) 2950892310, 
4917) 2951056631, 
4918) 2951071035, 
4919) 2951987158, 
4920) 2952645304, 
4921) 2952903918, 
4922) 2953680125, 
4923) 2953360817, 
4924) 2953013072, 
4925) 2955890598, 
4926) 2956400866, 
4927) 2956433097, 
4928) 2957598463, 
4929) 2957632703, 
4930) 2957789134, 
4931) 2958899608, 
4932) 2960510975, 
4933) 2962052430, 
4934) 2962195203, 
4935) 2963272118, 
4936) 2965101210, 
4937) 2965814194, 
4938) 2965936807, 
4939) 2966280425, 
4940) 2966896459, 
4941) 2970017937, 
4942) 2968373717, 
4943) 2967298978, 
4944) 2970931838, 
4945) 2970957983, 
4946) 2971723815, 
4947) 2972027918, 
4948) 2972053013, 
4949) 2972657373, 
4950) 2972837684, 
4951) 2973164453, 
4952) 2973468951, 
4953) 2973777093, 
4954) 2973968798, 
4955) 2974177404, 
4956) 2974676654, 
4957) 2974707610, 
4958) 2974877635, 
4959) 2974885648, 
4960) 2975111487, 
4961) 2976426744, 
4962) 2976373687, 
4963) 2975325965, 
4964) 2976442310, 
4965) 2977448621, 
4966) 2977635202, 
4967) 2978516868, 
4968) 2980073205, 
4969) 2981059379, 
4970) 2981174820, 
4971) 2981265574, 
4972) 2981315459, 
4973) 2983442347, 
4974) 2983783224, 
4975) 2984187986, 
4976) 2984242577, 
4977) 2984276218, 
4978) 2984477220, 
4979) 2984957525, 
4980) 2987562474, 
4981) 2985787408, 
4982) 2985290395, 
4983) 2989199946, 
4984) 2989830310, 
4985) 2990475962, 
4986) 2990742786, 
4987) 2990755307, 
4988) 2991127545, 
4989) 2991528353, 
4990) 2992576626, 
4991) 2993070010, 
4992) 2993097175, 
4993) 2994166642, 
4994) 2997298181, 
4995) 2997599116, 
4996) 2998285884, 
4997) 2998380459, 
4998) 2998450500, 
4999) 2999777878, 
