Number of elements is 1000
Type of array is rendomized
Sorting algorithm - Shell
Running time of sorting algorithm is 80ms
0) 6050010, 
1) 30539104, 
2) 35306964, 
3) 2130835, 
4) 30939377, 
5) 35908832, 
6) 32959888, 
7) 40396296, 
8) 25001354, 
9) 48376575, 
10) 52641585, 
11) 36243571, 
12) 75095560, 
13) 85722662, 
14) 77928650, 
15) 91886437, 
16) 95020149, 
17) 98915738, 
18) 57564503, 
19) 70875868, 
20) 59166520, 
21) 113792898, 
22) 117111794, 
23) 77353974, 
24) 121578049, 
25) 111272600, 
26) 110127263, 
27) 122145431, 
28) 64978362, 
29) 83008071, 
30) 134869606, 
31) 134843963, 
32) 128122717, 
33) 131999254, 
34) 44650156, 
35) 94608613, 
36) 140777581, 
37) 151995750, 
38) 128144829, 
39) 154316597, 
40) 141816266, 
41) 143512390, 
42) 131107973, 
43) 159869080, 
44) 96715434, 
45) 166484240, 
46) 166944821, 
47) 149667032, 
48) 154611485, 
49) 136895486, 
50) 99005523, 
51) 197988475, 
52) 112701936, 
53) 177305891, 
54) 171716811, 
55) 188438942, 
56) 31720867, 
57) 223385454, 
58) 203447832, 
59) 35792150, 
60) 234152822, 
61) 222769274, 
62) 244174985, 
63) 179849516, 
64) 198697021, 
65) 64126747, 
66) 198110537, 
67) 99396199, 
68) 259291669, 
69) 259671959, 
70) 246247097, 
71) 209337149, 
72) 126204739, 
73) 209807213, 
74) 161987001, 
75) 248699362, 
76) 233489880, 
77) 271214717, 
78) 298385030, 
79) 235045744, 
80) 188452576, 
81) 301530014, 
82) 269285946, 
83) 179104597, 
84) 287755853, 
85) 292290969, 
86) 240087004, 
87) 299051192, 
88) 223747470, 
89) 309005634, 
90) 118957426, 
91) 95997767, 
92) 320196479, 
93) 316797165, 
94) 329852946, 
95) 233709749, 
96) 180550491, 
97) 303920128, 
98) 330149020, 
99) 357069414, 
100) 359578575, 
101) 284954545, 
102) 350399292, 
103) 195421760, 
104) 118513172, 
105) 319825232, 
106) 368036794, 
107) 379826705, 
108) 381631678, 
109) 388937530, 
110) 355061038, 
111) 340541249, 
112) 377003602, 
113) 176816566, 
114) 284015920, 
115) 403407307, 
116) 256113410, 
117) 245482122, 
118) 292682758, 
119) 342859316, 
120) 232322938, 
121) 227246688, 
122) 416931011, 
123) 325355981, 
124) 211933387, 
125) 372924655, 
126) 380246840, 
127) 212118106, 
128) 383429603, 
129) 417343069, 
130) 420340832, 
131) 363556375, 
132) 416981498, 
133) 384146359, 
134) 279869394, 
135) 430483201, 
136) 462188451, 
137) 485680016, 
138) 432450305, 
139) 474678821, 
140) 387162899, 
141) 443864844, 
142) 463536398, 
143) 413523288, 
144) 348467779, 
145) 386963913, 
146) 453092354, 
147) 488296048, 
148) 286941248, 
149) 343958645, 
150) 497246573, 
151) 517108988, 
152) 276794381, 
153) 301818525, 
154) 424787546, 
155) 453748899, 
156) 272004583, 
157) 388565138, 
158) 381998804, 
159) 532195717, 
160) 511182751, 
161) 506276882, 
162) 466213769, 
163) 511262924, 
164) 517370504, 
165) 534197185, 
166) 527073906, 
167) 552827571, 
168) 484342211, 
169) 246438054, 
170) 519942248, 
171) 572823396, 
172) 566548706, 
173) 543243623, 
174) 465954044, 
175) 412009120, 
176) 509467488, 
177) 522813413, 
178) 448945673, 
179) 558750519, 
180) 264789794, 
181) 221469411, 
182) 390442659, 
183) 481487762, 
184) 540143137, 
185) 564126882, 
186) 534108998, 
187) 580884123, 
188) 594158483, 
189) 544951242, 
190) 610779548, 
191) 598812229, 
192) 327341949, 
193) 617725394, 
194) 571387526, 
195) 615824826, 
196) 601365196, 
197) 552289916, 
198) 648559992, 
199) 623659285, 
200) 548810473, 
201) 545567227, 
202) 659584138, 
203) 615310144, 
204) 677962238, 
205) 688663174, 
206) 418778295, 
207) 690037573, 
208) 243981449, 
209) 647478483, 
210) 696261886, 
211) 652890283, 
212) 625180599, 
213) 751971090, 
214) 684766229, 
215) 311528077, 
216) 707482420, 
217) 430185371, 
218) 724911521, 
219) 699651795, 
220) 760490353, 
221) 398678386, 
222) 500318720, 
223) 648659456, 
224) 463449949, 
225) 765247427, 
226) 675833370, 
227) 645855303, 
228) 792725011, 
229) 772585499, 
230) 773328970, 
231) 705965068, 
232) 804537721, 
233) 807876783, 
234) 864986657, 
235) 814122931, 
236) 737843913, 
237) 481045344, 
238) 123111436, 
239) 633439752, 
240) 806902607, 
241) 536870429, 
242) 420444723, 
243) 314367297, 
244) 799329558, 
245) 534636705, 
246) 924361819, 
247) 927306871, 
248) 528366902, 
249) 235003973, 
250) 784515217, 
251) 820241545, 
252) 843511950, 
253) 293856801, 
254) 789339935, 
255) 811153930, 
256) 606818883, 
257) 810586014, 
258) 932286445, 
259) 881018669, 
260) 504677021, 
261) 968008755, 
262) 758469809, 
263) 716407186, 
264) 821813261, 
265) 984972426, 
266) 899795015, 
267) 921403878, 
268) 576998300, 
269) 986292319, 
270) 776083215, 
271) 436452600, 
272) 765495186, 
273) 864459496, 
274) 601384775, 
275) 998051946, 
276) 1078011353, 
277) 1024134247, 
278) 997374933, 
279) 682252435, 
280) 771373685, 
281) 454811346, 
282) 1020800096, 
283) 1129557456, 
284) 974681607, 
285) 850588832, 
286) 1014267511, 
287) 950784305, 
288) 930864677, 
289) 1019796153, 
290) 1140122142, 
291) 1160647583, 
292) 852452830, 
293) 863676392, 
294) 314137481, 
295) 865409938, 
296) 1178874537, 
297) 533430685, 
298) 1010775786, 
299) 492104388, 
300) 891841810, 
301) 998485530, 
302) 843644432, 
303) 1016199037, 
304) 899496859, 
305) 811273613, 
306) 285641500, 
307) 1140084575, 
308) 637331904, 
309) 1094160458, 
310) 1297557040, 
311) 1247896212, 
312) 823498149, 
313) 870027182, 
314) 870605322, 
315) 891245933, 
316) 238044308, 
317) 1020456971, 
318) 996713910, 
319) 1178258562, 
320) 1224449268, 
321) 1152851799, 
322) 651697939, 
323) 1053299748, 
324) 1061029780, 
325) 1301731271, 
326) 714756915, 
327) 1275817984, 
328) 1277902101, 
329) 1107930754, 
330) 795346262, 
331) 828854248, 
332) 1306889981, 
333) 968795317, 
334) 1135316275, 
335) 717519589, 
336) 666755627, 
337) 1177466542, 
338) 1328080005, 
339) 1204352416, 
340) 845210258, 
341) 1350590110, 
342) 1329302247, 
343) 860259314, 
344) 1215843240, 
345) 885646955, 
346) 1203934105, 
347) 910124551, 
348) 1259187722, 
349) 699776778, 
350) 1228908632, 
351) 937000848, 
352) 1116358017, 
353) 1227973869, 
354) 976982814, 
355) 1357999611, 
356) 1130610906, 
357) 1359829523, 
358) 1100371513, 
359) 1385287524, 
360) 919531441, 
361) 1264969812, 
362) 488384365, 
363) 434026587, 
364) 292657522, 
365) 1339485976, 
366) 1174744909, 
367) 1011655710, 
368) 1190761411, 
369) 1068261689, 
370) 1185791932, 
371) 588171372, 
372) 1357643485, 
373) 636852681, 
374) 495250601, 
375) 1302548939, 
376) 1027983993, 
377) 1394573218, 
378) 1066232377, 
379) 1019686333, 
380) 1225065529, 
381) 819832600, 
382) 1333775891, 
383) 1390810223, 
384) 1330098403, 
385) 692017993, 
386) 1329186119, 
387) 1396444496, 
388) 1267149477, 
389) 1403360362, 
390) 1406688131, 
391) 874421594, 
392) 1231853820, 
393) 1294372031, 
394) 1481931865, 
395) 1240513440, 
396) 974742743, 
397) 943171114, 
398) 1240476330, 
399) 1110869468, 
400) 1484200795, 
401) 1453680164, 
402) 799527977, 
403) 920524869, 
404) 1406399767, 
405) 1328790397, 
406) 609167227, 
407) 1495212275, 
408) 1300100912, 
409) 1141025015, 
410) 1494288508, 
411) 1500928322, 
412) 1525002553, 
413) 1487116064, 
414) 1413392154, 
415) 1210534225, 
416) 1399436156, 
417) 1342602578, 
418) 1456051242, 
419) 635143354, 
420) 1024282091, 
421) 594085022, 
422) 1370484068, 
423) 1507685479, 
424) 1119383387, 
425) 1378432046, 
426) 1410918796, 
427) 1367868460, 
428) 1256692956, 
429) 749785708, 
430) 1455285417, 
431) 262695173, 
432) 1287649059, 
433) 1185376700, 
434) 772982763, 
435) 1248376106, 
436) 1535601358, 
437) 1289618358, 
438) 884715824, 
439) 1514674398, 
440) 1349294880, 
441) 1280688692, 
442) 899557769, 
443) 1098388934, 
444) 1516896131, 
445) 1542049921, 
446) 1466570254, 
447) 942668746, 
448) 1526490810, 
449) 1492801305, 
450) 1520895530, 
451) 950617136, 
452) 1546023614, 
453) 1414011259, 
454) 1556462492, 
455) 1411576524, 
456) 1576048122, 
457) 1440221428, 
458) 679879482, 
459) 1588767656, 
460) 1041620150, 
461) 1179779483, 
462) 1579803029, 
463) 1590216195, 
464) 1595741765, 
465) 1415836160, 
466) 1599470238, 
467) 1540944002, 
468) 1297519721, 
469) 1621395852, 
470) 944678774, 
471) 406570888, 
472) 595113042, 
473) 1562242258, 
474) 569517002, 
475) 890175324, 
476) 940312873, 
477) 1481188145, 
478) 1439277729, 
479) 1599921024, 
480) 1619276737, 
481) 1616797412, 
482) 1485355310, 
483) 1607009182, 
484) 1510011107, 
485) 1534503483, 
486) 950363567, 
487) 608607219, 
488) 1188490012, 
489) 1273892031, 
490) 1632394795, 
491) 1466148638, 
492) 374637021, 
493) 499770369, 
494) 1602910124, 
495) 1285790948, 
496) 1650613514, 
497) 1594535427, 
498) 1390266736, 
499) 1222250911, 
500) 1634938794, 
501) 1437131296, 
502) 851761804, 
503) 438387917, 
504) 1410918434, 
505) 932756475, 
506) 1079389800, 
507) 1694241867, 
508) 1512148905, 
509) 1603689686, 
510) 1689609733, 
511) 1696989898, 
512) 1635193161, 
513) 1617371379, 
514) 1733406951, 
515) 1527550738, 
516) 1758867677, 
517) 1225418431, 
518) 1723162162, 
519) 1689374248, 
520) 1467463060, 
521) 1022551450, 
522) 1737186014, 
523) 1703978685, 
524) 1730043929, 
525) 1803407749, 
526) 1615551413, 
527) 1697880117, 
528) 1750440174, 
529) 1747986731, 
530) 1623702877, 
531) 1211622077, 
532) 1658863806, 
533) 1765686100, 
534) 1822678809, 
535) 1805710145, 
536) 1775537454, 
537) 1762844238, 
538) 1777422246, 
539) 1788214721, 
540) 1805166807, 
541) 1815189729, 
542) 1797343760, 
543) 1826085211, 
544) 1278517142, 
545) 1088439012, 
546) 1784393709, 
547) 1188209095, 
548) 1566262054, 
549) 1827028856, 
550) 1691152679, 
551) 1830016818, 
552) 1834390524, 
553) 1548055254, 
554) 1639854913, 
555) 1364868477, 
556) 294679665, 
557) 1621848757, 
558) 1812184118, 
559) 1633214982, 
560) 1707406616, 
561) 1857300706, 
562) 1807811879, 
563) 1532404904, 
564) 1901965733, 
565) 1849891285, 
566) 1321569220, 
567) 1473670797, 
568) 1319498805, 
569) 1830649549, 
570) 1909302649, 
571) 1854721553, 
572) 1786490899, 
573) 1137248722, 
574) 1905179514, 
575) 1835750219, 
576) 1453602397, 
577) 1919360586, 
578) 1868714521, 
579) 1647400235, 
580) 1881098926, 
581) 1722285381, 
582) 1844995247, 
583) 1806702374, 
584) 1705552179, 
585) 1597608266, 
586) 1932580129, 
587) 1889555190, 
588) 1736785158, 
589) 1901424806, 
590) 1853645739, 
591) 1887703208, 
592) 1934465415, 
593) 1476352586, 
594) 1935277287, 
595) 1507018628, 
596) 1834461030, 
597) 1956016602, 
598) 1939732526, 
599) 1934220792, 
600) 1652057226, 
601) 1955576086, 
602) 1162757227, 
603) 1511296648, 
604) 1492835022, 
605) 2003011014, 
606) 1947552040, 
607) 1924807715, 
608) 1872003437, 
609) 2013688121, 
610) 1568179212, 
611) 1640821794, 
612) 1691048358, 
613) 1917053044, 
614) 1958683693, 
615) 2061967571, 
616) 1904578642, 
617) 1490004975, 
618) 1726411231, 
619) 1713184053, 
620) 1988133035, 
621) 1826959131, 
622) 2019926950, 
623) 2050509665, 
624) 1403467776, 
625) 2056418338, 
626) 2066872318, 
627) 2006353461, 
628) 1619107381, 
629) 1330416418, 
630) 2025459447, 
631) 1982309052, 
632) 2067029060, 
633) 2026239826, 
634) 1996716550, 
635) 1938388238, 
636) 2041573048, 
637) 2068292777, 
638) 2026404514, 
639) 2097302379, 
640) 2124924937, 
641) 1734938064, 
642) 1832089087, 
643) 1899599782, 
644) 2032411983, 
645) 2027644608, 
646) 1231907167, 
647) 1858357058, 
648) 2123071786, 
649) 2129476729, 
650) 2107599454, 
651) 1839325886, 
652) 2053020382, 
653) 2068807108, 
654) 2136649523, 
655) 2100606653, 
656) 1232710911, 
657) 2100778497, 
658) 2109108363, 
659) 2058423111, 
660) 2146838357, 
661) 2126834401, 
662) 2139463411, 
663) 2158850096, 
664) 2161471932, 
665) 1671760766, 
666) 2111167868, 
667) 1796526589, 
668) 2173802555, 
669) 1564275311, 
670) 2197589639, 
671) 2236190798, 
672) 1829637251, 
673) 2157019059, 
674) 1903854463, 
675) 2241693581, 
676) 2165402819, 
677) 2153468794, 
678) 2128435298, 
679) 1915144358, 
680) 1785451758, 
681) 328714501, 
682) 1708715919, 
683) 1287996866, 
684) 1120317996, 
685) 2197935318, 
686) 2138993904, 
687) 2138148762, 
688) 1920337862, 
689) 2242090569, 
690) 1927770738, 
691) 1866736655, 
692) 1957122468, 
693) 2020767566, 
694) 2250286255, 
695) 2249740325, 
696) 2242277922, 
697) 1956150222, 
698) 2261693112, 
699) 2293717375, 
700) 2087201419, 
701) 1861600117, 
702) 2280565230, 
703) 2113666506, 
704) 2267738849, 
705) 1941614086, 
706) 2251573363, 
707) 2058245251, 
708) 2182168762, 
709) 1837435537, 
710) 1343729737, 
711) 2350053976, 
712) 2255613079, 
713) 2184786509, 
714) 2163285817, 
715) 2317197377, 
716) 2247229323, 
717) 2301181346, 
718) 1858496182, 
719) 2247311174, 
720) 1684012088, 
721) 2092886922, 
722) 1729924903, 
723) 2265467705, 
724) 1966936767, 
725) 2311580449, 
726) 2250943944, 
727) 2009170368, 
728) 1567735130, 
729) 2280079466, 
730) 2304219989, 
731) 2141653876, 
732) 2242514255, 
733) 2273118720, 
734) 2256312918, 
735) 2016373121, 
736) 1187112054, 
737) 2141232924, 
738) 1789799269, 
739) 2277728232, 
740) 2238364959, 
741) 2102337594, 
742) 2064352951, 
743) 1908759304, 
744) 1845292160, 
745) 1975210113, 
746) 2355789262, 
747) 2361588040, 
748) 2322634595, 
749) 2179430283, 
750) 2240739813, 
751) 2094162067, 
752) 1065394494, 
753) 1244648337, 
754) 2211187118, 
755) 1578417290, 
756) 2326558993, 
757) 2361934775, 
758) 2364905955, 
759) 2366235529, 
760) 2374392320, 
761) 2385636139, 
762) 2199851414, 
763) 2356132084, 
764) 2422195034, 
765) 2305079310, 
766) 2377547931, 
767) 2162433350, 
768) 2393752481, 
769) 2228580437, 
770) 2354304494, 
771) 1336741029, 
772) 2328066187, 
773) 2377228146, 
774) 2428008617, 
775) 2385650036, 
776) 2409637530, 
777) 2465077206, 
778) 2436016999, 
779) 2481272876, 
780) 2351818764, 
781) 2320823888, 
782) 2228058123, 
783) 2265460360, 
784) 2308983245, 
785) 2345723453, 
786) 2367438358, 
787) 2394734615, 
788) 2320057918, 
789) 2283918629, 
790) 2465776167, 
791) 2503036503, 
792) 2489476166, 
793) 2492817646, 
794) 1765661343, 
795) 2491516887, 
796) 2285570893, 
797) 2290573940, 
798) 2462647041, 
799) 2387017309, 
800) 2427282719, 
801) 2465638128, 
802) 2508709776, 
803) 2327261451, 
804) 2343610397, 
805) 1920496102, 
806) 2377213185, 
807) 1943816642, 
808) 2521533393, 
809) 2205697544, 
810) 2525886709, 
811) 2480146680, 
812) 2325724747, 
813) 2493430574, 
814) 2300639688, 
815) 2428640243, 
816) 2508548851, 
817) 2535287418, 
818) 2408852807, 
819) 2368333662, 
820) 2389369190, 
821) 2486618598, 
822) 2535976417, 
823) 2383527233, 
824) 2530931632, 
825) 2541095449, 
826) 2207243897, 
827) 2401251329, 
828) 2526350897, 
829) 2526397854, 
830) 2514463135, 
831) 2545527590, 
832) 2547842966, 
833) 2484605403, 
834) 2217892989, 
835) 2549186530, 
836) 2541138512, 
837) 2549712492, 
838) 2512519769, 
839) 2551011444, 
840) 2567829128, 
841) 2510408709, 
842) 2566275131, 
843) 2404270363, 
844) 2568548175, 
845) 2345504535, 
846) 2546855248, 
847) 2578790694, 
848) 2485896183, 
849) 2575634300, 
850) 2515331107, 
851) 2385678354, 
852) 2257036583, 
853) 2621433486, 
854) 2569602774, 
855) 2576074985, 
856) 2280135855, 
857) 2544001104, 
858) 2304865293, 
859) 2620362414, 
860) 2614699231, 
861) 1942042123, 
862) 2457154682, 
863) 2565445844, 
864) 2650921942, 
865) 2413191493, 
866) 2594619987, 
867) 2092612053, 
868) 2527378104, 
869) 2336779944, 
870) 2604600928, 
871) 2650968019, 
872) 2632083207, 
873) 2654826988, 
874) 2658409411, 
875) 2636570024, 
876) 2608512341, 
877) 2254709317, 
878) 2259921785, 
879) 2658530654, 
880) 2455756232, 
881) 2659056938, 
882) 2448224703, 
883) 2622178289, 
884) 2662976057, 
885) 2649500004, 
886) 2674259312, 
887) 2677753885, 
888) 2647189633, 
889) 2690791884, 
890) 2702192466, 
891) 2623573588, 
892) 2633008591, 
893) 2692111549, 
894) 2688015906, 
895) 2700230272, 
896) 2709546222, 
897) 2612466174, 
898) 2708414198, 
899) 2707591533, 
900) 2634481390, 
901) 2713604463, 
902) 2728810028, 
903) 2677238714, 
904) 2699151936, 
905) 2510252162, 
906) 2699309330, 
907) 2656665397, 
908) 2728812278, 
909) 2690799367, 
910) 2732753878, 
911) 2739597656, 
912) 2708859685, 
913) 2628947026, 
914) 2697558591, 
915) 2731343214, 
916) 2738266630, 
917) 2739943359, 
918) 2706717199, 
919) 2732924091, 
920) 2751557139, 
921) 2754045680, 
922) 2718001386, 
923) 2763330160, 
924) 2768635456, 
925) 2744684570, 
926) 2784151297, 
927) 2754719060, 
928) 2785350607, 
929) 2786569869, 
930) 2789065741, 
931) 2641688880, 
932) 2755380875, 
933) 2818999527, 
934) 2735680903, 
935) 2709224089, 
936) 2823413259, 
937) 2752812298, 
938) 2750860675, 
939) 2725620250, 
940) 2699327701, 
941) 2768098227, 
942) 2823302448, 
943) 2839141595, 
944) 2796435964, 
945) 2735983764, 
946) 2855832269, 
947) 2830403225, 
948) 2787878154, 
949) 2848703128, 
950) 2758360815, 
951) 2838532718, 
952) 2879520531, 
953) 2848940862, 
954) 2858493905, 
955) 2879709104, 
956) 2877976771, 
957) 2856827363, 
958) 2855919066, 
959) 2880676739, 
960) 2866392490, 
961) 2836116850, 
962) 2881799309, 
963) 2866945226, 
964) 2886862110, 
965) 2887373549, 
966) 2890938691, 
967) 2895261220, 
968) 2898115839, 
969) 2837190728, 
970) 2904609832, 
971) 2899430315, 
972) 2912809447, 
973) 2840663596, 
974) 2912008868, 
975) 2921281522, 
976) 2913642255, 
977) 2927069527, 
978) 2926691081, 
979) 2902859155, 
980) 2901948091, 
981) 2945407878, 
982) 2915896397, 
983) 2931831741, 
984) 2869132228, 
985) 2936321945, 
986) 2947358183, 
987) 2933688915, 
988) 2950455274, 
989) 2969339428, 
990) 2946691989, 
991) 2963871886, 
992) 2985336720, 
993) 2948598404, 
994) 2990703465, 
995) 2966737335, 
996) 2994487810, 
997) 2999278571, 
998) 2997341979, 
999) 2999506032, 
