Number of elements is 500
Type of array is reversed
Sorting algorithm - insert
Running time of sorting algorithm is 510ms
0) 6277583, 
1) 18360378, 
2) 20368802, 
3) 22884675, 
4) 29368478, 
5) 63465081, 
6) 67643815, 
7) 71348020, 
8) 78860054, 
9) 96864082, 
10) 106719964, 
11) 113524382, 
12) 116458057, 
13) 128951937, 
14) 136494871, 
15) 139396671, 
16) 144624936, 
17) 145958262, 
18) 149132812, 
19) 149215080, 
20) 153480386, 
21) 172746816, 
22) 174296275, 
23) 178687240, 
24) 179054242, 
25) 204347102, 
26) 209231796, 
27) 211655937, 
28) 212415269, 
29) 213370289, 
30) 218173388, 
31) 229790015, 
32) 229920602, 
33) 233030460, 
34) 233777874, 
35) 236375410, 
36) 242281519, 
37) 256459908, 
38) 268487255, 
39) 270973475, 
40) 272412572, 
41) 272574831, 
42) 273356958, 
43) 278829459, 
44) 279984357, 
45) 282181842, 
46) 283619198, 
47) 287045820, 
48) 289689290, 
49) 294253106, 
50) 296792166, 
51) 304180387, 
52) 305425463, 
53) 307075933, 
54) 308267682, 
55) 309130421, 
56) 312007973, 
57) 318375984, 
58) 321564839, 
59) 323177283, 
60) 323910865, 
61) 329823791, 
62) 341890044, 
63) 342682447, 
64) 343842135, 
65) 346681485, 
66) 347536087, 
67) 350381146, 
68) 350618117, 
69) 355354007, 
70) 356368590, 
71) 363257867, 
72) 368552250, 
73) 372421374, 
74) 376104982, 
75) 382380555, 
76) 385605951, 
77) 385897187, 
78) 387400283, 
79) 387656755, 
80) 389899954, 
81) 395378857, 
82) 398719624, 
83) 405190786, 
84) 406081110, 
85) 411875272, 
86) 415439999, 
87) 416467196, 
88) 421649674, 
89) 424085880, 
90) 433201713, 
91) 460399580, 
92) 471198516, 
93) 474855806, 
94) 480198811, 
95) 482820667, 
96) 489914408, 
97) 491166105, 
98) 498440561, 
99) 507148800, 
100) 510750001, 
101) 518737734, 
102) 522771953, 
103) 524104473, 
104) 531891319, 
105) 547905797, 
106) 550423974, 
107) 553947975, 
108) 557002319, 
109) 560038517, 
110) 562031133, 
111) 565437757, 
112) 573676598, 
113) 577309836, 
114) 585814662, 
115) 599315816, 
116) 604401138, 
117) 613522237, 
118) 616812262, 
119) 618658505, 
120) 623458475, 
121) 639316042, 
122) 645877758, 
123) 650848508, 
124) 658285401, 
125) 666948417, 
126) 678428998, 
127) 690939706, 
128) 706782455, 
129) 710899051, 
130) 731994418, 
131) 736704459, 
132) 740389735, 
133) 744487567, 
134) 745542221, 
135) 746109917, 
136) 761839855, 
137) 766341448, 
138) 766536197, 
139) 771354973, 
140) 771470185, 
141) 773291892, 
142) 776227645, 
143) 786870286, 
144) 789909561, 
145) 796344231, 
146) 799778491, 
147) 804692276, 
148) 805391350, 
149) 821940002, 
150) 825076756, 
151) 832580885, 
152) 849378877, 
153) 876448898, 
154) 879620376, 
155) 883881115, 
156) 900813449, 
157) 904245147, 
158) 906351846, 
159) 915390508, 
160) 925768741, 
161) 930968117, 
162) 932594448, 
163) 940305077, 
164) 962083519, 
165) 976638695, 
166) 978672033, 
167) 985927622, 
168) 987879146, 
169) 994043977, 
170) 997333258, 
171) 997503687, 
172) 998264080, 
173) 1014600381, 
174) 1018331496, 
175) 1020257765, 
176) 1021596979, 
177) 1025060266, 
178) 1026611985, 
179) 1039656102, 
180) 1042007850, 
181) 1052186317, 
182) 1053141956, 
183) 1068932359, 
184) 1075839274, 
185) 1085186779, 
186) 1087265737, 
187) 1090126418, 
188) 1090183031, 
189) 1097018121, 
190) 1116237120, 
191) 1119867316, 
192) 1123627095, 
193) 1125844254, 
194) 1128913592, 
195) 1134641922, 
196) 1139421085, 
197) 1142390645, 
198) 1153341499, 
199) 1174806203, 
200) 1176380106, 
201) 1180642332, 
202) 1183172157, 
203) 1189021928, 
204) 1196282086, 
205) 1215116495, 
206) 1221918273, 
207) 1224454500, 
208) 1225894592, 
209) 1226225844, 
210) 1234058440, 
211) 1242888497, 
212) 1244228759, 
213) 1245587544, 
214) 1250516710, 
215) 1251002919, 
216) 1251748412, 
217) 1257811287, 
218) 1262876311, 
219) 1265883311, 
220) 1270425181, 
221) 1282553468, 
222) 1284775935, 
223) 1286842657, 
224) 1289362221, 
225) 1293917606, 
226) 1313428813, 
227) 1316968163, 
228) 1317627723, 
229) 1320484725, 
230) 1324505141, 
231) 1329806739, 
232) 1334380613, 
233) 1342037282, 
234) 1351884013, 
235) 1352196482, 
236) 1356962004, 
237) 1363541231, 
238) 1370658241, 
239) 1372981957, 
240) 1373669790, 
241) 1374309532, 
242) 1375052283, 
243) 1409628539, 
244) 1415424453, 
245) 1424481838, 
246) 1428085858, 
247) 1436811890, 
248) 1442318789, 
249) 1442521194, 
250) 1445091483, 
251) 1461177782, 
252) 1469203495, 
253) 1478231795, 
254) 1478815415, 
255) 1482431540, 
256) 1484821114, 
257) 1498394982, 
258) 1510575833, 
259) 1512173793, 
260) 1525647424, 
261) 1529722167, 
262) 1546539839, 
263) 1548312846, 
264) 1550031167, 
265) 1550151631, 
266) 1558718017, 
267) 1568999630, 
268) 1575308428, 
269) 1576672923, 
270) 1577679646, 
271) 1579471919, 
272) 1582103792, 
273) 1589622703, 
274) 1594898587, 
275) 1601205998, 
276) 1603603650, 
277) 1603616401, 
278) 1610515149, 
279) 1616067728, 
280) 1622501628, 
281) 1623924609, 
282) 1625414319, 
283) 1626842373, 
284) 1640966865, 
285) 1652778117, 
286) 1662356443, 
287) 1663971799, 
288) 1675854078, 
289) 1676161628, 
290) 1678001871, 
291) 1685320264, 
292) 1687418657, 
293) 1691376375, 
294) 1691570092, 
295) 1702772192, 
296) 1703710894, 
297) 1710127749, 
298) 1712693565, 
299) 1733951355, 
300) 1737258192, 
301) 1744748323, 
302) 1746839135, 
303) 1757809381, 
304) 1761814313, 
305) 1763973637, 
306) 1774805121, 
307) 1777334178, 
308) 1790309089, 
309) 1792875986, 
310) 1794275760, 
311) 1796655479, 
312) 1799836351, 
313) 1824973720, 
314) 1832351807, 
315) 1834173718, 
316) 1837943814, 
317) 1843419867, 
318) 1849406642, 
319) 1850943203, 
320) 1865301021, 
321) 1876931613, 
322) 1885167686, 
323) 1888208981, 
324) 1891012840, 
325) 1893866298, 
326) 1899277256, 
327) 1899758828, 
328) 1908726494, 
329) 1913743023, 
330) 1914575493, 
331) 1929164881, 
332) 1932142711, 
333) 1932680229, 
334) 1932783324, 
335) 1934266448, 
336) 1938730064, 
337) 1943610032, 
338) 1945187267, 
339) 1950065301, 
340) 1951084937, 
341) 1955698458, 
342) 1959951179, 
343) 1963070799, 
344) 1963643669, 
345) 1965338632, 
346) 1971096475, 
347) 1973795443, 
348) 1975813624, 
349) 1976759363, 
350) 1977071197, 
351) 1988795182, 
352) 1997139985, 
353) 2008284759, 
354) 2013251778, 
355) 2018792437, 
356) 2028774385, 
357) 2033023310, 
358) 2036138085, 
359) 2040213978, 
360) 2049830259, 
361) 2053336974, 
362) 2053592205, 
363) 2054701379, 
364) 2058788282, 
365) 2060611945, 
366) 2062336352, 
367) 2069460173, 
368) 2070092099, 
369) 2072275268, 
370) 2088901770, 
371) 2089261521, 
372) 2089455199, 
373) 2089755322, 
374) 2091479937, 
375) 2097207389, 
376) 2102355426, 
377) 2109309664, 
378) 2122653913, 
379) 2127663746, 
380) 2127972494, 
381) 2151057224, 
382) 2151876282, 
383) 2158241390, 
384) 2159038230, 
385) 2164807752, 
386) 2166454349, 
387) 2167700776, 
388) 2176983181, 
389) 2205063332, 
390) 2205205039, 
391) 2206018277, 
392) 2209291176, 
393) 2227983111, 
394) 2234804317, 
395) 2253029403, 
396) 2266468712, 
397) 2270723087, 
398) 2295052569, 
399) 2296717753, 
400) 2312496282, 
401) 2314436739, 
402) 2317385473, 
403) 2319459114, 
404) 2320894562, 
405) 2326606861, 
406) 2388247443, 
407) 2392130071, 
408) 2402015731, 
409) 2409711867, 
410) 2417306592, 
411) 2418196128, 
412) 2427181420, 
413) 2434598264, 
414) 2444531749, 
415) 2445259391, 
416) 2448713277, 
417) 2452368924, 
418) 2470737059, 
419) 2470855927, 
420) 2486173908, 
421) 2491431872, 
422) 2493562930, 
423) 2505342141, 
424) 2509179697, 
425) 2514943886, 
426) 2516061353, 
427) 2528826417, 
428) 2532247529, 
429) 2537709100, 
430) 2538252371, 
431) 2540194628, 
432) 2549584897, 
433) 2557331747, 
434) 2568682135, 
435) 2573295141, 
436) 2574464189, 
437) 2575118652, 
438) 2578504676, 
439) 2584572059, 
440) 2591995900, 
441) 2604001082, 
442) 2630819696, 
443) 2631555066, 
444) 2650232613, 
445) 2652336290, 
446) 2661396874, 
447) 2668851638, 
448) 2680422013, 
449) 2684772594, 
450) 2692251766, 
451) 2693680421, 
452) 2696730684, 
453) 2696815913, 
454) 2704274505, 
455) 2713564043, 
456) 2720357442, 
457) 2720435055, 
458) 2740494350, 
459) 2743833881, 
460) 2744129168, 
461) 2754102522, 
462) 2757541798, 
463) 2777211265, 
464) 2783682901, 
465) 2790246886, 
466) 2793664864, 
467) 2804540859, 
468) 2813295425, 
469) 2814351338, 
470) 2814439390, 
471) 2821614106, 
472) 2822818845, 
473) 2826264807, 
474) 2828209418, 
475) 2843756899, 
476) 2845221901, 
477) 2857831939, 
478) 2859444008, 
479) 2860124501, 
480) 2862597241, 
481) 2864917060, 
482) 2876097104, 
483) 2885271810, 
484) 2894713975, 
485) 2908312561, 
486) 2920219464, 
487) 2929721243, 
488) 2933214594, 
489) 2934413177, 
490) 2938355674, 
491) 2941518978, 
492) 2946884222, 
493) 2948083875, 
494) 2958319849, 
495) 2961799901, 
496) 2966668575, 
497) 2981480051, 
498) 2996764235, 
499) 2997363663, 
