Number of elements is 100
Type of array is reversed
Sorting algorithm - insert
Running time of sorting algorithm is 25ms
0) 1500923, 
1) 4636163, 
2) 11428243, 
3) 16989890, 
4) 17314608, 
5) 123210019, 
6) 134599501, 
7) 138176926, 
8) 174766964, 
9) 182476848, 
10) 228482663, 
11) 252257927, 
12) 301541882, 
13) 350418966, 
14) 364518906, 
15) 392212231, 
16) 427100776, 
17) 432296413, 
18) 566076421, 
19) 575657856, 
20) 592341764, 
21) 642357667, 
22) 677492455, 
23) 688723893, 
24) 688861364, 
25) 702037103, 
26) 709087050, 
27) 718756813, 
28) 768880883, 
29) 819633703, 
30) 830294894, 
31) 856716767, 
32) 910127281, 
33) 946283389, 
34) 984954155, 
35) 1098793442, 
36) 1102649227, 
37) 1140814513, 
38) 1141643281, 
39) 1180349415, 
40) 1225382077, 
41) 1252375530, 
42) 1327380887, 
43) 1337520415, 
44) 1360095620, 
45) 1381989399, 
46) 1388837482, 
47) 1405677816, 
48) 1417132908, 
49) 1439018068, 
50) 1439255512, 
51) 1447812993, 
52) 1454079698, 
53) 1469689217, 
54) 1570268402, 
55) 1573586366, 
56) 1616872852, 
57) 1656719061, 
58) 1684059354, 
59) 1714499484, 
60) 1793407167, 
61) 1839415678, 
62) 1843924888, 
63) 1911725243, 
64) 1924421105, 
65) 2001044043, 
66) 2020012080, 
67) 2025666626, 
68) 2033392888, 
69) 2086732390, 
70) 2186170454, 
71) 2187077838, 
72) 2229123784, 
73) 2363256646, 
74) 2393723654, 
75) 2419862171, 
76) 2423193384, 
77) 2426613100, 
78) 2495890799, 
79) 2525841090, 
80) 2526226977, 
81) 2548517044, 
82) 2570155357, 
83) 2582729813, 
84) 2633269538, 
85) 2675309810, 
86) 2681024485, 
87) 2729168377, 
88) 2733756641, 
89) 2749409357, 
90) 2757462830, 
91) 2769896646, 
92) 2792092221, 
93) 2797428344, 
94) 2816419693, 
95) 2822896764, 
96) 2849474139, 
97) 2905785920, 
98) 2942457298, 
99) 2980536549, 
