Number of elements is 1000
Type of array is sorted
Sorting algorithm - insert
Running time of sorting algorithm is 5ms
0) 120322, 
1) 1526943, 
2) 2887622, 
3) 4700201, 
4) 5136016, 
5) 14998010, 
6) 17161551, 
7) 19857065, 
8) 20547616, 
9) 33780157, 
10) 35291005, 
11) 38003809, 
12) 39073110, 
13) 40551745, 
14) 43056062, 
15) 46431561, 
16) 47315137, 
17) 52158223, 
18) 57511266, 
19) 59168363, 
20) 63507323, 
21) 63882689, 
22) 70226588, 
23) 77756822, 
24) 83957265, 
25) 85678522, 
26) 88589134, 
27) 89131484, 
28) 95954448, 
29) 96861942, 
30) 97642155, 
31) 98092276, 
32) 104702225, 
33) 105802775, 
34) 106215330, 
35) 108887358, 
36) 114007138, 
37) 116148904, 
38) 117150509, 
39) 120351496, 
40) 120891867, 
41) 121475305, 
42) 121840208, 
43) 122921387, 
44) 123634172, 
45) 124918823, 
46) 126919485, 
47) 129945941, 
48) 134949055, 
49) 141817088, 
50) 142411157, 
51) 142670410, 
52) 145606229, 
53) 146873734, 
54) 148348162, 
55) 151565742, 
56) 152323988, 
57) 152873170, 
58) 154875803, 
59) 157498091, 
60) 159624367, 
61) 172876492, 
62) 175208480, 
63) 176393566, 
64) 177873098, 
65) 180313540, 
66) 180746821, 
67) 180939345, 
68) 186673678, 
69) 187581135, 
70) 189793843, 
71) 190974479, 
72) 194581059, 
73) 198364005, 
74) 202596933, 
75) 209874665, 
76) 213311538, 
77) 217588227, 
78) 217805909, 
79) 219783283, 
80) 221604966, 
81) 223844048, 
82) 231475096, 
83) 231533508, 
84) 235099755, 
85) 249583397, 
86) 252924437, 
87) 255523235, 
88) 255856890, 
89) 256216794, 
90) 257210896, 
91) 259546279, 
92) 260961107, 
93) 262221145, 
94) 265405558, 
95) 266087125, 
96) 266145242, 
97) 267774154, 
98) 268557735, 
99) 269719721, 
100) 275547806, 
101) 276822893, 
102) 278986101, 
103) 281795887, 
104) 282180562, 
105) 282597082, 
106) 284567017, 
107) 295837071, 
108) 296835448, 
109) 305866623, 
110) 306139318, 
111) 311382231, 
112) 315409128, 
113) 319460006, 
114) 319583490, 
115) 319978562, 
116) 320734037, 
117) 321499452, 
118) 323583956, 
119) 325492609, 
120) 333133949, 
121) 334756842, 
122) 340641158, 
123) 340673347, 
124) 347726589, 
125) 352105168, 
126) 357248455, 
127) 358078375, 
128) 358299184, 
129) 363601983, 
130) 370173889, 
131) 372115799, 
132) 373878426, 
133) 374047008, 
134) 380396066, 
135) 381552898, 
136) 383347231, 
137) 384614033, 
138) 387613352, 
139) 387913510, 
140) 390895884, 
141) 391430425, 
142) 391808040, 
143) 396959948, 
144) 397571632, 
145) 404152846, 
146) 405457530, 
147) 405986374, 
148) 408025178, 
149) 421197880, 
150) 423065631, 
151) 424080502, 
152) 427218535, 
153) 433227640, 
154) 434656625, 
155) 439161100, 
156) 448070765, 
157) 451355623, 
158) 452671861, 
159) 466730492, 
160) 467627609, 
161) 469714441, 
162) 470648034, 
163) 473134029, 
164) 476077671, 
165) 481434745, 
166) 482032745, 
167) 482249285, 
168) 482880452, 
169) 486500731, 
170) 488745755, 
171) 496616618, 
172) 502112954, 
173) 502878562, 
174) 510529090, 
175) 511868917, 
176) 514799607, 
177) 520099389, 
178) 523214526, 
179) 523253448, 
180) 525010037, 
181) 528761312, 
182) 531398629, 
183) 540368468, 
184) 540572335, 
185) 548113048, 
186) 548171834, 
187) 551183864, 
188) 554672149, 
189) 556342920, 
190) 561213623, 
191) 564365856, 
192) 565093307, 
193) 567098123, 
194) 571545931, 
195) 572068334, 
196) 572272712, 
197) 572993982, 
198) 577848804, 
199) 578951885, 
200) 579508157, 
201) 587097248, 
202) 595993437, 
203) 598066405, 
204) 599365761, 
205) 603067924, 
206) 604150805, 
207) 621318198, 
208) 623292067, 
209) 627907735, 
210) 629966932, 
211) 632359468, 
212) 633168412, 
213) 635014649, 
214) 635636796, 
215) 638432768, 
216) 639632246, 
217) 639737805, 
218) 642686512, 
219) 645132160, 
220) 646581415, 
221) 648780427, 
222) 650288610, 
223) 654923092, 
224) 657524098, 
225) 662268401, 
226) 667869882, 
227) 668828809, 
228) 679720828, 
229) 682826971, 
230) 685150176, 
231) 685754207, 
232) 686151687, 
233) 689757854, 
234) 690645955, 
235) 691128417, 
236) 695666433, 
237) 699075036, 
238) 701779398, 
239) 710794232, 
240) 715862321, 
241) 727775469, 
242) 730754162, 
243) 731183879, 
244) 731480331, 
245) 744437263, 
246) 751142227, 
247) 756203599, 
248) 757665084, 
249) 761790636, 
250) 763010614, 
251) 766357431, 
252) 768783995, 
253) 774795938, 
254) 775914363, 
255) 778322395, 
256) 782905058, 
257) 783681552, 
258) 793573304, 
259) 797495299, 
260) 800093606, 
261) 807920372, 
262) 812413581, 
263) 813956823, 
264) 817758692, 
265) 818886402, 
266) 819905027, 
267) 820073364, 
268) 829457578, 
269) 833581286, 
270) 837156917, 
271) 838886811, 
272) 842324452, 
273) 848499185, 
274) 851038970, 
275) 858268064, 
276) 866628570, 
277) 886307658, 
278) 891073725, 
279) 894506112, 
280) 902311175, 
281) 902822973, 
282) 906139122, 
283) 906859725, 
284) 907395022, 
285) 908453206, 
286) 912578643, 
287) 913480660, 
288) 914813551, 
289) 918455713, 
290) 919240100, 
291) 927263537, 
292) 927440691, 
293) 928681792, 
294) 928931617, 
295) 929559943, 
296) 934291832, 
297) 935711601, 
298) 935983812, 
299) 938580157, 
300) 940424798, 
301) 940768239, 
302) 940900928, 
303) 943994483, 
304) 945869115, 
305) 947005386, 
306) 947530233, 
307) 949597794, 
308) 951681601, 
309) 955519301, 
310) 955755080, 
311) 964468431, 
312) 968404181, 
313) 975617207, 
314) 976707507, 
315) 980210385, 
316) 980861888, 
317) 982877598, 
318) 989274765, 
319) 992410216, 
320) 996200621, 
321) 997929497, 
322) 1006301932, 
323) 1009527292, 
324) 1009723816, 
325) 1010944193, 
326) 1013156692, 
327) 1014672019, 
328) 1014818885, 
329) 1019395527, 
330) 1021987214, 
331) 1022109252, 
332) 1022878495, 
333) 1023108061, 
334) 1026946508, 
335) 1029359779, 
336) 1030051463, 
337) 1031887151, 
338) 1039640004, 
339) 1041481476, 
340) 1044082443, 
341) 1044211732, 
342) 1057845793, 
343) 1059186752, 
344) 1059391180, 
345) 1060722259, 
346) 1065213531, 
347) 1068342674, 
348) 1071098086, 
349) 1072643304, 
350) 1076608200, 
351) 1080027686, 
352) 1084725298, 
353) 1089035037, 
354) 1091897926, 
355) 1094347361, 
356) 1094792551, 
357) 1096731705, 
358) 1101538878, 
359) 1104820357, 
360) 1105366376, 
361) 1111630171, 
362) 1114122070, 
363) 1115262288, 
364) 1122286473, 
365) 1124933120, 
366) 1125524469, 
367) 1135896369, 
368) 1135982199, 
369) 1137440581, 
370) 1140252131, 
371) 1141535500, 
372) 1142282162, 
373) 1144128179, 
374) 1145861106, 
375) 1147265333, 
376) 1148852754, 
377) 1149240788, 
378) 1156258956, 
379) 1163992308, 
380) 1168120243, 
381) 1171624836, 
382) 1172543283, 
383) 1174683803, 
384) 1177478272, 
385) 1181509749, 
386) 1181655751, 
387) 1182003943, 
388) 1186151635, 
389) 1186955916, 
390) 1190141631, 
391) 1194322385, 
392) 1195828232, 
393) 1196967552, 
394) 1199513400, 
395) 1200221483, 
396) 1202972828, 
397) 1207912710, 
398) 1211763803, 
399) 1212083270, 
400) 1218121317, 
401) 1218934314, 
402) 1218984425, 
403) 1222893877, 
404) 1223518929, 
405) 1223840627, 
406) 1226250776, 
407) 1230478228, 
408) 1234421747, 
409) 1235692117, 
410) 1238761988, 
411) 1242623969, 
412) 1243271799, 
413) 1243559580, 
414) 1247343087, 
415) 1247381424, 
416) 1249510492, 
417) 1251045326, 
418) 1252770960, 
419) 1253776249, 
420) 1255795256, 
421) 1260352472, 
422) 1264170788, 
423) 1270163586, 
424) 1270355938, 
425) 1273941186, 
426) 1274079702, 
427) 1278008229, 
428) 1278591022, 
429) 1278815317, 
430) 1279264797, 
431) 1279564026, 
432) 1282944770, 
433) 1283624676, 
434) 1283740089, 
435) 1285492278, 
436) 1287741298, 
437) 1288324902, 
438) 1293546605, 
439) 1310880001, 
440) 1315035043, 
441) 1315803856, 
442) 1317883146, 
443) 1320965448, 
444) 1324840260, 
445) 1328620495, 
446) 1331461714, 
447) 1334231730, 
448) 1335103965, 
449) 1336589983, 
450) 1337782298, 
451) 1341301521, 
452) 1345211550, 
453) 1355125811, 
454) 1362789223, 
455) 1364303146, 
456) 1364464824, 
457) 1365068542, 
458) 1365449452, 
459) 1367548425, 
460) 1368626042, 
461) 1369249261, 
462) 1370728747, 
463) 1370740806, 
464) 1373390981, 
465) 1373421384, 
466) 1375807094, 
467) 1377038903, 
468) 1379376906, 
469) 1380011930, 
470) 1381247971, 
471) 1383800662, 
472) 1389933030, 
473) 1390476379, 
474) 1391166558, 
475) 1393901994, 
476) 1394071473, 
477) 1395966847, 
478) 1396167463, 
479) 1399500503, 
480) 1404362910, 
481) 1408592296, 
482) 1417619540, 
483) 1418258578, 
484) 1419993777, 
485) 1420111448, 
486) 1421095715, 
487) 1421616309, 
488) 1422867251, 
489) 1435034356, 
490) 1435914793, 
491) 1438108733, 
492) 1438127049, 
493) 1440666290, 
494) 1446346920, 
495) 1453123316, 
496) 1455700730, 
497) 1456180431, 
498) 1462164923, 
499) 1464496968, 
500) 1476403161, 
501) 1477395021, 
502) 1477845924, 
503) 1481696935, 
504) 1492165944, 
505) 1493111363, 
506) 1500538880, 
507) 1501179829, 
508) 1501310310, 
509) 1505765590, 
510) 1506063788, 
511) 1507763932, 
512) 1513270071, 
513) 1513445132, 
514) 1515615735, 
515) 1516163845, 
516) 1517194506, 
517) 1518282615, 
518) 1520799586, 
519) 1520861614, 
520) 1521157764, 
521) 1522975047, 
522) 1529392618, 
523) 1530800821, 
524) 1534464073, 
525) 1540236273, 
526) 1543530815, 
527) 1543751006, 
528) 1545743479, 
529) 1548975811, 
530) 1553402234, 
531) 1554702291, 
532) 1555986444, 
533) 1557378567, 
534) 1562819001, 
535) 1567095013, 
536) 1569851634, 
537) 1571861724, 
538) 1577114800, 
539) 1577357328, 
540) 1578200436, 
541) 1581254674, 
542) 1581565070, 
543) 1582263889, 
544) 1584426292, 
545) 1587880303, 
546) 1590732908, 
547) 1596624732, 
548) 1597610747, 
549) 1600066608, 
550) 1601633922, 
551) 1608080097, 
552) 1608746269, 
553) 1608756281, 
554) 1609196498, 
555) 1610838846, 
556) 1614538706, 
557) 1614692475, 
558) 1615527273, 
559) 1618610005, 
560) 1618822695, 
561) 1621018504, 
562) 1621193003, 
563) 1625151942, 
564) 1634600250, 
565) 1640470080, 
566) 1642331199, 
567) 1647465128, 
568) 1649764064, 
569) 1650168011, 
570) 1651987257, 
571) 1652967300, 
572) 1656036327, 
573) 1662751080, 
574) 1664393355, 
575) 1665242817, 
576) 1680579306, 
577) 1681074720, 
578) 1682752153, 
579) 1685692573, 
580) 1686874949, 
581) 1687829744, 
582) 1688296546, 
583) 1688555183, 
584) 1695428505, 
585) 1695455070, 
586) 1698525892, 
587) 1698689183, 
588) 1698991320, 
589) 1699533884, 
590) 1700450423, 
591) 1701750997, 
592) 1703634223, 
593) 1706424681, 
594) 1706888121, 
595) 1711079323, 
596) 1718003470, 
597) 1719186658, 
598) 1724231993, 
599) 1725313054, 
600) 1731193496, 
601) 1737197569, 
602) 1740683707, 
603) 1741429680, 
604) 1743434942, 
605) 1744593789, 
606) 1746116789, 
607) 1753063354, 
608) 1758343994, 
609) 1764800017, 
610) 1765228990, 
611) 1768123672, 
612) 1771109331, 
613) 1771934944, 
614) 1775125833, 
615) 1775197527, 
616) 1780015533, 
617) 1781472978, 
618) 1781810265, 
619) 1783081707, 
620) 1784242415, 
621) 1786878409, 
622) 1789937286, 
623) 1790408122, 
624) 1794649429, 
625) 1802335687, 
626) 1809737599, 
627) 1811140988, 
628) 1811553849, 
629) 1812645614, 
630) 1814943344, 
631) 1819673597, 
632) 1828543997, 
633) 1833262313, 
634) 1835667237, 
635) 1838779141, 
636) 1841277968, 
637) 1849219595, 
638) 1852174465, 
639) 1856261424, 
640) 1857174143, 
641) 1858323532, 
642) 1860362851, 
643) 1861397745, 
644) 1865478764, 
645) 1867825361, 
646) 1872707584, 
647) 1886207069, 
648) 1889210460, 
649) 1889346199, 
650) 1892532401, 
651) 1893685148, 
652) 1893689844, 
653) 1902360185, 
654) 1910830072, 
655) 1912795562, 
656) 1919482793, 
657) 1926429245, 
658) 1931576609, 
659) 1932127614, 
660) 1932224350, 
661) 1939283381, 
662) 1949965343, 
663) 1952121282, 
664) 1953638659, 
665) 1958707291, 
666) 1959439716, 
667) 1966163327, 
668) 1971071268, 
669) 1971840020, 
670) 1974689470, 
671) 1982764881, 
672) 1983502014, 
673) 1984192781, 
674) 1986015114, 
675) 1986090701, 
676) 1986111471, 
677) 1991364724, 
678) 1993890411, 
679) 2006068769, 
680) 2009523465, 
681) 2010803589, 
682) 2019856254, 
683) 2020861022, 
684) 2036830771, 
685) 2037259421, 
686) 2041837633, 
687) 2047003339, 
688) 2050769360, 
689) 2052657190, 
690) 2053905131, 
691) 2054349567, 
692) 2054349936, 
693) 2055546943, 
694) 2058382290, 
695) 2059688675, 
696) 2063127727, 
697) 2071271803, 
698) 2071424449, 
699) 2072009961, 
700) 2076032026, 
701) 2077275507, 
702) 2077761703, 
703) 2079613320, 
704) 2085790870, 
705) 2086014622, 
706) 2086242908, 
707) 2087407870, 
708) 2087855207, 
709) 2092207108, 
710) 2093335367, 
711) 2097523199, 
712) 2099831958, 
713) 2104224599, 
714) 2104273234, 
715) 2106045101, 
716) 2111597385, 
717) 2113991413, 
718) 2116812245, 
719) 2117501629, 
720) 2124857234, 
721) 2132603548, 
722) 2138462865, 
723) 2139415407, 
724) 2139598009, 
725) 2140020134, 
726) 2142091685, 
727) 2143052653, 
728) 2144710927, 
729) 2148079636, 
730) 2149819968, 
731) 2150438504, 
732) 2151650070, 
733) 2155500483, 
734) 2167337161, 
735) 2179235342, 
736) 2180566590, 
737) 2181170261, 
738) 2183192684, 
739) 2187947316, 
740) 2196094752, 
741) 2198811031, 
742) 2199970761, 
743) 2202204463, 
744) 2202863401, 
745) 2206797429, 
746) 2215326252, 
747) 2217478592, 
748) 2217631354, 
749) 2219078987, 
750) 2222998247, 
751) 2224624283, 
752) 2226207109, 
753) 2229573790, 
754) 2232590751, 
755) 2238848403, 
756) 2242003331, 
757) 2246442513, 
758) 2249183400, 
759) 2251493143, 
760) 2252779403, 
761) 2254803386, 
762) 2263779748, 
763) 2266179668, 
764) 2268803003, 
765) 2275301529, 
766) 2279734701, 
767) 2280984618, 
768) 2281679313, 
769) 2284356922, 
770) 2285886555, 
771) 2290163964, 
772) 2292732219, 
773) 2293651018, 
774) 2301759855, 
775) 2302082064, 
776) 2303148733, 
777) 2310072268, 
778) 2313570034, 
779) 2317145120, 
780) 2322345495, 
781) 2326696035, 
782) 2327146987, 
783) 2329026594, 
784) 2335069783, 
785) 2338721613, 
786) 2339473309, 
787) 2343223821, 
788) 2343358114, 
789) 2344800466, 
790) 2345303237, 
791) 2346589322, 
792) 2351602470, 
793) 2353920033, 
794) 2354559020, 
795) 2354841598, 
796) 2354968249, 
797) 2358146558, 
798) 2359776691, 
799) 2360132829, 
800) 2361133049, 
801) 2362273360, 
802) 2362338347, 
803) 2371422099, 
804) 2372492953, 
805) 2372608202, 
806) 2378205911, 
807) 2381154616, 
808) 2391613004, 
809) 2394120476, 
810) 2397175351, 
811) 2402117988, 
812) 2402744842, 
813) 2415848632, 
814) 2418182542, 
815) 2427261887, 
816) 2427721227, 
817) 2428724765, 
818) 2429209854, 
819) 2431120782, 
820) 2433722688, 
821) 2441646088, 
822) 2441790685, 
823) 2442458491, 
824) 2445528145, 
825) 2445536055, 
826) 2451294880, 
827) 2452072714, 
828) 2455620962, 
829) 2460611872, 
830) 2471179209, 
831) 2473820740, 
832) 2474924554, 
833) 2475281220, 
834) 2476192136, 
835) 2478463669, 
836) 2483971978, 
837) 2502140018, 
838) 2503534304, 
839) 2504358375, 
840) 2514343404, 
841) 2519172437, 
842) 2519901992, 
843) 2520417881, 
844) 2525712768, 
845) 2527565759, 
846) 2530402869, 
847) 2532028156, 
848) 2532088100, 
849) 2536268574, 
850) 2537879341, 
851) 2540151759, 
852) 2542503550, 
853) 2543905408, 
854) 2545839275, 
855) 2550892298, 
856) 2553580568, 
857) 2553618383, 
858) 2565261922, 
859) 2566959195, 
860) 2567305647, 
861) 2568909236, 
862) 2580704676, 
863) 2583793606, 
864) 2583870473, 
865) 2587956567, 
866) 2588126836, 
867) 2598201025, 
868) 2598475473, 
869) 2598962109, 
870) 2600997508, 
871) 2604653836, 
872) 2606582348, 
873) 2610512976, 
874) 2612758450, 
875) 2613820954, 
876) 2627854565, 
877) 2630499944, 
878) 2643201059, 
879) 2647093141, 
880) 2653370631, 
881) 2653831736, 
882) 2660037865, 
883) 2660116573, 
884) 2661747092, 
885) 2661871034, 
886) 2663778247, 
887) 2673772292, 
888) 2674371185, 
889) 2677224921, 
890) 2677516206, 
891) 2678957087, 
892) 2679251770, 
893) 2681164362, 
894) 2682731839, 
895) 2688318766, 
896) 2692544282, 
897) 2694455320, 
898) 2705361462, 
899) 2710026699, 
900) 2713875574, 
901) 2714112815, 
902) 2718409717, 
903) 2721910684, 
904) 2724346806, 
905) 2725386012, 
906) 2726413767, 
907) 2739008650, 
908) 2742805958, 
909) 2742818277, 
910) 2747327796, 
911) 2747730289, 
912) 2752670886, 
913) 2752732830, 
914) 2752941036, 
915) 2755259892, 
916) 2756571874, 
917) 2758797713, 
918) 2761385303, 
919) 2762337527, 
920) 2764046379, 
921) 2764118637, 
922) 2766615428, 
923) 2768001634, 
924) 2771753760, 
925) 2772592941, 
926) 2772997222, 
927) 2773447833, 
928) 2782073479, 
929) 2783954006, 
930) 2785387023, 
931) 2786626140, 
932) 2790769777, 
933) 2792635775, 
934) 2792944789, 
935) 2794832288, 
936) 2798926891, 
937) 2800990721, 
938) 2808243597, 
939) 2810241490, 
940) 2810613023, 
941) 2812367445, 
942) 2819417526, 
943) 2821367416, 
944) 2823304774, 
945) 2826109459, 
946) 2830950551, 
947) 2841828736, 
948) 2843721829, 
949) 2844757524, 
950) 2848732812, 
951) 2852204481, 
952) 2860223732, 
953) 2863499851, 
954) 2868068014, 
955) 2868199663, 
956) 2870755454, 
957) 2873155984, 
958) 2877588473, 
959) 2877665383, 
960) 2881840091, 
961) 2882834373, 
962) 2887044394, 
963) 2892835965, 
964) 2898598170, 
965) 2909560339, 
966) 2913820026, 
967) 2915221615, 
968) 2915658671, 
969) 2918074050, 
970) 2927242145, 
971) 2929519752, 
972) 2929710504, 
973) 2930977520, 
974) 2931092060, 
975) 2934749782, 
976) 2934985769, 
977) 2935399311, 
978) 2936108439, 
979) 2936523174, 
980) 2937313406, 
981) 2945894774, 
982) 2949476843, 
983) 2954557244, 
984) 2955207441, 
985) 2957743168, 
986) 2959158206, 
987) 2961372936, 
988) 2976654422, 
989) 2977329738, 
990) 2977806327, 
991) 2981945113, 
992) 2986667363, 
993) 2988233393, 
994) 2989069428, 
995) 2991263476, 
996) 2991341269, 
997) 2992811009, 
998) 2995641982, 
999) 2996806407, 
