Number of elements is 1000
Type of array is sorted
Sorting algorithm - insert
Running time of sorting algorithm is 5ms
0) 11365510, 
1) 12710761, 
2) 14171782, 
3) 15549335, 
4) 19516738, 
5) 22261724, 
6) 22361578, 
7) 24525443, 
8) 25619451, 
9) 32132564, 
10) 32723034, 
11) 33220145, 
12) 35101089, 
13) 45898995, 
14) 47641853, 
15) 49096385, 
16) 54729551, 
17) 59750982, 
18) 60207196, 
19) 64907499, 
20) 75713293, 
21) 80407541, 
22) 80822936, 
23) 81946632, 
24) 83723550, 
25) 86183034, 
26) 86517486, 
27) 89550318, 
28) 91020662, 
29) 97116860, 
30) 97606185, 
31) 98442745, 
32) 101385285, 
33) 102241724, 
34) 111529866, 
35) 112292013, 
36) 118421757, 
37) 120508360, 
38) 121429981, 
39) 123718225, 
40) 131405033, 
41) 135232798, 
42) 135265613, 
43) 136743731, 
44) 138926012, 
45) 139084520, 
46) 145282086, 
47) 148852153, 
48) 151529448, 
49) 153038893, 
50) 159993289, 
51) 164737550, 
52) 172902968, 
53) 175077214, 
54) 176897849, 
55) 184067459, 
56) 188819566, 
57) 191110466, 
58) 204203472, 
59) 205630525, 
60) 211461674, 
61) 214059075, 
62) 214310298, 
63) 218880717, 
64) 219401087, 
65) 219772685, 
66) 223957034, 
67) 225578711, 
68) 227654340, 
69) 228058810, 
70) 232241126, 
71) 233688857, 
72) 237189593, 
73) 238275109, 
74) 240263101, 
75) 241124752, 
76) 242739073, 
77) 242826738, 
78) 244244008, 
79) 249489709, 
80) 251738133, 
81) 255664698, 
82) 256697450, 
83) 266934940, 
84) 267881425, 
85) 268466755, 
86) 269439582, 
87) 273259519, 
88) 278993903, 
89) 279706375, 
90) 281137173, 
91) 282146170, 
92) 284477994, 
93) 286322302, 
94) 293504937, 
95) 299408622, 
96) 301470958, 
97) 302957797, 
98) 303714219, 
99) 304825339, 
100) 314080004, 
101) 316838325, 
102) 317298275, 
103) 319552108, 
104) 322356566, 
105) 330000317, 
106) 330282458, 
107) 332299063, 
108) 332436127, 
109) 333381875, 
110) 337675361, 
111) 342133135, 
112) 343739317, 
113) 343858480, 
114) 345311104, 
115) 352010401, 
116) 357661331, 
117) 359633438, 
118) 361763911, 
119) 367474243, 
120) 370479365, 
121) 372010391, 
122) 373541921, 
123) 373883327, 
124) 373901925, 
125) 374730178, 
126) 379767513, 
127) 385768862, 
128) 392302568, 
129) 393128429, 
130) 394066644, 
131) 395129472, 
132) 397425953, 
133) 401061178, 
134) 407039440, 
135) 415181024, 
136) 415380766, 
137) 416274028, 
138) 416512560, 
139) 418115631, 
140) 420167230, 
141) 423581934, 
142) 423989785, 
143) 431493720, 
144) 432533986, 
145) 433830015, 
146) 441007607, 
147) 448809637, 
148) 450868194, 
149) 464295254, 
150) 466173195, 
151) 466708970, 
152) 466940058, 
153) 467147584, 
154) 469652841, 
155) 476606423, 
156) 478072547, 
157) 478239235, 
158) 479185807, 
159) 479842809, 
160) 481869483, 
161) 487170752, 
162) 489974875, 
163) 491378285, 
164) 492154211, 
165) 493620107, 
166) 497863019, 
167) 498500814, 
168) 500050547, 
169) 501185346, 
170) 509167297, 
171) 514908150, 
172) 516278194, 
173) 520186875, 
174) 521805577, 
175) 521913885, 
176) 523251165, 
177) 523320341, 
178) 525073953, 
179) 525340784, 
180) 525966402, 
181) 526282192, 
182) 531378099, 
183) 540045250, 
184) 542282135, 
185) 546249690, 
186) 552396006, 
187) 556777392, 
188) 557349872, 
189) 562467935, 
190) 564942810, 
191) 564974528, 
192) 567369683, 
193) 572817409, 
194) 575130783, 
195) 576142164, 
196) 578729230, 
197) 582867634, 
198) 584840218, 
199) 585295118, 
200) 588370779, 
201) 591627574, 
202) 592472168, 
203) 592887852, 
204) 594912374, 
205) 615954185, 
206) 618340970, 
207) 621950154, 
208) 625258629, 
209) 629235380, 
210) 630994340, 
211) 632091600, 
212) 632797699, 
213) 639253766, 
214) 643163587, 
215) 646340755, 
216) 650799868, 
217) 651872982, 
218) 654519416, 
219) 656856256, 
220) 657603835, 
221) 658302192, 
222) 659010175, 
223) 659251415, 
224) 660221189, 
225) 662913672, 
226) 664039575, 
227) 664884633, 
228) 671601370, 
229) 671808184, 
230) 675349147, 
231) 676079100, 
232) 678852518, 
233) 681220405, 
234) 683679819, 
235) 684925720, 
236) 685412223, 
237) 693015778, 
238) 701884591, 
239) 704448752, 
240) 705441717, 
241) 708106543, 
242) 708897284, 
243) 710713037, 
244) 710923516, 
245) 711738209, 
246) 714947493, 
247) 717047348, 
248) 717095068, 
249) 719853935, 
250) 720186741, 
251) 727944517, 
252) 734706105, 
253) 738781453, 
254) 742200539, 
255) 744307848, 
256) 747020723, 
257) 768853663, 
258) 769372281, 
259) 770534054, 
260) 778662507, 
261) 779084047, 
262) 779316782, 
263) 783714457, 
264) 786104915, 
265) 790501979, 
266) 793572402, 
267) 799876703, 
268) 801023158, 
269) 801965371, 
270) 803625848, 
271) 804675339, 
272) 808033295, 
273) 815545565, 
274) 822057819, 
275) 830751825, 
276) 835578365, 
277) 837941622, 
278) 838302093, 
279) 841295055, 
280) 844468181, 
281) 844652809, 
282) 846794007, 
283) 847447574, 
284) 858602107, 
285) 862756418, 
286) 863011669, 
287) 863064379, 
288) 864085046, 
289) 866368341, 
290) 871099921, 
291) 875507621, 
292) 890578121, 
293) 890856071, 
294) 891948250, 
295) 899742219, 
296) 911479459, 
297) 912426317, 
298) 917153332, 
299) 921629770, 
300) 922790413, 
301) 927516951, 
302) 929712722, 
303) 932913209, 
304) 934562336, 
305) 939459287, 
306) 942334684, 
307) 947616369, 
308) 947836879, 
309) 950266494, 
310) 954734631, 
311) 955530253, 
312) 958138731, 
313) 962385132, 
314) 964716902, 
315) 966063139, 
316) 966792325, 
317) 967120479, 
318) 969106944, 
319) 972817728, 
320) 977853553, 
321) 978820497, 
322) 986928262, 
323) 988847456, 
324) 995249866, 
325) 996944385, 
326) 1001751231, 
327) 1002440871, 
328) 1003012863, 
329) 1006879514, 
330) 1010719756, 
331) 1011506688, 
332) 1018700199, 
333) 1020021366, 
334) 1024646190, 
335) 1031707853, 
336) 1037543119, 
337) 1038514579, 
338) 1040919433, 
339) 1043668201, 
340) 1043890254, 
341) 1048663618, 
342) 1052009475, 
343) 1054369444, 
344) 1055969349, 
345) 1056020008, 
346) 1058791363, 
347) 1060868406, 
348) 1063125122, 
349) 1063231923, 
350) 1067949863, 
351) 1081007570, 
352) 1092793193, 
353) 1095042976, 
354) 1096998001, 
355) 1104077780, 
356) 1107953041, 
357) 1109273944, 
358) 1112039005, 
359) 1113274203, 
360) 1116417423, 
361) 1120502030, 
362) 1129144264, 
363) 1129622952, 
364) 1129713894, 
365) 1132699511, 
366) 1136918587, 
367) 1141048541, 
368) 1142434994, 
369) 1147927596, 
370) 1155603553, 
371) 1155625594, 
372) 1162923428, 
373) 1167880896, 
374) 1171517636, 
375) 1175372294, 
376) 1181002364, 
377) 1181791685, 
378) 1199773654, 
379) 1200008279, 
380) 1200369162, 
381) 1201339913, 
382) 1208937308, 
383) 1211439952, 
384) 1213234235, 
385) 1217000557, 
386) 1220334218, 
387) 1220827641, 
388) 1222838363, 
389) 1223631986, 
390) 1224377875, 
391) 1224717843, 
392) 1226012026, 
393) 1229029400, 
394) 1234844390, 
395) 1235374278, 
396) 1235755878, 
397) 1237733353, 
398) 1240361543, 
399) 1242577452, 
400) 1244298386, 
401) 1246508081, 
402) 1247927146, 
403) 1248490778, 
404) 1249039517, 
405) 1251948879, 
406) 1254192525, 
407) 1254297692, 
408) 1254346469, 
409) 1255056041, 
410) 1256162256, 
411) 1257844011, 
412) 1258806553, 
413) 1262241225, 
414) 1269272893, 
415) 1276596759, 
416) 1278035231, 
417) 1278444967, 
418) 1280432620, 
419) 1283463497, 
420) 1287012289, 
421) 1288432766, 
422) 1290395301, 
423) 1290988432, 
424) 1296457473, 
425) 1299156921, 
426) 1299945168, 
427) 1300991041, 
428) 1301460557, 
429) 1304857168, 
430) 1309159564, 
431) 1320401055, 
432) 1320966171, 
433) 1324284220, 
434) 1324565806, 
435) 1327117628, 
436) 1330209151, 
437) 1330864026, 
438) 1331845223, 
439) 1332587750, 
440) 1333848991, 
441) 1334780691, 
442) 1335624626, 
443) 1341802833, 
444) 1342875430, 
445) 1349896514, 
446) 1350637825, 
447) 1352517562, 
448) 1353759957, 
449) 1353905108, 
450) 1354640184, 
451) 1354932138, 
452) 1356536088, 
453) 1356883035, 
454) 1357364102, 
455) 1360758467, 
456) 1368541030, 
457) 1373627281, 
458) 1375639344, 
459) 1381451284, 
460) 1382747454, 
461) 1386962134, 
462) 1390541924, 
463) 1394734080, 
464) 1395082224, 
465) 1399406915, 
466) 1400823316, 
467) 1406753271, 
468) 1409611862, 
469) 1409827513, 
470) 1410561243, 
471) 1413923894, 
472) 1416072054, 
473) 1416267314, 
474) 1416275582, 
475) 1421126878, 
476) 1426561073, 
477) 1426598750, 
478) 1429697812, 
479) 1429979743, 
480) 1433296694, 
481) 1435287254, 
482) 1440520778, 
483) 1446732281, 
484) 1448830736, 
485) 1449133206, 
486) 1450528183, 
487) 1451041872, 
488) 1453261591, 
489) 1464376693, 
490) 1467077087, 
491) 1474361665, 
492) 1484482933, 
493) 1485403407, 
494) 1487938967, 
495) 1492162700, 
496) 1500329898, 
497) 1500607837, 
498) 1500662164, 
499) 1501654159, 
500) 1502830386, 
501) 1509180447, 
502) 1510983576, 
503) 1511278627, 
504) 1514279845, 
505) 1517089678, 
506) 1519065347, 
507) 1520276217, 
508) 1522931891, 
509) 1526058309, 
510) 1526610717, 
511) 1527896319, 
512) 1528252298, 
513) 1529760963, 
514) 1536036758, 
515) 1550038275, 
516) 1551154502, 
517) 1552370565, 
518) 1553634518, 
519) 1554098266, 
520) 1555956407, 
521) 1557252114, 
522) 1564457072, 
523) 1567644115, 
524) 1570105614, 
525) 1572816621, 
526) 1587696991, 
527) 1588429375, 
528) 1591645303, 
529) 1592876710, 
530) 1596004611, 
531) 1599242331, 
532) 1600150138, 
533) 1600328967, 
534) 1609275434, 
535) 1611545245, 
536) 1613192321, 
537) 1618199401, 
538) 1619306280, 
539) 1621131503, 
540) 1629323104, 
541) 1631731209, 
542) 1639077834, 
543) 1640288100, 
544) 1640627263, 
545) 1643730836, 
546) 1646601937, 
547) 1648513530, 
548) 1652533402, 
549) 1653014469, 
550) 1653336723, 
551) 1653390177, 
552) 1653526463, 
553) 1654491152, 
554) 1655369902, 
555) 1660651810, 
556) 1667363527, 
557) 1669304413, 
558) 1674103877, 
559) 1675425431, 
560) 1676918822, 
561) 1680334441, 
562) 1680744981, 
563) 1681234225, 
564) 1684217710, 
565) 1688458453, 
566) 1690430460, 
567) 1691123579, 
568) 1692350628, 
569) 1692769675, 
570) 1692920946, 
571) 1694956427, 
572) 1696811793, 
573) 1697846045, 
574) 1698176681, 
575) 1703650367, 
576) 1705069049, 
577) 1707126357, 
578) 1708107633, 
579) 1708579922, 
580) 1711431660, 
581) 1712834399, 
582) 1725968836, 
583) 1741145689, 
584) 1744872313, 
585) 1745961407, 
586) 1746637305, 
587) 1747104755, 
588) 1747777947, 
589) 1758085618, 
590) 1766470617, 
591) 1767165293, 
592) 1768032431, 
593) 1770971158, 
594) 1772345493, 
595) 1773615203, 
596) 1776734366, 
597) 1787263201, 
598) 1788010488, 
599) 1788522591, 
600) 1799622987, 
601) 1802620088, 
602) 1804055226, 
603) 1805401520, 
604) 1806741879, 
605) 1807476163, 
606) 1815156398, 
607) 1817978966, 
608) 1826738487, 
609) 1826798957, 
610) 1827457990, 
611) 1828327862, 
612) 1831845906, 
613) 1832036151, 
614) 1837391490, 
615) 1838712672, 
616) 1839641264, 
617) 1843242527, 
618) 1844039654, 
619) 1846885490, 
620) 1849864149, 
621) 1851185611, 
622) 1854840961, 
623) 1855461168, 
624) 1860274687, 
625) 1864021573, 
626) 1870287293, 
627) 1872808392, 
628) 1873801133, 
629) 1874853988, 
630) 1876392843, 
631) 1877004012, 
632) 1879058966, 
633) 1880256044, 
634) 1884930120, 
635) 1886551454, 
636) 1893719983, 
637) 1895236012, 
638) 1895481475, 
639) 1904769268, 
640) 1904837028, 
641) 1911249315, 
642) 1915123924, 
643) 1916035281, 
644) 1923081423, 
645) 1923121882, 
646) 1926885732, 
647) 1929406533, 
648) 1933012699, 
649) 1942282092, 
650) 1944820492, 
651) 1947736594, 
652) 1950050797, 
653) 1953848838, 
654) 1956383069, 
655) 1960322153, 
656) 1963826404, 
657) 1965754133, 
658) 1968054814, 
659) 1970472653, 
660) 1975314162, 
661) 1978868354, 
662) 1979540474, 
663) 1979576251, 
664) 1981667362, 
665) 1986061386, 
666) 1989422334, 
667) 1994595433, 
668) 1999884588, 
669) 2000059944, 
670) 2001426796, 
671) 2001529113, 
672) 2004132189, 
673) 2005765671, 
674) 2006271547, 
675) 2007609925, 
676) 2010481372, 
677) 2010943132, 
678) 2020740758, 
679) 2021790165, 
680) 2025322299, 
681) 2026117658, 
682) 2027389997, 
683) 2028194158, 
684) 2031395174, 
685) 2039307031, 
686) 2041487303, 
687) 2043265636, 
688) 2043480829, 
689) 2051511531, 
690) 2059803959, 
691) 2061351196, 
692) 2066823107, 
693) 2067411014, 
694) 2073053183, 
695) 2073065160, 
696) 2077015284, 
697) 2081818208, 
698) 2088316742, 
699) 2088898689, 
700) 2089745894, 
701) 2097342775, 
702) 2100704039, 
703) 2110339262, 
704) 2115072435, 
705) 2116283591, 
706) 2118612254, 
707) 2119244697, 
708) 2120885367, 
709) 2128151305, 
710) 2130277123, 
711) 2130411951, 
712) 2131551473, 
713) 2134786016, 
714) 2135271552, 
715) 2143309244, 
716) 2143741817, 
717) 2145590427, 
718) 2149250387, 
719) 2149624201, 
720) 2157113311, 
721) 2162914996, 
722) 2167164573, 
723) 2174028090, 
724) 2175498146, 
725) 2177280825, 
726) 2178919145, 
727) 2181555201, 
728) 2187927503, 
729) 2188139259, 
730) 2194046818, 
731) 2195489814, 
732) 2197256995, 
733) 2197306484, 
734) 2200526711, 
735) 2201694700, 
736) 2206561091, 
737) 2224834343, 
738) 2233211432, 
739) 2235838387, 
740) 2236401815, 
741) 2240671949, 
742) 2241855916, 
743) 2260536408, 
744) 2264113956, 
745) 2265946169, 
746) 2266258932, 
747) 2266614195, 
748) 2269501834, 
749) 2274278217, 
750) 2275645162, 
751) 2277007067, 
752) 2281314594, 
753) 2284236192, 
754) 2285850425, 
755) 2289232174, 
756) 2295178245, 
757) 2305926045, 
758) 2310032930, 
759) 2313612510, 
760) 2317536264, 
761) 2318286971, 
762) 2318666382, 
763) 2325843901, 
764) 2327685385, 
765) 2332268467, 
766) 2332457081, 
767) 2332812859, 
768) 2334945112, 
769) 2335234968, 
770) 2335968541, 
771) 2336237414, 
772) 2337796065, 
773) 2341589054, 
774) 2342096152, 
775) 2342641580, 
776) 2344636893, 
777) 2349510242, 
778) 2351174387, 
779) 2351799308, 
780) 2354873114, 
781) 2354940627, 
782) 2357462063, 
783) 2358609298, 
784) 2361360324, 
785) 2364157383, 
786) 2367935795, 
787) 2377507792, 
788) 2379355015, 
789) 2382137524, 
790) 2383366088, 
791) 2386500402, 
792) 2393057707, 
793) 2397887003, 
794) 2399593892, 
795) 2401411855, 
796) 2401658246, 
797) 2402884134, 
798) 2410183066, 
799) 2413074393, 
800) 2414204490, 
801) 2415935367, 
802) 2419502741, 
803) 2421494284, 
804) 2424100380, 
805) 2426687634, 
806) 2427866453, 
807) 2431114420, 
808) 2431587517, 
809) 2433504397, 
810) 2434500736, 
811) 2435379540, 
812) 2441572528, 
813) 2445997830, 
814) 2452932917, 
815) 2455776357, 
816) 2456684849, 
817) 2463019367, 
818) 2463476245, 
819) 2473577055, 
820) 2481246391, 
821) 2489699499, 
822) 2490123483, 
823) 2490462788, 
824) 2501663293, 
825) 2508014687, 
826) 2509078387, 
827) 2516954684, 
828) 2519569692, 
829) 2521743828, 
830) 2522262056, 
831) 2523968019, 
832) 2525232025, 
833) 2528530771, 
834) 2528630645, 
835) 2532106557, 
836) 2533223184, 
837) 2537118808, 
838) 2540487792, 
839) 2542485596, 
840) 2547963757, 
841) 2548731229, 
842) 2552942912, 
843) 2554845102, 
844) 2557176979, 
845) 2557928027, 
846) 2558553475, 
847) 2560066634, 
848) 2560574100, 
849) 2560625897, 
850) 2561578988, 
851) 2562115045, 
852) 2564181508, 
853) 2564538313, 
854) 2570574753, 
855) 2573288845, 
856) 2574313085, 
857) 2575628454, 
858) 2577006676, 
859) 2578427753, 
860) 2578637506, 
861) 2580395901, 
862) 2580925536, 
863) 2581480319, 
864) 2583376194, 
865) 2584105749, 
866) 2588582937, 
867) 2591974242, 
868) 2592488519, 
869) 2592790947, 
870) 2592811616, 
871) 2600921102, 
872) 2602453214, 
873) 2604924549, 
874) 2605947942, 
875) 2611172099, 
876) 2619411104, 
877) 2621450601, 
878) 2627209843, 
879) 2628466074, 
880) 2632847582, 
881) 2634578019, 
882) 2636668108, 
883) 2636707750, 
884) 2641235147, 
885) 2646408245, 
886) 2652670119, 
887) 2655619873, 
888) 2656497535, 
889) 2661389233, 
890) 2663368685, 
891) 2663891672, 
892) 2664794997, 
893) 2671353919, 
894) 2674577040, 
895) 2678544333, 
896) 2684376109, 
897) 2685796683, 
898) 2686477953, 
899) 2689673353, 
900) 2697634717, 
901) 2700295978, 
902) 2703248612, 
903) 2705953859, 
904) 2708761206, 
905) 2709336547, 
906) 2713296361, 
907) 2714427917, 
908) 2718365138, 
909) 2719080898, 
910) 2724692603, 
911) 2724719377, 
912) 2727332909, 
913) 2729332926, 
914) 2732626848, 
915) 2736058453, 
916) 2739662212, 
917) 2743451092, 
918) 2744606184, 
919) 2746002243, 
920) 2746292996, 
921) 2746901940, 
922) 2749676317, 
923) 2755597530, 
924) 2760662966, 
925) 2761671694, 
926) 2762939864, 
927) 2763432179, 
928) 2764275926, 
929) 2764728436, 
930) 2764868391, 
931) 2781450584, 
932) 2783976063, 
933) 2803420011, 
934) 2804681783, 
935) 2807356958, 
936) 2815241024, 
937) 2820213672, 
938) 2823154201, 
939) 2825604505, 
940) 2829893284, 
941) 2833773418, 
942) 2838270964, 
943) 2838603073, 
944) 2838668461, 
945) 2840957584, 
946) 2842697000, 
947) 2843630050, 
948) 2845908753, 
949) 2848259780, 
950) 2851372157, 
951) 2860282370, 
952) 2863826480, 
953) 2866218900, 
954) 2866358070, 
955) 2867951664, 
956) 2870821715, 
957) 2871621441, 
958) 2881790574, 
959) 2882034789, 
960) 2888548411, 
961) 2888639437, 
962) 2888925314, 
963) 2892619816, 
964) 2895002835, 
965) 2896097112, 
966) 2905878641, 
967) 2909098765, 
968) 2911888153, 
969) 2913302068, 
970) 2914162363, 
971) 2919209496, 
972) 2920482493, 
973) 2921481231, 
974) 2924202886, 
975) 2926796896, 
976) 2928280216, 
977) 2930461507, 
978) 2930489325, 
979) 2931000162, 
980) 2937021186, 
981) 2937793441, 
982) 2938746751, 
983) 2939276288, 
984) 2955984263, 
985) 2957194463, 
986) 2958319796, 
987) 2959305618, 
988) 2961715982, 
989) 2968431042, 
990) 2972136712, 
991) 2973400059, 
992) 2980721197, 
993) 2980873177, 
994) 2983938961, 
995) 2986038888, 
996) 2987906062, 
997) 2996701705, 
998) 2999432605, 
999) 2999959136, 
