Number of elements is 500
Type of array is sorted
Sorting algorithm - insert
Running time of sorting algorithm is 3ms
0) 10651850, 
1) 11438885, 
2) 14476499, 
3) 25310045, 
4) 28049474, 
5) 38221689, 
6) 39081893, 
7) 39378139, 
8) 42261981, 
9) 42502885, 
10) 62250932, 
11) 62281930, 
12) 67331546, 
13) 71724380, 
14) 75561090, 
15) 83874522, 
16) 84410922, 
17) 88680152, 
18) 90803860, 
19) 104110420, 
20) 105292836, 
21) 107224254, 
22) 117370453, 
23) 120604522, 
24) 140509903, 
25) 153126926, 
26) 169593561, 
27) 177441238, 
28) 189053399, 
29) 190252044, 
30) 192227906, 
31) 193274557, 
32) 197213688, 
33) 197698478, 
34) 200639447, 
35) 220140124, 
36) 224431464, 
37) 228783844, 
38) 236298500, 
39) 242551087, 
40) 250383582, 
41) 255891918, 
42) 258076508, 
43) 270696941, 
44) 274249823, 
45) 275056351, 
46) 277361739, 
47) 279401286, 
48) 282134403, 
49) 302283160, 
50) 304146874, 
51) 306338236, 
52) 308244452, 
53) 319875335, 
54) 325566283, 
55) 335410768, 
56) 354569176, 
57) 364886847, 
58) 387048689, 
59) 393645118, 
60) 394450072, 
61) 417417020, 
62) 444511882, 
63) 452879684, 
64) 457190818, 
65) 460327517, 
66) 482886216, 
67) 486175091, 
68) 490112663, 
69) 494343838, 
70) 521867117, 
71) 525658280, 
72) 527964441, 
73) 531467178, 
74) 545940316, 
75) 548918342, 
76) 557541557, 
77) 565369864, 
78) 573322027, 
79) 576079829, 
80) 577524607, 
81) 590457573, 
82) 597912254, 
83) 600002690, 
84) 602314503, 
85) 607790147, 
86) 612512864, 
87) 614991333, 
88) 618185356, 
89) 618216785, 
90) 634743196, 
91) 639257766, 
92) 642847755, 
93) 643421741, 
94) 644612818, 
95) 653597542, 
96) 661429082, 
97) 666230676, 
98) 666940825, 
99) 668438923, 
100) 671280445, 
101) 675520362, 
102) 675928747, 
103) 682567976, 
104) 686522362, 
105) 691490716, 
106) 691588910, 
107) 692092976, 
108) 693107945, 
109) 693117513, 
110) 705924104, 
111) 714174480, 
112) 726437590, 
113) 733758597, 
114) 737304758, 
115) 738684636, 
116) 746100724, 
117) 748317572, 
118) 759447982, 
119) 761197081, 
120) 767177061, 
121) 780044290, 
122) 784104457, 
123) 788811269, 
124) 797465156, 
125) 812629570, 
126) 816294589, 
127) 817324987, 
128) 819381597, 
129) 822225319, 
130) 822387689, 
131) 824668734, 
132) 829596195, 
133) 839696247, 
134) 846913483, 
135) 863752914, 
136) 869833792, 
137) 871130483, 
138) 872056667, 
139) 874704325, 
140) 881996313, 
141) 883801324, 
142) 885382369, 
143) 905032954, 
144) 910956644, 
145) 914451526, 
146) 922529892, 
147) 923837545, 
148) 934822767, 
149) 939139275, 
150) 940716218, 
151) 949783145, 
152) 951287572, 
153) 975278310, 
154) 1001363074, 
155) 1007870335, 
156) 1022043616, 
157) 1028397394, 
158) 1030400355, 
159) 1036751015, 
160) 1039682617, 
161) 1040930329, 
162) 1049414796, 
163) 1054607983, 
164) 1065201688, 
165) 1065538663, 
166) 1065944234, 
167) 1072371836, 
168) 1073378866, 
169) 1109478198, 
170) 1125472056, 
171) 1129965088, 
172) 1131207344, 
173) 1141539471, 
174) 1177797865, 
175) 1180508565, 
176) 1189465214, 
177) 1191954926, 
178) 1197371821, 
179) 1198824983, 
180) 1203566805, 
181) 1206055547, 
182) 1212465146, 
183) 1218114746, 
184) 1220410854, 
185) 1230224510, 
186) 1233959728, 
187) 1238139461, 
188) 1241207406, 
189) 1248453680, 
190) 1263845810, 
191) 1265292958, 
192) 1266572201, 
193) 1268804396, 
194) 1269984015, 
195) 1270996291, 
196) 1281301461, 
197) 1286005132, 
198) 1289588123, 
199) 1295116574, 
200) 1298882576, 
201) 1301849551, 
202) 1304393222, 
203) 1304465500, 
204) 1324711262, 
205) 1331106035, 
206) 1334660314, 
207) 1339684084, 
208) 1343917806, 
209) 1344817686, 
210) 1353919444, 
211) 1354248146, 
212) 1359111254, 
213) 1360287223, 
214) 1362939007, 
215) 1368815399, 
216) 1372988703, 
217) 1375903850, 
218) 1389680092, 
219) 1405252785, 
220) 1405290879, 
221) 1414466647, 
222) 1418393323, 
223) 1435218404, 
224) 1442040057, 
225) 1449038743, 
226) 1456792130, 
227) 1470487861, 
228) 1472550306, 
229) 1475515099, 
230) 1476536121, 
231) 1477392030, 
232) 1495020435, 
233) 1501031895, 
234) 1511633436, 
235) 1511978852, 
236) 1515529755, 
237) 1520473690, 
238) 1522908039, 
239) 1525965862, 
240) 1535150980, 
241) 1536313835, 
242) 1543623989, 
243) 1555798217, 
244) 1558859291, 
245) 1562087490, 
246) 1564931281, 
247) 1567273022, 
248) 1576699736, 
249) 1577442162, 
250) 1581579717, 
251) 1584257844, 
252) 1585587590, 
253) 1590912522, 
254) 1590969671, 
255) 1611968446, 
256) 1614176579, 
257) 1614484106, 
258) 1622541274, 
259) 1624456789, 
260) 1624948800, 
261) 1634125482, 
262) 1634276659, 
263) 1641937874, 
264) 1646484281, 
265) 1654576512, 
266) 1660029620, 
267) 1670795800, 
268) 1671114396, 
269) 1677653709, 
270) 1677780582, 
271) 1705205019, 
272) 1714136510, 
273) 1719325828, 
274) 1724676576, 
275) 1735967015, 
276) 1740766075, 
277) 1741579258, 
278) 1742358169, 
279) 1744401150, 
280) 1749381437, 
281) 1751094901, 
282) 1754540577, 
283) 1772028610, 
284) 1772345840, 
285) 1779222043, 
286) 1804996128, 
287) 1808618030, 
288) 1816231677, 
289) 1820141148, 
290) 1824008748, 
291) 1828478756, 
292) 1829542469, 
293) 1835651005, 
294) 1836024516, 
295) 1836690242, 
296) 1844238021, 
297) 1848451674, 
298) 1853571138, 
299) 1858979726, 
300) 1869888358, 
301) 1883343412, 
302) 1883884511, 
303) 1883922553, 
304) 1884556222, 
305) 1907866172, 
306) 1914412178, 
307) 1932447183, 
308) 1945804046, 
309) 1949881179, 
310) 1970502364, 
311) 1978992568, 
312) 1979385457, 
313) 1984223691, 
314) 1993551071, 
315) 2002563834, 
316) 2007729440, 
317) 2010630473, 
318) 2012634337, 
319) 2014766229, 
320) 2018032460, 
321) 2028924315, 
322) 2030933014, 
323) 2034214925, 
324) 2039975956, 
325) 2041907762, 
326) 2042389310, 
327) 2044723348, 
328) 2047816584, 
329) 2049643526, 
330) 2053571062, 
331) 2053766111, 
332) 2057115662, 
333) 2063173716, 
334) 2076625041, 
335) 2079824258, 
336) 2081189623, 
337) 2083603450, 
338) 2083741457, 
339) 2088682806, 
340) 2094301600, 
341) 2105433776, 
342) 2107651275, 
343) 2108572480, 
344) 2116672907, 
345) 2122054381, 
346) 2134235741, 
347) 2136191620, 
348) 2141298938, 
349) 2141755632, 
350) 2143096405, 
351) 2143207282, 
352) 2152187670, 
353) 2156514683, 
354) 2172711035, 
355) 2173572306, 
356) 2213436547, 
357) 2216259747, 
358) 2219584150, 
359) 2221611637, 
360) 2226383472, 
361) 2235043649, 
362) 2240262726, 
363) 2240675429, 
364) 2251565867, 
365) 2251852251, 
366) 2254294592, 
367) 2263055695, 
368) 2268581167, 
369) 2274710582, 
370) 2285870690, 
371) 2287468932, 
372) 2300543126, 
373) 2309514327, 
374) 2315203827, 
375) 2339185117, 
376) 2340130664, 
377) 2346658200, 
378) 2358052258, 
379) 2366844214, 
380) 2372690720, 
381) 2373634833, 
382) 2374314154, 
383) 2378168939, 
384) 2382678967, 
385) 2386187849, 
386) 2392720333, 
387) 2403460482, 
388) 2404774209, 
389) 2408564844, 
390) 2409997288, 
391) 2413114627, 
392) 2417467641, 
393) 2424617047, 
394) 2429016771, 
395) 2439561642, 
396) 2446182351, 
397) 2448813304, 
398) 2453077443, 
399) 2461997724, 
400) 2465324831, 
401) 2470878888, 
402) 2473253195, 
403) 2474670937, 
404) 2480240564, 
405) 2489468491, 
406) 2492109541, 
407) 2494552100, 
408) 2498266785, 
409) 2521857837, 
410) 2539312645, 
411) 2543287650, 
412) 2543753422, 
413) 2544112834, 
414) 2546512562, 
415) 2550326315, 
416) 2551105478, 
417) 2555096627, 
418) 2563712931, 
419) 2585994698, 
420) 2596707761, 
421) 2607860840, 
422) 2609095376, 
423) 2611501822, 
424) 2613764720, 
425) 2614484174, 
426) 2619326023, 
427) 2627894053, 
428) 2632694196, 
429) 2639351729, 
430) 2658672802, 
431) 2662312672, 
432) 2662505139, 
433) 2676754850, 
434) 2681636837, 
435) 2683802462, 
436) 2686150479, 
437) 2718937667, 
438) 2719917848, 
439) 2723602630, 
440) 2724983621, 
441) 2725006761, 
442) 2725107060, 
443) 2734411608, 
444) 2738180876, 
445) 2739231901, 
446) 2753473623, 
447) 2758184498, 
448) 2760709170, 
449) 2764950993, 
450) 2766220834, 
451) 2778764990, 
452) 2784493582, 
453) 2787462518, 
454) 2793751914, 
455) 2796092590, 
456) 2800824250, 
457) 2804623548, 
458) 2804709434, 
459) 2807070425, 
460) 2809114344, 
461) 2812436262, 
462) 2822830890, 
463) 2824219410, 
464) 2824805832, 
465) 2826710003, 
466) 2830070938, 
467) 2835195192, 
468) 2844522724, 
469) 2846364485, 
470) 2853657453, 
471) 2858886383, 
472) 2862100323, 
473) 2866204800, 
474) 2868004895, 
475) 2872704307, 
476) 2893072313, 
477) 2894282918, 
478) 2899413019, 
479) 2902231269, 
480) 2903008120, 
481) 2916047004, 
482) 2926118287, 
483) 2929877382, 
484) 2943365024, 
485) 2949551785, 
486) 2951172270, 
487) 2951968153, 
488) 2955858141, 
489) 2960907671, 
490) 2966843859, 
491) 2968127331, 
492) 2970610118, 
493) 2973159289, 
494) 2976308932, 
495) 2977557725, 
496) 2978289045, 
497) 2983067519, 
498) 2988599357, 
499) 2994796696, 
