Number of elements is 5000
Type of array is sorted
Sorting algorithm - insert
Running time of sorting algorithm is 26ms
0) 170171, 
1) 344048, 
2) 1889462, 
3) 4077194, 
4) 6337088, 
5) 6942785, 
6) 7078969, 
7) 7413104, 
8) 7427867, 
9) 7849945, 
10) 8677429, 
11) 9033139, 
12) 9904177, 
13) 10167014, 
14) 10186405, 
15) 11389267, 
16) 11570483, 
17) 11610953, 
18) 11761191, 
19) 12526646, 
20) 13654605, 
21) 13756669, 
22) 13843179, 
23) 13964741, 
24) 14079565, 
25) 14345963, 
26) 14507792, 
27) 14927241, 
28) 16273789, 
29) 16722539, 
30) 17314179, 
31) 17417167, 
32) 17568864, 
33) 18442660, 
34) 19575803, 
35) 19771448, 
36) 20528771, 
37) 20634091, 
38) 20729668, 
39) 21011910, 
40) 21285149, 
41) 21334898, 
42) 21337253, 
43) 22040030, 
44) 22417335, 
45) 22979014, 
46) 23867293, 
47) 25123869, 
48) 25803399, 
49) 25809972, 
50) 27102457, 
51) 28780256, 
52) 29061513, 
53) 29160268, 
54) 30433946, 
55) 31278465, 
56) 31919028, 
57) 32516717, 
58) 32681612, 
59) 32830614, 
60) 33075231, 
61) 34809000, 
62) 35006552, 
63) 35500053, 
64) 36205711, 
65) 36700914, 
66) 37370852, 
67) 37770475, 
68) 37987727, 
69) 38043932, 
70) 38267487, 
71) 38277703, 
72) 39379133, 
73) 39574097, 
74) 40101639, 
75) 40505644, 
76) 40674814, 
77) 41313942, 
78) 41373519, 
79) 41852664, 
80) 41984425, 
81) 42602934, 
82) 43101612, 
83) 43742945, 
84) 46587312, 
85) 46915217, 
86) 47469150, 
87) 48558612, 
88) 48936382, 
89) 49783552, 
90) 50134619, 
91) 50605488, 
92) 50692741, 
93) 50981159, 
94) 51432287, 
95) 52017636, 
96) 52078689, 
97) 52373200, 
98) 52549829, 
99) 52643847, 
100) 52740740, 
101) 52803824, 
102) 53294031, 
103) 53616931, 
104) 54190484, 
105) 56127176, 
106) 57339692, 
107) 57551457, 
108) 58075607, 
109) 58248838, 
110) 59077076, 
111) 59316394, 
112) 59423945, 
113) 59919127, 
114) 61060595, 
115) 62687218, 
116) 62954229, 
117) 63764306, 
118) 63770651, 
119) 64439774, 
120) 64511092, 
121) 65667753, 
122) 65720963, 
123) 65968437, 
124) 66451990, 
125) 66655764, 
126) 66993531, 
127) 67620518, 
128) 69468313, 
129) 69548316, 
130) 69887044, 
131) 69891038, 
132) 71966174, 
133) 72373787, 
134) 72720028, 
135) 72855068, 
136) 73327738, 
137) 74156412, 
138) 74892255, 
139) 74925866, 
140) 75807836, 
141) 76031792, 
142) 76645605, 
143) 76855439, 
144) 76896690, 
145) 77016506, 
146) 77553959, 
147) 77865084, 
148) 77892454, 
149) 77949024, 
150) 78470830, 
151) 79464295, 
152) 79574733, 
153) 79613472, 
154) 80943711, 
155) 82417109, 
156) 82876816, 
157) 83012586, 
158) 84853400, 
159) 85692743, 
160) 87103146, 
161) 87154818, 
162) 87307196, 
163) 87557895, 
164) 87566735, 
165) 87856328, 
166) 87920901, 
167) 88404410, 
168) 88433892, 
169) 88448118, 
170) 88647132, 
171) 88765932, 
172) 89119794, 
173) 90226611, 
174) 90500604, 
175) 91269470, 
176) 92405653, 
177) 92581016, 
178) 92623689, 
179) 92748103, 
180) 93297510, 
181) 93365145, 
182) 93412284, 
183) 93526676, 
184) 93666219, 
185) 93945032, 
186) 94284417, 
187) 94632923, 
188) 94739171, 
189) 95414676, 
190) 96454471, 
191) 97214316, 
192) 97511097, 
193) 98638796, 
194) 101395100, 
195) 101813865, 
196) 103284843, 
197) 104037294, 
198) 104057925, 
199) 105153629, 
200) 105330065, 
201) 105604630, 
202) 106177339, 
203) 106252464, 
204) 106774782, 
205) 107057361, 
206) 107483192, 
207) 108041723, 
208) 109024487, 
209) 109913941, 
210) 110087352, 
211) 110275587, 
212) 110732028, 
213) 111838746, 
214) 112462993, 
215) 113412848, 
216) 113427410, 
217) 114330633, 
218) 114609935, 
219) 114684726, 
220) 115352821, 
221) 115497122, 
222) 115690900, 
223) 116089834, 
224) 116284495, 
225) 116463507, 
226) 116564951, 
227) 116791812, 
228) 117335437, 
229) 117589838, 
230) 117845679, 
231) 118180308, 
232) 118257716, 
233) 119083782, 
234) 119777964, 
235) 122938862, 
236) 123967616, 
237) 124348621, 
238) 124652838, 
239) 124800821, 
240) 126105217, 
241) 126731540, 
242) 127180663, 
243) 127475244, 
244) 127541638, 
245) 127823139, 
246) 130572797, 
247) 130729141, 
248) 130760492, 
249) 130828146, 
250) 131353246, 
251) 131523770, 
252) 131651781, 
253) 131732474, 
254) 131797575, 
255) 131870823, 
256) 132265396, 
257) 134745156, 
258) 135062148, 
259) 135141512, 
260) 136394457, 
261) 136888036, 
262) 137332363, 
263) 138037408, 
264) 138767953, 
265) 138830225, 
266) 139621472, 
267) 140739569, 
268) 142731377, 
269) 143466373, 
270) 143605904, 
271) 143619554, 
272) 143731901, 
273) 144866606, 
274) 147813358, 
275) 147847265, 
276) 148098981, 
277) 148117092, 
278) 148288019, 
279) 149164238, 
280) 150037709, 
281) 150102677, 
282) 152773560, 
283) 154744073, 
284) 154987691, 
285) 155646890, 
286) 156239001, 
287) 157010426, 
288) 157452099, 
289) 157879373, 
290) 157893644, 
291) 159137129, 
292) 160162571, 
293) 160623080, 
294) 160774418, 
295) 160799404, 
296) 162242460, 
297) 162590623, 
298) 162847588, 
299) 164224060, 
300) 166062210, 
301) 166656663, 
302) 168324153, 
303) 168848351, 
304) 168904333, 
305) 168934886, 
306) 169711353, 
307) 169765267, 
308) 169767390, 
309) 169920555, 
310) 170367937, 
311) 170501277, 
312) 172006157, 
313) 172287224, 
314) 172409334, 
315) 172510346, 
316) 173045950, 
317) 174307114, 
318) 175101300, 
319) 175211343, 
320) 176492437, 
321) 176816928, 
322) 177332602, 
323) 178839427, 
324) 179157183, 
325) 179268750, 
326) 180703064, 
327) 180755213, 
328) 181167910, 
329) 181438192, 
330) 181645650, 
331) 182135673, 
332) 182354947, 
333) 183333381, 
334) 183787029, 
335) 184265412, 
336) 184729128, 
337) 185280450, 
338) 187657023, 
339) 188044850, 
340) 188282365, 
341) 188816674, 
342) 189384920, 
343) 189475383, 
344) 189846841, 
345) 190400527, 
346) 191173741, 
347) 191812988, 
348) 192177185, 
349) 192340329, 
350) 193683827, 
351) 194100529, 
352) 195092118, 
353) 195394579, 
354) 195452083, 
355) 195811585, 
356) 197028710, 
357) 198702677, 
358) 199338173, 
359) 199973536, 
360) 200537342, 
361) 200921142, 
362) 200945932, 
363) 201337921, 
364) 202340276, 
365) 204063819, 
366) 205069801, 
367) 205081846, 
368) 205128643, 
369) 205362180, 
370) 206081480, 
371) 206149218, 
372) 206816801, 
373) 207952870, 
374) 208601207, 
375) 208687211, 
376) 209842575, 
377) 210346233, 
378) 211509227, 
379) 211513392, 
380) 211588261, 
381) 212222379, 
382) 212484030, 
383) 213343902, 
384) 213525704, 
385) 213733021, 
386) 214272650, 
387) 214437414, 
388) 214661545, 
389) 215248446, 
390) 215477722, 
391) 216647562, 
392) 216908857, 
393) 217066131, 
394) 217615548, 
395) 218238749, 
396) 218732046, 
397) 219392783, 
398) 219977902, 
399) 220667503, 
400) 221066858, 
401) 221296958, 
402) 221431156, 
403) 222439230, 
404) 222582843, 
405) 222637505, 
406) 223685614, 
407) 224966632, 
408) 225217860, 
409) 225452312, 
410) 225533555, 
411) 225767934, 
412) 227025917, 
413) 227131838, 
414) 227208964, 
415) 227527475, 
416) 227535781, 
417) 227858666, 
418) 228445631, 
419) 229695299, 
420) 230232172, 
421) 230810384, 
422) 232457447, 
423) 232932020, 
424) 233367501, 
425) 233763595, 
426) 234559230, 
427) 234821644, 
428) 235168030, 
429) 236123733, 
430) 236230775, 
431) 236522424, 
432) 236651963, 
433) 237393165, 
434) 237486865, 
435) 238898983, 
436) 239988576, 
437) 240411915, 
438) 241792031, 
439) 241811999, 
440) 242101052, 
441) 242278894, 
442) 242970045, 
443) 243432831, 
444) 243659899, 
445) 244327206, 
446) 245131122, 
447) 245559275, 
448) 245928864, 
449) 246495081, 
450) 246612918, 
451) 247388298, 
452) 248136967, 
453) 248165967, 
454) 249401681, 
455) 250387127, 
456) 250393533, 
457) 251525114, 
458) 251623163, 
459) 252396836, 
460) 252640398, 
461) 252877398, 
462) 253035644, 
463) 253450552, 
464) 254818464, 
465) 255113437, 
466) 255211316, 
467) 255866799, 
468) 255891212, 
469) 256276568, 
470) 257176994, 
471) 257273379, 
472) 257447096, 
473) 257953289, 
474) 258818342, 
475) 259591294, 
476) 259641847, 
477) 260067075, 
478) 260598378, 
479) 260813181, 
480) 261071662, 
481) 261215384, 
482) 261275684, 
483) 262107555, 
484) 262832417, 
485) 262937200, 
486) 262961835, 
487) 263428914, 
488) 264080785, 
489) 265713714, 
490) 266652897, 
491) 266729164, 
492) 266901795, 
493) 267573199, 
494) 268172178, 
495) 269363913, 
496) 269990210, 
497) 270678415, 
498) 270850862, 
499) 270910585, 
500) 270960242, 
501) 271431995, 
502) 271478152, 
503) 272500947, 
504) 272620435, 
505) 272715491, 
506) 272787599, 
507) 273156556, 
508) 273732286, 
509) 273834114, 
510) 275057126, 
511) 278307835, 
512) 278716304, 
513) 279027349, 
514) 279146212, 
515) 279823559, 
516) 279831037, 
517) 280176803, 
518) 280826891, 
519) 281261470, 
520) 281272523, 
521) 282241119, 
522) 282407324, 
523) 282623904, 
524) 284126875, 
525) 284731412, 
526) 285596991, 
527) 285836868, 
528) 286332628, 
529) 286687394, 
530) 286746675, 
531) 287110164, 
532) 287132771, 
533) 287415003, 
534) 288074751, 
535) 288627450, 
536) 288692437, 
537) 288929530, 
538) 289384198, 
539) 290508748, 
540) 290670316, 
541) 290779246, 
542) 291061042, 
543) 291236120, 
544) 292305098, 
545) 292463139, 
546) 292619704, 
547) 292865961, 
548) 293308061, 
549) 293622029, 
550) 293938441, 
551) 294494639, 
552) 295018671, 
553) 295346169, 
554) 297427558, 
555) 298743738, 
556) 299579299, 
557) 301003035, 
558) 301127486, 
559) 301457503, 
560) 301714861, 
561) 301982544, 
562) 303265414, 
563) 303329819, 
564) 304040148, 
565) 304486395, 
566) 304846108, 
567) 304852559, 
568) 305150982, 
569) 305263726, 
570) 306520005, 
571) 308236749, 
572) 308785552, 
573) 309043809, 
574) 309058785, 
575) 309289700, 
576) 309409369, 
577) 310034862, 
578) 310919341, 
579) 310987407, 
580) 311406288, 
581) 311702508, 
582) 314568263, 
583) 314939531, 
584) 315650599, 
585) 317026912, 
586) 317805337, 
587) 317897201, 
588) 317966171, 
589) 317986338, 
590) 318571915, 
591) 318638339, 
592) 318649336, 
593) 319353938, 
594) 319533525, 
595) 320129288, 
596) 322248285, 
597) 324522997, 
598) 325796755, 
599) 326030891, 
600) 326051944, 
601) 326172664, 
602) 327459621, 
603) 328525734, 
604) 329144689, 
605) 329258838, 
606) 329952498, 
607) 330874032, 
608) 331076584, 
609) 331513497, 
610) 331742581, 
611) 331746002, 
612) 332388905, 
613) 333160583, 
614) 335377704, 
615) 335617425, 
616) 335961910, 
617) 337106123, 
618) 338064021, 
619) 338637840, 
620) 339018184, 
621) 339641861, 
622) 340454543, 
623) 340855427, 
624) 342012524, 
625) 342254775, 
626) 342303106, 
627) 342789335, 
628) 342914102, 
629) 343002707, 
630) 343790101, 
631) 345010394, 
632) 345803319, 
633) 346155011, 
634) 346507775, 
635) 347212926, 
636) 347464042, 
637) 347883175, 
638) 347997692, 
639) 349017643, 
640) 349615902, 
641) 350440740, 
642) 351064433, 
643) 351564075, 
644) 351745103, 
645) 353266612, 
646) 354475914, 
647) 354685271, 
648) 355069714, 
649) 356148081, 
650) 356699637, 
651) 358015416, 
652) 358049243, 
653) 358377594, 
654) 358893221, 
655) 359447485, 
656) 360139995, 
657) 360442652, 
658) 361408743, 
659) 362344091, 
660) 363155283, 
661) 363735015, 
662) 363795695, 
663) 365728080, 
664) 365821733, 
665) 365986653, 
666) 366351248, 
667) 366787944, 
668) 366967787, 
669) 370117031, 
670) 370987683, 
671) 372167987, 
672) 373364302, 
673) 374184670, 
674) 374497686, 
675) 376162877, 
676) 376542448, 
677) 376606898, 
678) 376680157, 
679) 376800830, 
680) 378075149, 
681) 378252754, 
682) 378292459, 
683) 378421857, 
684) 380406323, 
685) 380423711, 
686) 381373650, 
687) 381782255, 
688) 381977667, 
689) 382476203, 
690) 383452956, 
691) 386925837, 
692) 387454153, 
693) 389311527, 
694) 389599579, 
695) 389968330, 
696) 391323934, 
697) 391454215, 
698) 393176626, 
699) 393378002, 
700) 394047605, 
701) 394130420, 
702) 394461291, 
703) 394661671, 
704) 395040615, 
705) 395806433, 
706) 395869614, 
707) 397201632, 
708) 397660736, 
709) 397713362, 
710) 398310962, 
711) 398370579, 
712) 398514100, 
713) 398812653, 
714) 398909529, 
715) 401783758, 
716) 402978395, 
717) 403207236, 
718) 403617451, 
719) 403738920, 
720) 403772066, 
721) 405371857, 
722) 407096216, 
723) 408005095, 
724) 408323340, 
725) 409462771, 
726) 409545019, 
727) 409617738, 
728) 410035055, 
729) 410694505, 
730) 410966711, 
731) 411546337, 
732) 411688536, 
733) 414483877, 
734) 415529303, 
735) 415570928, 
736) 415664160, 
737) 416170146, 
738) 416440202, 
739) 416520434, 
740) 416973143, 
741) 418422280, 
742) 419768371, 
743) 420092556, 
744) 421130621, 
745) 421899266, 
746) 421942257, 
747) 422252415, 
748) 422622960, 
749) 423486062, 
750) 423667278, 
751) 424360531, 
752) 424428771, 
753) 424445074, 
754) 425009624, 
755) 425528115, 
756) 426525635, 
757) 428254701, 
758) 429731677, 
759) 430590641, 
760) 431816302, 
761) 432080771, 
762) 432511330, 
763) 432543526, 
764) 434316171, 
765) 434894289, 
766) 435147181, 
767) 435264320, 
768) 435540185, 
769) 435631428, 
770) 435918204, 
771) 436324558, 
772) 436469502, 
773) 436721920, 
774) 437216974, 
775) 438594573, 
776) 438842968, 
777) 439492274, 
778) 439814678, 
779) 440823274, 
780) 440860990, 
781) 441109677, 
782) 441291296, 
783) 441316602, 
784) 442494325, 
785) 442531702, 
786) 442860333, 
787) 442909768, 
788) 442956729, 
789) 443804693, 
790) 443837747, 
791) 444851289, 
792) 445487910, 
793) 445504134, 
794) 445636439, 
795) 446182424, 
796) 446409364, 
797) 446882819, 
798) 447100577, 
799) 447138517, 
800) 447697373, 
801) 448005220, 
802) 451015513, 
803) 451035990, 
804) 451178176, 
805) 451198323, 
806) 454324902, 
807) 454387407, 
808) 454420975, 
809) 454797157, 
810) 456066541, 
811) 456164811, 
812) 456870091, 
813) 458077950, 
814) 459253316, 
815) 459575834, 
816) 459893731, 
817) 459912703, 
818) 460246520, 
819) 460497308, 
820) 460567335, 
821) 460838835, 
822) 461701848, 
823) 462044744, 
824) 462081455, 
825) 462350703, 
826) 463232534, 
827) 463941155, 
828) 464514996, 
829) 464906553, 
830) 465715268, 
831) 465840029, 
832) 465929025, 
833) 467743677, 
834) 468257142, 
835) 468603552, 
836) 468821219, 
837) 469891688, 
838) 470074196, 
839) 470161044, 
840) 470432741, 
841) 470967858, 
842) 471060831, 
843) 471175199, 
844) 474170366, 
845) 474977105, 
846) 476274789, 
847) 476631877, 
848) 480295241, 
849) 481551948, 
850) 481985338, 
851) 482178906, 
852) 482398428, 
853) 482727024, 
854) 483041786, 
855) 483274222, 
856) 484403911, 
857) 485192751, 
858) 485870346, 
859) 486118551, 
860) 486960785, 
861) 487291463, 
862) 487851908, 
863) 487950127, 
864) 488135174, 
865) 488289549, 
866) 488353610, 
867) 489465474, 
868) 490142153, 
869) 490175099, 
870) 491194455, 
871) 491691027, 
872) 493194576, 
873) 494606251, 
874) 494716667, 
875) 495332234, 
876) 495650723, 
877) 498262351, 
878) 498338938, 
879) 498497744, 
880) 498764283, 
881) 499005299, 
882) 499327849, 
883) 499463608, 
884) 499731575, 
885) 502890606, 
886) 503095114, 
887) 503666955, 
888) 504055064, 
889) 504706442, 
890) 505670463, 
891) 505996325, 
892) 506414298, 
893) 506486283, 
894) 507577262, 
895) 509454926, 
896) 509612657, 
897) 510199924, 
898) 510907457, 
899) 513456499, 
900) 513481143, 
901) 515268573, 
902) 515462083, 
903) 515756638, 
904) 516072941, 
905) 516478146, 
906) 517835502, 
907) 518876503, 
908) 520039963, 
909) 520857240, 
910) 521172981, 
911) 521375652, 
912) 521701190, 
913) 522670262, 
914) 523165923, 
915) 524484575, 
916) 524564299, 
917) 524771794, 
918) 524828833, 
919) 526422568, 
920) 527057113, 
921) 527260569, 
922) 527767608, 
923) 528090766, 
924) 528260778, 
925) 528496088, 
926) 528566459, 
927) 529236178, 
928) 529360538, 
929) 529388698, 
930) 531496981, 
931) 532054676, 
932) 532391039, 
933) 532521451, 
934) 534528063, 
935) 534987004, 
936) 535038893, 
937) 535069720, 
938) 535198421, 
939) 537812513, 
940) 538733561, 
941) 539063806, 
942) 539254375, 
943) 540488379, 
944) 540861378, 
945) 541096623, 
946) 541649358, 
947) 541974663, 
948) 542187637, 
949) 542728476, 
950) 542978034, 
951) 543388305, 
952) 543941200, 
953) 545593371, 
954) 547140854, 
955) 547871840, 
956) 548064069, 
957) 548153499, 
958) 548865785, 
959) 549444275, 
960) 550187284, 
961) 550462813, 
962) 551100285, 
963) 551380411, 
964) 553045141, 
965) 553491271, 
966) 554703305, 
967) 555101207, 
968) 555845313, 
969) 556474438, 
970) 557053269, 
971) 557831234, 
972) 558547651, 
973) 560228151, 
974) 560789867, 
975) 561133436, 
976) 561237336, 
977) 561819759, 
978) 562156845, 
979) 562428401, 
980) 563175480, 
981) 563716940, 
982) 563770803, 
983) 563782449, 
984) 564766446, 
985) 565171943, 
986) 565397228, 
987) 565717312, 
988) 565740990, 
989) 566376749, 
990) 566489467, 
991) 567121338, 
992) 568255698, 
993) 569253361, 
994) 569789861, 
995) 569840943, 
996) 570988248, 
997) 572334649, 
998) 572454199, 
999) 572488162, 
1000) 572505822, 
1001) 572702081, 
1002) 573828268, 
1003) 574426098, 
1004) 574448532, 
1005) 574983852, 
1006) 576703532, 
1007) 577161964, 
1008) 577309066, 
1009) 577844891, 
1010) 578350459, 
1011) 580867778, 
1012) 583289447, 
1013) 583988010, 
1014) 584183500, 
1015) 584860042, 
1016) 585381133, 
1017) 585950814, 
1018) 586383586, 
1019) 586809398, 
1020) 587930805, 
1021) 588291315, 
1022) 588610796, 
1023) 588684024, 
1024) 588779611, 
1025) 589148478, 
1026) 589592686, 
1027) 589889778, 
1028) 590950795, 
1029) 591201719, 
1030) 592361131, 
1031) 592509811, 
1032) 593164918, 
1033) 593661617, 
1034) 594208467, 
1035) 594454074, 
1036) 594571052, 
1037) 594958703, 
1038) 595280534, 
1039) 596876643, 
1040) 597021725, 
1041) 597952801, 
1042) 598141734, 
1043) 599885565, 
1044) 602466327, 
1045) 602559145, 
1046) 603053350, 
1047) 603324039, 
1048) 603335003, 
1049) 604130297, 
1050) 605566876, 
1051) 605678803, 
1052) 605849891, 
1053) 606339552, 
1054) 606381346, 
1055) 606733603, 
1056) 607401602, 
1057) 607612531, 
1058) 608091943, 
1059) 608652810, 
1060) 609792978, 
1061) 610063636, 
1062) 611012898, 
1063) 613736708, 
1064) 613843894, 
1065) 614041151, 
1066) 615222273, 
1067) 615503655, 
1068) 619921754, 
1069) 620210127, 
1070) 620899817, 
1071) 621499643, 
1072) 622400156, 
1073) 622499711, 
1074) 622836424, 
1075) 623245263, 
1076) 624734410, 
1077) 627266867, 
1078) 627267792, 
1079) 628647484, 
1080) 628722005, 
1081) 628727077, 
1082) 629078269, 
1083) 631627878, 
1084) 631945176, 
1085) 633409261, 
1086) 633475164, 
1087) 633639525, 
1088) 634984637, 
1089) 634996476, 
1090) 635512651, 
1091) 635539944, 
1092) 635778230, 
1093) 636284313, 
1094) 637005551, 
1095) 637162743, 
1096) 637786039, 
1097) 637852578, 
1098) 639050215, 
1099) 639315123, 
1100) 639337189, 
1101) 640326741, 
1102) 640665585, 
1103) 643425541, 
1104) 643450701, 
1105) 643671584, 
1106) 643856495, 
1107) 644907948, 
1108) 645097458, 
1109) 645562758, 
1110) 648564373, 
1111) 648580020, 
1112) 648793849, 
1113) 648961502, 
1114) 649022964, 
1115) 649843057, 
1116) 649926648, 
1117) 649968280, 
1118) 651529574, 
1119) 651752944, 
1120) 652185918, 
1121) 653965633, 
1122) 654191452, 
1123) 656124645, 
1124) 656326496, 
1125) 656518045, 
1126) 656637163, 
1127) 656978743, 
1128) 657957485, 
1129) 659711773, 
1130) 659863976, 
1131) 660377440, 
1132) 661856117, 
1133) 663439139, 
1134) 663740626, 
1135) 664236925, 
1136) 664375927, 
1137) 664523899, 
1138) 664574366, 
1139) 665128521, 
1140) 665659319, 
1141) 665698637, 
1142) 665827876, 
1143) 665943852, 
1144) 666118389, 
1145) 666528564, 
1146) 669444495, 
1147) 670130080, 
1148) 670746258, 
1149) 671069455, 
1150) 671207396, 
1151) 672120411, 
1152) 672229099, 
1153) 673195984, 
1154) 673643969, 
1155) 674137198, 
1156) 674826322, 
1157) 674884877, 
1158) 674894804, 
1159) 675769104, 
1160) 676710558, 
1161) 676850577, 
1162) 677147301, 
1163) 677381468, 
1164) 677908767, 
1165) 678296308, 
1166) 678659868, 
1167) 678816214, 
1168) 679489389, 
1169) 682003515, 
1170) 682573942, 
1171) 682768213, 
1172) 683258744, 
1173) 683355043, 
1174) 684341395, 
1175) 684520394, 
1176) 684612565, 
1177) 685086087, 
1178) 685584660, 
1179) 686373219, 
1180) 686403731, 
1181) 686827566, 
1182) 687545972, 
1183) 687811378, 
1184) 687843588, 
1185) 688480818, 
1186) 688715685, 
1187) 688940200, 
1188) 689110410, 
1189) 689141183, 
1190) 689301654, 
1191) 690017690, 
1192) 690166928, 
1193) 690462558, 
1194) 690544081, 
1195) 690617364, 
1196) 691805171, 
1197) 692576495, 
1198) 693143114, 
1199) 693334514, 
1200) 693607364, 
1201) 694355896, 
1202) 694560542, 
1203) 694913460, 
1204) 695000325, 
1205) 696005739, 
1206) 697220061, 
1207) 697494624, 
1208) 698966912, 
1209) 699477534, 
1210) 699817305, 
1211) 699840972, 
1212) 700429333, 
1213) 700584452, 
1214) 700712779, 
1215) 701036978, 
1216) 702259997, 
1217) 702267534, 
1218) 702670980, 
1219) 702696241, 
1220) 703642371, 
1221) 704419795, 
1222) 704974347, 
1223) 705180711, 
1224) 705570746, 
1225) 705772369, 
1226) 706730137, 
1227) 707029578, 
1228) 707772998, 
1229) 707792710, 
1230) 708596178, 
1231) 708643843, 
1232) 708843932, 
1233) 708989429, 
1234) 709250748, 
1235) 709305999, 
1236) 710042532, 
1237) 710634844, 
1238) 711539116, 
1239) 711673405, 
1240) 711713871, 
1241) 712110036, 
1242) 712250005, 
1243) 712313254, 
1244) 712479198, 
1245) 714106714, 
1246) 715316127, 
1247) 716384181, 
1248) 716566650, 
1249) 716598984, 
1250) 716990226, 
1251) 718699107, 
1252) 718943613, 
1253) 719102255, 
1254) 719634704, 
1255) 721668220, 
1256) 722544172, 
1257) 722895378, 
1258) 723886135, 
1259) 724414402, 
1260) 724938559, 
1261) 726718457, 
1262) 726758251, 
1263) 727824751, 
1264) 728958895, 
1265) 729103464, 
1266) 729257302, 
1267) 729622805, 
1268) 729933494, 
1269) 730003638, 
1270) 730332706, 
1271) 730405944, 
1272) 731059499, 
1273) 731076448, 
1274) 731206572, 
1275) 731345450, 
1276) 732698214, 
1277) 732837750, 
1278) 732984841, 
1279) 733024161, 
1280) 733309381, 
1281) 733513894, 
1282) 734565351, 
1283) 734680962, 
1284) 734816467, 
1285) 735348674, 
1286) 735851462, 
1287) 736174518, 
1288) 736176375, 
1289) 736789151, 
1290) 736874749, 
1291) 737797586, 
1292) 737834942, 
1293) 738352517, 
1294) 738517029, 
1295) 740646317, 
1296) 741126105, 
1297) 741716614, 
1298) 742102335, 
1299) 743202030, 
1300) 743736026, 
1301) 744254527, 
1302) 745175763, 
1303) 745713394, 
1304) 745903315, 
1305) 745957402, 
1306) 746170963, 
1307) 747366737, 
1308) 747490956, 
1309) 747614007, 
1310) 747686648, 
1311) 748192668, 
1312) 749202119, 
1313) 749256252, 
1314) 750634329, 
1315) 750886587, 
1316) 750940919, 
1317) 751307898, 
1318) 751496914, 
1319) 752020213, 
1320) 752932751, 
1321) 753071247, 
1322) 754447124, 
1323) 754909568, 
1324) 754931037, 
1325) 755378755, 
1326) 757012646, 
1327) 757821747, 
1328) 758240071, 
1329) 758537713, 
1330) 759007151, 
1331) 759328434, 
1332) 759383382, 
1333) 759458218, 
1334) 759698549, 
1335) 760009820, 
1336) 761111337, 
1337) 762056588, 
1338) 762098373, 
1339) 762461696, 
1340) 763162004, 
1341) 763807474, 
1342) 765358055, 
1343) 767131680, 
1344) 767172985, 
1345) 767195442, 
1346) 767544476, 
1347) 769616897, 
1348) 770839931, 
1349) 771823268, 
1350) 772497900, 
1351) 772630778, 
1352) 772879507, 
1353) 772945022, 
1354) 773684248, 
1355) 774275439, 
1356) 774731011, 
1357) 775407498, 
1358) 775615961, 
1359) 776198081, 
1360) 781548158, 
1361) 782567833, 
1362) 782765845, 
1363) 784867841, 
1364) 785272248, 
1365) 785398179, 
1366) 785447675, 
1367) 785813351, 
1368) 786103516, 
1369) 786160880, 
1370) 786753673, 
1371) 786888887, 
1372) 788216074, 
1373) 788410755, 
1374) 788442487, 
1375) 791442221, 
1376) 791512174, 
1377) 791615245, 
1378) 791800185, 
1379) 792011839, 
1380) 792252106, 
1381) 792359323, 
1382) 793917158, 
1383) 794427398, 
1384) 795415957, 
1385) 795419054, 
1386) 795431231, 
1387) 797523068, 
1388) 797528713, 
1389) 798222775, 
1390) 799219106, 
1391) 800220112, 
1392) 801073358, 
1393) 801807558, 
1394) 801961712, 
1395) 802782589, 
1396) 802818073, 
1397) 802974261, 
1398) 803182909, 
1399) 803586169, 
1400) 805559251, 
1401) 807528644, 
1402) 807585160, 
1403) 807816945, 
1404) 807914551, 
1405) 810143847, 
1406) 810755823, 
1407) 812153854, 
1408) 812176421, 
1409) 812376196, 
1410) 812759981, 
1411) 813363678, 
1412) 813486813, 
1413) 814370876, 
1414) 814452438, 
1415) 815060155, 
1416) 815487951, 
1417) 815989321, 
1418) 816020324, 
1419) 817737454, 
1420) 818982743, 
1421) 818995637, 
1422) 819740254, 
1423) 820032053, 
1424) 820386287, 
1425) 821415081, 
1426) 821804489, 
1427) 822279493, 
1428) 823039151, 
1429) 823225892, 
1430) 823352251, 
1431) 824463271, 
1432) 824776458, 
1433) 824833388, 
1434) 825024233, 
1435) 825083488, 
1436) 825633679, 
1437) 825673872, 
1438) 827585185, 
1439) 827744252, 
1440) 828039888, 
1441) 829038914, 
1442) 831005235, 
1443) 831795154, 
1444) 832040487, 
1445) 832566525, 
1446) 832968168, 
1447) 833728985, 
1448) 834218753, 
1449) 834312826, 
1450) 835021510, 
1451) 835035398, 
1452) 835458013, 
1453) 837074659, 
1454) 837106854, 
1455) 839208569, 
1456) 839579101, 
1457) 841588834, 
1458) 842495923, 
1459) 842609838, 
1460) 842687003, 
1461) 843469199, 
1462) 843787951, 
1463) 844281081, 
1464) 844282234, 
1465) 844551182, 
1466) 845795937, 
1467) 846741737, 
1468) 847488524, 
1469) 848822186, 
1470) 849248709, 
1471) 849361792, 
1472) 849767112, 
1473) 849807444, 
1474) 850010287, 
1475) 851794757, 
1476) 852383136, 
1477) 853664561, 
1478) 854296256, 
1479) 854413564, 
1480) 854492064, 
1481) 854937742, 
1482) 856087859, 
1483) 856459142, 
1484) 856466540, 
1485) 856926880, 
1486) 857654155, 
1487) 857948916, 
1488) 858001190, 
1489) 858156634, 
1490) 859208125, 
1491) 859388081, 
1492) 859554157, 
1493) 859989191, 
1494) 860112669, 
1495) 860824558, 
1496) 861074561, 
1497) 861204517, 
1498) 861269065, 
1499) 861730347, 
1500) 862247253, 
1501) 862865083, 
1502) 862977134, 
1503) 864572312, 
1504) 866006936, 
1505) 866241236, 
1506) 866726895, 
1507) 866820759, 
1508) 868146086, 
1509) 868517016, 
1510) 869606881, 
1511) 870597150, 
1512) 870644045, 
1513) 870974593, 
1514) 872017605, 
1515) 873453930, 
1516) 873629245, 
1517) 873711046, 
1518) 874581722, 
1519) 876557034, 
1520) 877541898, 
1521) 878082620, 
1522) 878262340, 
1523) 878962179, 
1524) 879329221, 
1525) 879383918, 
1526) 879539753, 
1527) 879714158, 
1528) 880165002, 
1529) 882957415, 
1530) 883564681, 
1531) 883578613, 
1532) 884944739, 
1533) 886179138, 
1534) 886232088, 
1535) 886527982, 
1536) 887013625, 
1537) 888698481, 
1538) 890284104, 
1539) 890308126, 
1540) 893118520, 
1541) 893327931, 
1542) 894582832, 
1543) 894680249, 
1544) 895965338, 
1545) 896405308, 
1546) 897218013, 
1547) 900005327, 
1548) 901163367, 
1549) 901826935, 
1550) 902180348, 
1551) 902778401, 
1552) 903120784, 
1553) 903248787, 
1554) 904083270, 
1555) 904786783, 
1556) 905764409, 
1557) 906714656, 
1558) 907156659, 
1559) 907513281, 
1560) 908209095, 
1561) 909441876, 
1562) 910865375, 
1563) 912098018, 
1564) 912507004, 
1565) 913404929, 
1566) 914269697, 
1567) 914476789, 
1568) 915357421, 
1569) 915464198, 
1570) 916947159, 
1571) 917172748, 
1572) 917364477, 
1573) 918071201, 
1574) 918522138, 
1575) 918587169, 
1576) 919696313, 
1577) 920181585, 
1578) 921097268, 
1579) 921326165, 
1580) 921561544, 
1581) 921798005, 
1582) 921955716, 
1583) 922249123, 
1584) 923059506, 
1585) 923226910, 
1586) 923993212, 
1587) 924059821, 
1588) 924181484, 
1589) 926438808, 
1590) 927007731, 
1591) 927099004, 
1592) 927207755, 
1593) 927530568, 
1594) 929315567, 
1595) 929317005, 
1596) 930608355, 
1597) 930622079, 
1598) 931852713, 
1599) 932124888, 
1600) 932648849, 
1601) 934100064, 
1602) 934667793, 
1603) 934811977, 
1604) 935742040, 
1605) 936189956, 
1606) 936402350, 
1607) 936622576, 
1608) 936678850, 
1609) 937436849, 
1610) 938473415, 
1611) 940586548, 
1612) 940782884, 
1613) 941471065, 
1614) 942016484, 
1615) 942282444, 
1616) 943363681, 
1617) 943522277, 
1618) 944293552, 
1619) 944596280, 
1620) 944622423, 
1621) 945214322, 
1622) 945214735, 
1623) 945752009, 
1624) 945994374, 
1625) 946440439, 
1626) 946820967, 
1627) 947088803, 
1628) 947322420, 
1629) 947529111, 
1630) 947593373, 
1631) 948900752, 
1632) 949540504, 
1633) 949857874, 
1634) 950287299, 
1635) 950618592, 
1636) 951872197, 
1637) 952540602, 
1638) 952878370, 
1639) 952924126, 
1640) 953785937, 
1641) 953799874, 
1642) 954792305, 
1643) 956490491, 
1644) 957937524, 
1645) 957991004, 
1646) 958519617, 
1647) 959506603, 
1648) 959907099, 
1649) 961347293, 
1650) 962563470, 
1651) 962826809, 
1652) 963292925, 
1653) 964857937, 
1654) 965391218, 
1655) 965957640, 
1656) 966036376, 
1657) 966245538, 
1658) 966441155, 
1659) 966472104, 
1660) 966520649, 
1661) 967854210, 
1662) 968031433, 
1663) 969227408, 
1664) 969664266, 
1665) 969861892, 
1666) 971693997, 
1667) 972131503, 
1668) 974268069, 
1669) 974397334, 
1670) 975980932, 
1671) 976654739, 
1672) 978111497, 
1673) 980261344, 
1674) 980333333, 
1675) 980659088, 
1676) 980910203, 
1677) 982376182, 
1678) 982392211, 
1679) 984014592, 
1680) 985132366, 
1681) 986817546, 
1682) 987010771, 
1683) 987630040, 
1684) 989473194, 
1685) 989992023, 
1686) 990899711, 
1687) 991736005, 
1688) 993518466, 
1689) 994760326, 
1690) 994774017, 
1691) 994948350, 
1692) 996077745, 
1693) 996418114, 
1694) 996646938, 
1695) 996720538, 
1696) 997238129, 
1697) 997265438, 
1698) 997373738, 
1699) 997844441, 
1700) 998842686, 
1701) 999275692, 
1702) 999554358, 
1703) 999787619, 
1704) 1000443990, 
1705) 1001152233, 
1706) 1002637075, 
1707) 1003337536, 
1708) 1003723943, 
1709) 1005147450, 
1710) 1005255188, 
1711) 1005933960, 
1712) 1006736462, 
1713) 1007331122, 
1714) 1008217608, 
1715) 1008681565, 
1716) 1009273732, 
1717) 1009439524, 
1718) 1011007590, 
1719) 1011738629, 
1720) 1013177864, 
1721) 1013225315, 
1722) 1013359442, 
1723) 1014045532, 
1724) 1014589264, 
1725) 1014880468, 
1726) 1015296157, 
1727) 1016070722, 
1728) 1016258394, 
1729) 1016570680, 
1730) 1016759181, 
1731) 1017082832, 
1732) 1017183425, 
1733) 1017225433, 
1734) 1018900747, 
1735) 1019459930, 
1736) 1020081047, 
1737) 1020331681, 
1738) 1020619909, 
1739) 1021602526, 
1740) 1022195608, 
1741) 1022464283, 
1742) 1022817851, 
1743) 1023254608, 
1744) 1024268706, 
1745) 1024529051, 
1746) 1025628574, 
1747) 1026006915, 
1748) 1026089024, 
1749) 1027227007, 
1750) 1029701193, 
1751) 1030841665, 
1752) 1031240553, 
1753) 1031454408, 
1754) 1031789636, 
1755) 1031936817, 
1756) 1032280656, 
1757) 1032399177, 
1758) 1032464555, 
1759) 1033261917, 
1760) 1033689802, 
1761) 1034079764, 
1762) 1034111330, 
1763) 1035146134, 
1764) 1036060646, 
1765) 1036641020, 
1766) 1036816779, 
1767) 1036885306, 
1768) 1036993621, 
1769) 1037465631, 
1770) 1038325061, 
1771) 1038925877, 
1772) 1040331011, 
1773) 1040515848, 
1774) 1041162134, 
1775) 1041437691, 
1776) 1042146966, 
1777) 1042460301, 
1778) 1043338798, 
1779) 1043392845, 
1780) 1043439751, 
1781) 1043876148, 
1782) 1044103715, 
1783) 1045375289, 
1784) 1046081711, 
1785) 1046126013, 
1786) 1047239610, 
1787) 1047505523, 
1788) 1047846350, 
1789) 1048023998, 
1790) 1048202267, 
1791) 1048699839, 
1792) 1049362394, 
1793) 1049964389, 
1794) 1050005536, 
1795) 1050393267, 
1796) 1050919429, 
1797) 1051069713, 
1798) 1052012778, 
1799) 1052040296, 
1800) 1052042689, 
1801) 1052192348, 
1802) 1052432881, 
1803) 1052748351, 
1804) 1052828988, 
1805) 1053042248, 
1806) 1053116961, 
1807) 1054113025, 
1808) 1054387737, 
1809) 1054572817, 
1810) 1055441326, 
1811) 1055713980, 
1812) 1056396318, 
1813) 1056502904, 
1814) 1057553319, 
1815) 1057843077, 
1816) 1058292323, 
1817) 1059026801, 
1818) 1059529109, 
1819) 1060171327, 
1820) 1061829717, 
1821) 1062032332, 
1822) 1062488170, 
1823) 1063717883, 
1824) 1063821664, 
1825) 1064143507, 
1826) 1065427440, 
1827) 1066020922, 
1828) 1066416914, 
1829) 1068387523, 
1830) 1068468349, 
1831) 1068809112, 
1832) 1070069301, 
1833) 1070929009, 
1834) 1070954667, 
1835) 1071103366, 
1836) 1071470453, 
1837) 1072182315, 
1838) 1072694457, 
1839) 1074147700, 
1840) 1074244331, 
1841) 1074367758, 
1842) 1075066326, 
1843) 1076137701, 
1844) 1076800286, 
1845) 1077698060, 
1846) 1077833745, 
1847) 1078414586, 
1848) 1078917300, 
1849) 1079658684, 
1850) 1080377976, 
1851) 1081591639, 
1852) 1082351504, 
1853) 1082468785, 
1854) 1082966367, 
1855) 1084233659, 
1856) 1084872121, 
1857) 1085864745, 
1858) 1087166125, 
1859) 1087204971, 
1860) 1087375977, 
1861) 1088004077, 
1862) 1088322110, 
1863) 1088834137, 
1864) 1089275192, 
1865) 1089398158, 
1866) 1089438051, 
1867) 1089493616, 
1868) 1089624652, 
1869) 1089824527, 
1870) 1089934717, 
1871) 1091024227, 
1872) 1091497499, 
1873) 1091534385, 
1874) 1092483682, 
1875) 1092564736, 
1876) 1093264020, 
1877) 1098338930, 
1878) 1098985310, 
1879) 1100105818, 
1880) 1100311399, 
1881) 1100656920, 
1882) 1103198317, 
1883) 1103481839, 
1884) 1103754564, 
1885) 1104206390, 
1886) 1104566063, 
1887) 1105212066, 
1888) 1106050508, 
1889) 1106660952, 
1890) 1106713677, 
1891) 1106855267, 
1892) 1107508718, 
1893) 1108476102, 
1894) 1110332335, 
1895) 1110379267, 
1896) 1110662615, 
1897) 1112024721, 
1898) 1112365450, 
1899) 1113128168, 
1900) 1113163127, 
1901) 1113882624, 
1902) 1114264730, 
1903) 1115124685, 
1904) 1115830512, 
1905) 1117132741, 
1906) 1117656829, 
1907) 1118084904, 
1908) 1118579625, 
1909) 1118904685, 
1910) 1119561284, 
1911) 1119958843, 
1912) 1123438730, 
1913) 1123836691, 
1914) 1123962476, 
1915) 1124360211, 
1916) 1124758403, 
1917) 1124870398, 
1918) 1125088380, 
1919) 1126130851, 
1920) 1127503873, 
1921) 1127619616, 
1922) 1127800182, 
1923) 1128417182, 
1924) 1128881350, 
1925) 1129286254, 
1926) 1129567565, 
1927) 1130186347, 
1928) 1130527625, 
1929) 1131978012, 
1930) 1132965039, 
1931) 1133419050, 
1932) 1133705705, 
1933) 1133964120, 
1934) 1133970820, 
1935) 1134235336, 
1936) 1134695444, 
1937) 1134994565, 
1938) 1136216088, 
1939) 1136666994, 
1940) 1138110389, 
1941) 1138350076, 
1942) 1138729815, 
1943) 1138731027, 
1944) 1140020879, 
1945) 1140734430, 
1946) 1141223919, 
1947) 1141757433, 
1948) 1142567736, 
1949) 1142697491, 
1950) 1143546457, 
1951) 1143982057, 
1952) 1144107170, 
1953) 1144706032, 
1954) 1146027792, 
1955) 1147861416, 
1956) 1148217152, 
1957) 1148669773, 
1958) 1150418000, 
1959) 1150539416, 
1960) 1153001501, 
1961) 1154027274, 
1962) 1154793969, 
1963) 1154839465, 
1964) 1155552983, 
1965) 1156961528, 
1966) 1158144162, 
1967) 1158959960, 
1968) 1159197716, 
1969) 1159846852, 
1970) 1160433404, 
1971) 1160646945, 
1972) 1160991585, 
1973) 1161053640, 
1974) 1161163812, 
1975) 1162189250, 
1976) 1162213928, 
1977) 1163773637, 
1978) 1163879498, 
1979) 1164646839, 
1980) 1164702375, 
1981) 1164830498, 
1982) 1165935214, 
1983) 1167091460, 
1984) 1168595596, 
1985) 1169300015, 
1986) 1169380852, 
1987) 1170716716, 
1988) 1171817782, 
1989) 1172094101, 
1990) 1173638874, 
1991) 1174216204, 
1992) 1174357954, 
1993) 1174708780, 
1994) 1174980322, 
1995) 1176822053, 
1996) 1177057457, 
1997) 1177647334, 
1998) 1177770131, 
1999) 1178377534, 
2000) 1178384411, 
2001) 1178399406, 
2002) 1178401644, 
2003) 1178423672, 
2004) 1179590601, 
2005) 1182076484, 
2006) 1184424949, 
2007) 1184782579, 
2008) 1186570330, 
2009) 1187124249, 
2010) 1187349258, 
2011) 1187495185, 
2012) 1189043793, 
2013) 1189957223, 
2014) 1190070981, 
2015) 1190757843, 
2016) 1191282648, 
2017) 1192569369, 
2018) 1192959484, 
2019) 1193042806, 
2020) 1193063569, 
2021) 1193567556, 
2022) 1194445313, 
2023) 1194507166, 
2024) 1194554667, 
2025) 1194671344, 
2026) 1194938477, 
2027) 1195019130, 
2028) 1197123335, 
2029) 1197915294, 
2030) 1198948847, 
2031) 1199030428, 
2032) 1199644723, 
2033) 1200513533, 
2034) 1201744612, 
2035) 1203079970, 
2036) 1203376450, 
2037) 1203403401, 
2038) 1203953883, 
2039) 1204124311, 
2040) 1204354271, 
2041) 1204635448, 
2042) 1204643995, 
2043) 1204676879, 
2044) 1205927255, 
2045) 1207458975, 
2046) 1208169939, 
2047) 1209063419, 
2048) 1210592870, 
2049) 1212752649, 
2050) 1213208625, 
2051) 1213729106, 
2052) 1214572050, 
2053) 1214922090, 
2054) 1218582245, 
2055) 1219752426, 
2056) 1219789660, 
2057) 1219976429, 
2058) 1220337088, 
2059) 1220392659, 
2060) 1221598980, 
2061) 1222659089, 
2062) 1222728923, 
2063) 1225334738, 
2064) 1225879524, 
2065) 1226804777, 
2066) 1228257468, 
2067) 1228561380, 
2068) 1228696290, 
2069) 1229148512, 
2070) 1230143320, 
2071) 1230952803, 
2072) 1231018188, 
2073) 1232385442, 
2074) 1232593467, 
2075) 1232791247, 
2076) 1232954569, 
2077) 1233799128, 
2078) 1234053342, 
2079) 1234164896, 
2080) 1234167118, 
2081) 1234705437, 
2082) 1234886282, 
2083) 1235005972, 
2084) 1235240063, 
2085) 1235388425, 
2086) 1236115738, 
2087) 1236116418, 
2088) 1236807827, 
2089) 1236869263, 
2090) 1236873089, 
2091) 1237303314, 
2092) 1237456166, 
2093) 1239375115, 
2094) 1239443471, 
2095) 1239588976, 
2096) 1240033753, 
2097) 1240625179, 
2098) 1241193840, 
2099) 1241809163, 
2100) 1241841178, 
2101) 1241992116, 
2102) 1242964693, 
2103) 1243631013, 
2104) 1244099979, 
2105) 1244299561, 
2106) 1244692802, 
2107) 1244737647, 
2108) 1244815312, 
2109) 1245258573, 
2110) 1245891592, 
2111) 1246172032, 
2112) 1246411488, 
2113) 1247102793, 
2114) 1247237147, 
2115) 1247822489, 
2116) 1247937865, 
2117) 1248001556, 
2118) 1248492675, 
2119) 1248668638, 
2120) 1249205624, 
2121) 1249348233, 
2122) 1249632778, 
2123) 1250095681, 
2124) 1250999358, 
2125) 1251367385, 
2126) 1252403917, 
2127) 1253714147, 
2128) 1253996016, 
2129) 1254215617, 
2130) 1254253631, 
2131) 1255951061, 
2132) 1256041636, 
2133) 1256375803, 
2134) 1256697763, 
2135) 1257162134, 
2136) 1257374103, 
2137) 1257546824, 
2138) 1258629708, 
2139) 1258657739, 
2140) 1260930572, 
2141) 1261903549, 
2142) 1262040358, 
2143) 1262105201, 
2144) 1263408505, 
2145) 1264666523, 
2146) 1264900120, 
2147) 1265692180, 
2148) 1265859004, 
2149) 1266389299, 
2150) 1267126429, 
2151) 1267182274, 
2152) 1267207116, 
2153) 1268165558, 
2154) 1268499927, 
2155) 1269101344, 
2156) 1269312545, 
2157) 1269616480, 
2158) 1269724907, 
2159) 1269947388, 
2160) 1269975728, 
2161) 1272097507, 
2162) 1272195718, 
2163) 1272336580, 
2164) 1272623583, 
2165) 1272884352, 
2166) 1273276689, 
2167) 1273277051, 
2168) 1273779769, 
2169) 1274327823, 
2170) 1274485331, 
2171) 1274773478, 
2172) 1274925494, 
2173) 1276266869, 
2174) 1276408431, 
2175) 1276755733, 
2176) 1276993503, 
2177) 1278080770, 
2178) 1278082162, 
2179) 1281431038, 
2180) 1282088637, 
2181) 1282163465, 
2182) 1282693801, 
2183) 1282992246, 
2184) 1283771122, 
2185) 1284931433, 
2186) 1285714674, 
2187) 1285957889, 
2188) 1286324435, 
2189) 1286722551, 
2190) 1288003604, 
2191) 1288122500, 
2192) 1288168037, 
2193) 1288321735, 
2194) 1288953499, 
2195) 1290243159, 
2196) 1291072850, 
2197) 1291214563, 
2198) 1292561155, 
2199) 1292760666, 
2200) 1293071471, 
2201) 1293230657, 
2202) 1293516682, 
2203) 1294427811, 
2204) 1294808917, 
2205) 1294995185, 
2206) 1295324101, 
2207) 1295782367, 
2208) 1297339298, 
2209) 1297757582, 
2210) 1298198262, 
2211) 1299095524, 
2212) 1299620888, 
2213) 1299794997, 
2214) 1300254314, 
2215) 1301058130, 
2216) 1301160368, 
2217) 1301291602, 
2218) 1301439592, 
2219) 1302271687, 
2220) 1302541919, 
2221) 1302581461, 
2222) 1302802029, 
2223) 1303594647, 
2224) 1304162884, 
2225) 1304315867, 
2226) 1304748849, 
2227) 1305269210, 
2228) 1305457225, 
2229) 1306550295, 
2230) 1306722499, 
2231) 1307643700, 
2232) 1307823780, 
2233) 1308651973, 
2234) 1308717165, 
2235) 1309286663, 
2236) 1309910221, 
2237) 1309913923, 
2238) 1310862677, 
2239) 1310994974, 
2240) 1311176693, 
2241) 1311481451, 
2242) 1312347847, 
2243) 1313533474, 
2244) 1316165268, 
2245) 1316769944, 
2246) 1317101171, 
2247) 1317405842, 
2248) 1317634574, 
2249) 1317727154, 
2250) 1317753440, 
2251) 1318364070, 
2252) 1320476031, 
2253) 1322687628, 
2254) 1322964555, 
2255) 1323001463, 
2256) 1325829427, 
2257) 1327258279, 
2258) 1327537389, 
2259) 1327980576, 
2260) 1328420179, 
2261) 1328769089, 
2262) 1329080494, 
2263) 1329933989, 
2264) 1330036610, 
2265) 1330333312, 
2266) 1331147778, 
2267) 1331534268, 
2268) 1331855515, 
2269) 1333162258, 
2270) 1334371203, 
2271) 1334842391, 
2272) 1335423257, 
2273) 1335963486, 
2274) 1337316328, 
2275) 1338015537, 
2276) 1339470350, 
2277) 1339758605, 
2278) 1339989018, 
2279) 1340298809, 
2280) 1340572289, 
2281) 1340861221, 
2282) 1341018218, 
2283) 1341653443, 
2284) 1342436974, 
2285) 1342752843, 
2286) 1343173518, 
2287) 1343400479, 
2288) 1343881374, 
2289) 1344341051, 
2290) 1344506773, 
2291) 1344693124, 
2292) 1345356464, 
2293) 1346461064, 
2294) 1346713581, 
2295) 1347191582, 
2296) 1347537491, 
2297) 1348127183, 
2298) 1348207215, 
2299) 1348304841, 
2300) 1348598745, 
2301) 1349131166, 
2302) 1350204902, 
2303) 1350915445, 
2304) 1351196712, 
2305) 1352079851, 
2306) 1352709911, 
2307) 1352839309, 
2308) 1353961386, 
2309) 1354489830, 
2310) 1354527344, 
2311) 1354878405, 
2312) 1355795522, 
2313) 1356025801, 
2314) 1356358082, 
2315) 1356993294, 
2316) 1357432274, 
2317) 1358493217, 
2318) 1358507900, 
2319) 1358509801, 
2320) 1358805312, 
2321) 1359339336, 
2322) 1359561462, 
2323) 1359597211, 
2324) 1360009348, 
2325) 1360377157, 
2326) 1361302179, 
2327) 1361655226, 
2328) 1361949753, 
2329) 1363518062, 
2330) 1365259876, 
2331) 1365432840, 
2332) 1366934734, 
2333) 1367097538, 
2334) 1368059671, 
2335) 1368271121, 
2336) 1370227955, 
2337) 1370333580, 
2338) 1370417085, 
2339) 1370969526, 
2340) 1371428262, 
2341) 1372100204, 
2342) 1373076460, 
2343) 1373220330, 
2344) 1373270882, 
2345) 1373294334, 
2346) 1374556591, 
2347) 1374605410, 
2348) 1375418724, 
2349) 1375616805, 
2350) 1375636719, 
2351) 1376653034, 
2352) 1377112560, 
2353) 1377352012, 
2354) 1377380853, 
2355) 1378653059, 
2356) 1378674689, 
2357) 1378864662, 
2358) 1379435923, 
2359) 1379830696, 
2360) 1380024927, 
2361) 1381865192, 
2362) 1382056112, 
2363) 1382278144, 
2364) 1386360653, 
2365) 1386837303, 
2366) 1387417069, 
2367) 1388267845, 
2368) 1388739334, 
2369) 1390262080, 
2370) 1390817965, 
2371) 1392658611, 
2372) 1393343194, 
2373) 1393355133, 
2374) 1394130721, 
2375) 1394299456, 
2376) 1394897691, 
2377) 1395228645, 
2378) 1395258832, 
2379) 1397096299, 
2380) 1397295317, 
2381) 1397574588, 
2382) 1398760502, 
2383) 1399017099, 
2384) 1399289922, 
2385) 1399487033, 
2386) 1400198021, 
2387) 1400237440, 
2388) 1400333282, 
2389) 1401673117, 
2390) 1401770188, 
2391) 1401907543, 
2392) 1402546009, 
2393) 1403480867, 
2394) 1403966091, 
2395) 1404250013, 
2396) 1404974267, 
2397) 1405331206, 
2398) 1405592355, 
2399) 1405960711, 
2400) 1406451575, 
2401) 1406571713, 
2402) 1406885799, 
2403) 1407360137, 
2404) 1408239399, 
2405) 1408315116, 
2406) 1408372582, 
2407) 1409459291, 
2408) 1409996794, 
2409) 1411708411, 
2410) 1413306687, 
2411) 1413375360, 
2412) 1413582932, 
2413) 1413616212, 
2414) 1414303809, 
2415) 1414352065, 
2416) 1414743675, 
2417) 1414929187, 
2418) 1414937553, 
2419) 1415380758, 
2420) 1415452983, 
2421) 1415549266, 
2422) 1416321812, 
2423) 1417755146, 
2424) 1418276031, 
2425) 1418964475, 
2426) 1419070182, 
2427) 1419434804, 
2428) 1421396015, 
2429) 1421653050, 
2430) 1422673160, 
2431) 1426151080, 
2432) 1427073215, 
2433) 1427532048, 
2434) 1429558606, 
2435) 1430923383, 
2436) 1431146138, 
2437) 1432199614, 
2438) 1432277647, 
2439) 1432435938, 
2440) 1432921974, 
2441) 1433037523, 
2442) 1433790035, 
2443) 1434025823, 
2444) 1434769118, 
2445) 1436073261, 
2446) 1437543553, 
2447) 1437597127, 
2448) 1437621973, 
2449) 1438331599, 
2450) 1439716972, 
2451) 1441999038, 
2452) 1442512609, 
2453) 1442762468, 
2454) 1443400284, 
2455) 1443473155, 
2456) 1443710939, 
2457) 1443880460, 
2458) 1443910112, 
2459) 1444468278, 
2460) 1445958363, 
2461) 1446521120, 
2462) 1447552297, 
2463) 1447790533, 
2464) 1448135490, 
2465) 1450390304, 
2466) 1450565561, 
2467) 1451427460, 
2468) 1451883395, 
2469) 1452998779, 
2470) 1453003271, 
2471) 1453288901, 
2472) 1453744241, 
2473) 1454186425, 
2474) 1454832166, 
2475) 1454938064, 
2476) 1455468131, 
2477) 1456410032, 
2478) 1458137480, 
2479) 1458492522, 
2480) 1458871761, 
2481) 1459421724, 
2482) 1459445517, 
2483) 1461995390, 
2484) 1462013128, 
2485) 1462632577, 
2486) 1462797618, 
2487) 1463318922, 
2488) 1463565010, 
2489) 1463796574, 
2490) 1464031692, 
2491) 1464229946, 
2492) 1466991946, 
2493) 1468484113, 
2494) 1469129878, 
2495) 1469880453, 
2496) 1470958296, 
2497) 1471876197, 
2498) 1472183312, 
2499) 1473331751, 
2500) 1474903837, 
2501) 1475434705, 
2502) 1475673829, 
2503) 1476406080, 
2504) 1476768752, 
2505) 1476817922, 
2506) 1476890845, 
2507) 1477623456, 
2508) 1478266243, 
2509) 1478505214, 
2510) 1478527379, 
2511) 1479712370, 
2512) 1480176840, 
2513) 1480181494, 
2514) 1480219347, 
2515) 1481636953, 
2516) 1481656539, 
2517) 1482168771, 
2518) 1482908807, 
2519) 1482923490, 
2520) 1484227082, 
2521) 1485064163, 
2522) 1485489507, 
2523) 1485619253, 
2524) 1487169943, 
2525) 1488161773, 
2526) 1488981351, 
2527) 1489760932, 
2528) 1489940118, 
2529) 1489980683, 
2530) 1490301457, 
2531) 1490583787, 
2532) 1492107153, 
2533) 1492915568, 
2534) 1492956276, 
2535) 1493415450, 
2536) 1493972805, 
2537) 1494447279, 
2538) 1494469300, 
2539) 1495181946, 
2540) 1495676189, 
2541) 1496905765, 
2542) 1497034243, 
2543) 1497615978, 
2544) 1498137072, 
2545) 1498234296, 
2546) 1498307032, 
2547) 1499282973, 
2548) 1499433882, 
2549) 1499857390, 
2550) 1501343719, 
2551) 1503131944, 
2552) 1503239067, 
2553) 1504298048, 
2554) 1505466160, 
2555) 1505750590, 
2556) 1505883338, 
2557) 1506193829, 
2558) 1506508426, 
2559) 1507109668, 
2560) 1507259819, 
2561) 1507406200, 
2562) 1507428231, 
2563) 1508681153, 
2564) 1509829359, 
2565) 1511002844, 
2566) 1511068741, 
2567) 1511470599, 
2568) 1511636558, 
2569) 1512908347, 
2570) 1513322754, 
2571) 1513670289, 
2572) 1514121799, 
2573) 1515635326, 
2574) 1515852323, 
2575) 1517531632, 
2576) 1517647345, 
2577) 1518664819, 
2578) 1519329492, 
2579) 1519423898, 
2580) 1519888942, 
2581) 1520248547, 
2582) 1521780550, 
2583) 1521780683, 
2584) 1521991643, 
2585) 1523521373, 
2586) 1524821066, 
2587) 1525410989, 
2588) 1526577514, 
2589) 1526887278, 
2590) 1527811270, 
2591) 1527824157, 
2592) 1528041664, 
2593) 1531122025, 
2594) 1532124102, 
2595) 1533168582, 
2596) 1533272929, 
2597) 1533462962, 
2598) 1534638780, 
2599) 1535649889, 
2600) 1536095065, 
2601) 1537132859, 
2602) 1537201061, 
2603) 1537383644, 
2604) 1538235377, 
2605) 1538873014, 
2606) 1538889152, 
2607) 1539571798, 
2608) 1540096265, 
2609) 1540801358, 
2610) 1541040109, 
2611) 1541101030, 
2612) 1541352943, 
2613) 1541541476, 
2614) 1542161235, 
2615) 1542593447, 
2616) 1542981153, 
2617) 1543743775, 
2618) 1543783059, 
2619) 1543906351, 
2620) 1544024423, 
2621) 1545838111, 
2622) 1546040028, 
2623) 1546745920, 
2624) 1547908541, 
2625) 1548455350, 
2626) 1548737463, 
2627) 1549044204, 
2628) 1549561499, 
2629) 1551450125, 
2630) 1552343089, 
2631) 1552833983, 
2632) 1552849544, 
2633) 1553175335, 
2634) 1554254910, 
2635) 1554509550, 
2636) 1554706211, 
2637) 1555334975, 
2638) 1555801563, 
2639) 1555855060, 
2640) 1556412752, 
2641) 1556770415, 
2642) 1556784927, 
2643) 1556840970, 
2644) 1557079630, 
2645) 1557088232, 
2646) 1557403485, 
2647) 1557570570, 
2648) 1557747790, 
2649) 1558732969, 
2650) 1559515916, 
2651) 1559695698, 
2652) 1560139808, 
2653) 1560480509, 
2654) 1561690008, 
2655) 1562173829, 
2656) 1562417044, 
2657) 1562670453, 
2658) 1563335914, 
2659) 1563929598, 
2660) 1564831658, 
2661) 1565253135, 
2662) 1565449388, 
2663) 1566352240, 
2664) 1567237442, 
2665) 1568201695, 
2666) 1568624628, 
2667) 1568830549, 
2668) 1569329573, 
2669) 1569936207, 
2670) 1569946547, 
2671) 1571076703, 
2672) 1573464024, 
2673) 1574739025, 
2674) 1574935983, 
2675) 1575186757, 
2676) 1575368651, 
2677) 1576682467, 
2678) 1576768797, 
2679) 1577526483, 
2680) 1577978219, 
2681) 1578262140, 
2682) 1578313971, 
2683) 1579449620, 
2684) 1579522377, 
2685) 1580221033, 
2686) 1581527603, 
2687) 1581957931, 
2688) 1582879290, 
2689) 1584341379, 
2690) 1584561413, 
2691) 1586255832, 
2692) 1586725479, 
2693) 1587336347, 
2694) 1587647261, 
2695) 1588032531, 
2696) 1590758842, 
2697) 1592411307, 
2698) 1593147946, 
2699) 1593642354, 
2700) 1593882748, 
2701) 1593936603, 
2702) 1594479405, 
2703) 1594875300, 
2704) 1595726668, 
2705) 1595764815, 
2706) 1596768002, 
2707) 1596838701, 
2708) 1597339471, 
2709) 1597977193, 
2710) 1598433915, 
2711) 1600198223, 
2712) 1600213383, 
2713) 1601074882, 
2714) 1601331960, 
2715) 1601508929, 
2716) 1601595075, 
2717) 1602058491, 
2718) 1602191640, 
2719) 1602500894, 
2720) 1602971257, 
2721) 1602983776, 
2722) 1603056817, 
2723) 1603333968, 
2724) 1603394456, 
2725) 1604178304, 
2726) 1604250977, 
2727) 1604528166, 
2728) 1604594184, 
2729) 1604695800, 
2730) 1605016386, 
2731) 1605308479, 
2732) 1606471030, 
2733) 1606624351, 
2734) 1607211370, 
2735) 1608803048, 
2736) 1608864138, 
2737) 1609093342, 
2738) 1609386721, 
2739) 1609597484, 
2740) 1609673463, 
2741) 1610539718, 
2742) 1611144293, 
2743) 1612394296, 
2744) 1613449922, 
2745) 1615500681, 
2746) 1615845603, 
2747) 1616629208, 
2748) 1616996127, 
2749) 1617358989, 
2750) 1617657238, 
2751) 1617802755, 
2752) 1618244872, 
2753) 1619343407, 
2754) 1619422434, 
2755) 1619747188, 
2756) 1619863685, 
2757) 1619863832, 
2758) 1620433425, 
2759) 1621319628, 
2760) 1621763992, 
2761) 1623350570, 
2762) 1624120585, 
2763) 1625428860, 
2764) 1626356875, 
2765) 1627458879, 
2766) 1627600327, 
2767) 1627642507, 
2768) 1628408922, 
2769) 1629113698, 
2770) 1629272387, 
2771) 1629512611, 
2772) 1629962171, 
2773) 1630392406, 
2774) 1631039696, 
2775) 1631061208, 
2776) 1631259539, 
2777) 1632180370, 
2778) 1632801300, 
2779) 1634054635, 
2780) 1634071870, 
2781) 1634416962, 
2782) 1634636989, 
2783) 1634904231, 
2784) 1634932139, 
2785) 1635341964, 
2786) 1635544296, 
2787) 1636292436, 
2788) 1636414240, 
2789) 1637091559, 
2790) 1637919416, 
2791) 1638115407, 
2792) 1640456189, 
2793) 1640962291, 
2794) 1641241996, 
2795) 1641503296, 
2796) 1641961173, 
2797) 1642019949, 
2798) 1642458947, 
2799) 1644924854, 
2800) 1646840016, 
2801) 1648212895, 
2802) 1648317545, 
2803) 1649105002, 
2804) 1649962626, 
2805) 1650364429, 
2806) 1651105925, 
2807) 1651611605, 
2808) 1652727905, 
2809) 1653161958, 
2810) 1653771786, 
2811) 1653818698, 
2812) 1655291996, 
2813) 1655677818, 
2814) 1655882528, 
2815) 1657317729, 
2816) 1657760117, 
2817) 1658181900, 
2818) 1658686227, 
2819) 1658866150, 
2820) 1658906404, 
2821) 1659905006, 
2822) 1659925849, 
2823) 1660148664, 
2824) 1661022913, 
2825) 1661851871, 
2826) 1662289328, 
2827) 1662451769, 
2828) 1662473492, 
2829) 1662922071, 
2830) 1663746103, 
2831) 1663818249, 
2832) 1665446132, 
2833) 1665656857, 
2834) 1665727769, 
2835) 1665784903, 
2836) 1665997695, 
2837) 1666582568, 
2838) 1666713949, 
2839) 1667028542, 
2840) 1667883742, 
2841) 1668254136, 
2842) 1668363615, 
2843) 1668735703, 
2844) 1669380085, 
2845) 1670698667, 
2846) 1670790678, 
2847) 1671420857, 
2848) 1671423156, 
2849) 1672925042, 
2850) 1672994977, 
2851) 1673088365, 
2852) 1673241831, 
2853) 1673559356, 
2854) 1673932453, 
2855) 1675162006, 
2856) 1675208511, 
2857) 1675314973, 
2858) 1675453911, 
2859) 1675540712, 
2860) 1676363459, 
2861) 1676601940, 
2862) 1676899331, 
2863) 1677248493, 
2864) 1678293933, 
2865) 1678689697, 
2866) 1678749292, 
2867) 1679745569, 
2868) 1681077959, 
2869) 1681608572, 
2870) 1682461284, 
2871) 1683234817, 
2872) 1684642249, 
2873) 1685289683, 
2874) 1687044192, 
2875) 1688229703, 
2876) 1688864444, 
2877) 1689371943, 
2878) 1689536648, 
2879) 1689630062, 
2880) 1689820703, 
2881) 1689832701, 
2882) 1691193830, 
2883) 1691360424, 
2884) 1692410054, 
2885) 1693399949, 
2886) 1693592417, 
2887) 1693722811, 
2888) 1694482631, 
2889) 1695449108, 
2890) 1695508302, 
2891) 1696233465, 
2892) 1696465242, 
2893) 1696619295, 
2894) 1696880342, 
2895) 1697544874, 
2896) 1697748516, 
2897) 1697778800, 
2898) 1697973287, 
2899) 1698540732, 
2900) 1698594751, 
2901) 1699414168, 
2902) 1699479885, 
2903) 1700045624, 
2904) 1701214106, 
2905) 1701596242, 
2906) 1701620579, 
2907) 1702149765, 
2908) 1703168815, 
2909) 1704895546, 
2910) 1705500905, 
2911) 1705698570, 
2912) 1705730529, 
2913) 1705887963, 
2914) 1707045304, 
2915) 1708261607, 
2916) 1708420890, 
2917) 1708803552, 
2918) 1710495067, 
2919) 1712608448, 
2920) 1712760791, 
2921) 1713158070, 
2922) 1713576520, 
2923) 1714323580, 
2924) 1714435092, 
2925) 1716095745, 
2926) 1716121297, 
2927) 1716275456, 
2928) 1716335238, 
2929) 1718024284, 
2930) 1718137299, 
2931) 1719639444, 
2932) 1720446280, 
2933) 1720782236, 
2934) 1720935850, 
2935) 1721623402, 
2936) 1722393136, 
2937) 1722838578, 
2938) 1722885245, 
2939) 1722961801, 
2940) 1724370775, 
2941) 1724396724, 
2942) 1725116805, 
2943) 1725755296, 
2944) 1725825746, 
2945) 1726354754, 
2946) 1726880063, 
2947) 1727127200, 
2948) 1728210854, 
2949) 1729720459, 
2950) 1730594182, 
2951) 1731057953, 
2952) 1731230206, 
2953) 1731618671, 
2954) 1731845904, 
2955) 1732011013, 
2956) 1732312400, 
2957) 1732316799, 
2958) 1733056893, 
2959) 1734295668, 
2960) 1734591778, 
2961) 1735015959, 
2962) 1735582232, 
2963) 1736613595, 
2964) 1738447260, 
2965) 1739245685, 
2966) 1739928251, 
2967) 1740065815, 
2968) 1740408715, 
2969) 1741455027, 
2970) 1741781693, 
2971) 1742009795, 
2972) 1742276598, 
2973) 1742354037, 
2974) 1743119363, 
2975) 1743819424, 
2976) 1744900733, 
2977) 1745360759, 
2978) 1745441957, 
2979) 1747017244, 
2980) 1747046300, 
2981) 1748025566, 
2982) 1748183839, 
2983) 1748740844, 
2984) 1749262355, 
2985) 1751401937, 
2986) 1751482658, 
2987) 1752672827, 
2988) 1753722428, 
2989) 1753954602, 
2990) 1754084539, 
2991) 1755196036, 
2992) 1756420697, 
2993) 1756646674, 
2994) 1757106043, 
2995) 1757111947, 
2996) 1757720308, 
2997) 1757756271, 
2998) 1757843077, 
2999) 1758142341, 
3000) 1758206775, 
3001) 1758494972, 
3002) 1758682467, 
3003) 1762011093, 
3004) 1762096067, 
3005) 1762740741, 
3006) 1763967699, 
3007) 1763976891, 
3008) 1764451733, 
3009) 1764589666, 
3010) 1765469348, 
3011) 1765682998, 
3012) 1765859982, 
3013) 1766653975, 
3014) 1767604048, 
3015) 1768452563, 
3016) 1768728897, 
3017) 1768786693, 
3018) 1768930681, 
3019) 1769537521, 
3020) 1770178371, 
3021) 1770982131, 
3022) 1771757495, 
3023) 1772994513, 
3024) 1773140569, 
3025) 1776867149, 
3026) 1778287974, 
3027) 1778489093, 
3028) 1778577225, 
3029) 1778885013, 
3030) 1779026761, 
3031) 1779659100, 
3032) 1780426806, 
3033) 1780482852, 
3034) 1782946188, 
3035) 1783480853, 
3036) 1785100120, 
3037) 1785346961, 
3038) 1785372006, 
3039) 1785492724, 
3040) 1785645710, 
3041) 1786097068, 
3042) 1786348607, 
3043) 1787006484, 
3044) 1788152830, 
3045) 1789415484, 
3046) 1789831282, 
3047) 1790181183, 
3048) 1790650887, 
3049) 1791327148, 
3050) 1791821899, 
3051) 1792092294, 
3052) 1792464644, 
3053) 1794647940, 
3054) 1795842068, 
3055) 1796079471, 
3056) 1796333680, 
3057) 1796622167, 
3058) 1796782045, 
3059) 1797395753, 
3060) 1797461788, 
3061) 1797519234, 
3062) 1798629438, 
3063) 1798768081, 
3064) 1799443711, 
3065) 1799951780, 
3066) 1800286054, 
3067) 1800309038, 
3068) 1800323248, 
3069) 1800455917, 
3070) 1800724356, 
3071) 1801321215, 
3072) 1801435330, 
3073) 1801530497, 
3074) 1803223326, 
3075) 1804315689, 
3076) 1804415864, 
3077) 1804920374, 
3078) 1804930842, 
3079) 1805755998, 
3080) 1806025071, 
3081) 1806491681, 
3082) 1807530127, 
3083) 1809220843, 
3084) 1809669221, 
3085) 1809822778, 
3086) 1809875093, 
3087) 1811645216, 
3088) 1811830923, 
3089) 1811931232, 
3090) 1812430521, 
3091) 1812598558, 
3092) 1813460998, 
3093) 1813506318, 
3094) 1814021011, 
3095) 1815171936, 
3096) 1816919254, 
3097) 1817316559, 
3098) 1818531694, 
3099) 1819009303, 
3100) 1819284365, 
3101) 1820444369, 
3102) 1821014681, 
3103) 1821169522, 
3104) 1823664121, 
3105) 1825026633, 
3106) 1825663644, 
3107) 1825932915, 
3108) 1826338760, 
3109) 1826910028, 
3110) 1827713321, 
3111) 1829225594, 
3112) 1830517825, 
3113) 1830984342, 
3114) 1831561765, 
3115) 1832053475, 
3116) 1832106209, 
3117) 1832430498, 
3118) 1832681022, 
3119) 1832704062, 
3120) 1832984087, 
3121) 1834786928, 
3122) 1835076199, 
3123) 1835357854, 
3124) 1836163522, 
3125) 1836248816, 
3126) 1836363136, 
3127) 1836613708, 
3128) 1837500518, 
3129) 1838328809, 
3130) 1838429071, 
3131) 1838689961, 
3132) 1839252150, 
3133) 1839261079, 
3134) 1840892786, 
3135) 1841513206, 
3136) 1841613819, 
3137) 1842666753, 
3138) 1843080212, 
3139) 1846797555, 
3140) 1847068496, 
3141) 1847080990, 
3142) 1848117196, 
3143) 1848767441, 
3144) 1848860735, 
3145) 1849241329, 
3146) 1851326812, 
3147) 1852537123, 
3148) 1852803995, 
3149) 1853693581, 
3150) 1853976356, 
3151) 1854241722, 
3152) 1855684766, 
3153) 1857735963, 
3154) 1858172391, 
3155) 1858245230, 
3156) 1859488850, 
3157) 1861996293, 
3158) 1862118073, 
3159) 1865807925, 
3160) 1866545361, 
3161) 1866546589, 
3162) 1866652921, 
3163) 1866730023, 
3164) 1867801790, 
3165) 1868140755, 
3166) 1868538672, 
3167) 1869087446, 
3168) 1869091247, 
3169) 1869362136, 
3170) 1869477354, 
3171) 1870012225, 
3172) 1872158768, 
3173) 1873183914, 
3174) 1874946982, 
3175) 1875256371, 
3176) 1876269905, 
3177) 1878780696, 
3178) 1881438115, 
3179) 1881901991, 
3180) 1882539897, 
3181) 1883072348, 
3182) 1883520719, 
3183) 1884137560, 
3184) 1884449281, 
3185) 1884897286, 
3186) 1885619620, 
3187) 1886186218, 
3188) 1887183178, 
3189) 1887684322, 
3190) 1887732456, 
3191) 1888136211, 
3192) 1888450654, 
3193) 1889477436, 
3194) 1889603335, 
3195) 1889704309, 
3196) 1891891352, 
3197) 1892251807, 
3198) 1892255716, 
3199) 1892395826, 
3200) 1892526088, 
3201) 1892834508, 
3202) 1892917556, 
3203) 1893166327, 
3204) 1894827020, 
3205) 1895349943, 
3206) 1895733475, 
3207) 1895796875, 
3208) 1895935247, 
3209) 1896175531, 
3210) 1896771082, 
3211) 1897271191, 
3212) 1898608036, 
3213) 1898732227, 
3214) 1898995739, 
3215) 1899320221, 
3216) 1900627444, 
3217) 1901599746, 
3218) 1901659060, 
3219) 1902448818, 
3220) 1902763021, 
3221) 1903183995, 
3222) 1904779047, 
3223) 1905015082, 
3224) 1905632590, 
3225) 1905798468, 
3226) 1908465012, 
3227) 1908524353, 
3228) 1908941042, 
3229) 1909005648, 
3230) 1909041924, 
3231) 1910702707, 
3232) 1911007112, 
3233) 1911021088, 
3234) 1911691524, 
3235) 1912873970, 
3236) 1914336215, 
3237) 1914366416, 
3238) 1914738639, 
3239) 1915089327, 
3240) 1915166437, 
3241) 1916265296, 
3242) 1916716824, 
3243) 1917028072, 
3244) 1917534320, 
3245) 1917921419, 
3246) 1918001525, 
3247) 1918658085, 
3248) 1918746611, 
3249) 1918834977, 
3250) 1918906819, 
3251) 1919600657, 
3252) 1919728756, 
3253) 1920448947, 
3254) 1921421752, 
3255) 1923027427, 
3256) 1924135688, 
3257) 1925237601, 
3258) 1925398291, 
3259) 1925980795, 
3260) 1926201121, 
3261) 1926319053, 
3262) 1928999240, 
3263) 1929673039, 
3264) 1930465159, 
3265) 1930545184, 
3266) 1931557786, 
3267) 1932227828, 
3268) 1932819290, 
3269) 1933352530, 
3270) 1933514841, 
3271) 1934661294, 
3272) 1935464204, 
3273) 1935700284, 
3274) 1935946613, 
3275) 1936055579, 
3276) 1936149406, 
3277) 1936429012, 
3278) 1936637997, 
3279) 1937169441, 
3280) 1937302901, 
3281) 1938091744, 
3282) 1938742801, 
3283) 1939430872, 
3284) 1939451597, 
3285) 1940553663, 
3286) 1940564319, 
3287) 1941049907, 
3288) 1941584553, 
3289) 1941640475, 
3290) 1942452840, 
3291) 1943470695, 
3292) 1943833599, 
3293) 1943970842, 
3294) 1944013064, 
3295) 1944154260, 
3296) 1944180081, 
3297) 1945343510, 
3298) 1946451041, 
3299) 1946943877, 
3300) 1948027294, 
3301) 1948216708, 
3302) 1948435269, 
3303) 1949909669, 
3304) 1950193185, 
3305) 1950224563, 
3306) 1950383659, 
3307) 1952552346, 
3308) 1954280745, 
3309) 1958022501, 
3310) 1959085175, 
3311) 1959288769, 
3312) 1959295245, 
3313) 1959497560, 
3314) 1960879456, 
3315) 1962542575, 
3316) 1963306997, 
3317) 1964129443, 
3318) 1964160201, 
3319) 1964724436, 
3320) 1965747778, 
3321) 1965839321, 
3322) 1965845901, 
3323) 1966358828, 
3324) 1966610039, 
3325) 1967329165, 
3326) 1967357517, 
3327) 1967380622, 
3328) 1967665381, 
3329) 1967858747, 
3330) 1968033778, 
3331) 1968168104, 
3332) 1969116872, 
3333) 1969869815, 
3334) 1969921950, 
3335) 1970993261, 
3336) 1971691567, 
3337) 1972565418, 
3338) 1973392210, 
3339) 1974287369, 
3340) 1974831296, 
3341) 1974947301, 
3342) 1975116251, 
3343) 1975275803, 
3344) 1975390257, 
3345) 1975577219, 
3346) 1975920590, 
3347) 1976047390, 
3348) 1976547124, 
3349) 1977099543, 
3350) 1977160050, 
3351) 1977218177, 
3352) 1979104791, 
3353) 1979772903, 
3354) 1981001985, 
3355) 1982125923, 
3356) 1983311697, 
3357) 1984881795, 
3358) 1986194541, 
3359) 1986316984, 
3360) 1988506487, 
3361) 1989222040, 
3362) 1989577801, 
3363) 1990884902, 
3364) 1991473924, 
3365) 1991919170, 
3366) 1992005688, 
3367) 1992180707, 
3368) 1992736551, 
3369) 1993925227, 
3370) 1994633585, 
3371) 1994762362, 
3372) 1995365457, 
3373) 1995662366, 
3374) 1995854170, 
3375) 1995922665, 
3376) 1996146386, 
3377) 1996288290, 
3378) 1998106711, 
3379) 1998231856, 
3380) 1998479679, 
3381) 1999686154, 
3382) 2000936803, 
3383) 2001683026, 
3384) 2001763110, 
3385) 2001818026, 
3386) 2002368871, 
3387) 2002657318, 
3388) 2002743518, 
3389) 2005887835, 
3390) 2006127262, 
3391) 2006713616, 
3392) 2007954145, 
3393) 2008158376, 
3394) 2008241537, 
3395) 2009246625, 
3396) 2011927756, 
3397) 2012276942, 
3398) 2012427013, 
3399) 2013180081, 
3400) 2013714006, 
3401) 2013881187, 
3402) 2013981434, 
3403) 2015026961, 
3404) 2015259599, 
3405) 2016688326, 
3406) 2017933148, 
3407) 2018793827, 
3408) 2018878769, 
3409) 2020342479, 
3410) 2020630614, 
3411) 2021100118, 
3412) 2021133957, 
3413) 2021468526, 
3414) 2021588413, 
3415) 2021911187, 
3416) 2022704226, 
3417) 2023430123, 
3418) 2023745628, 
3419) 2024929651, 
3420) 2026088254, 
3421) 2026587118, 
3422) 2027163218, 
3423) 2028187162, 
3424) 2028385513, 
3425) 2031896737, 
3426) 2032015010, 
3427) 2032687445, 
3428) 2032864109, 
3429) 2033544090, 
3430) 2033800425, 
3431) 2034098309, 
3432) 2035042209, 
3433) 2035209461, 
3434) 2035603515, 
3435) 2036913962, 
3436) 2037523030, 
3437) 2038807962, 
3438) 2039582576, 
3439) 2039909015, 
3440) 2040805338, 
3441) 2041007521, 
3442) 2041885468, 
3443) 2043306023, 
3444) 2043465039, 
3445) 2043675474, 
3446) 2043742131, 
3447) 2045425062, 
3448) 2046229522, 
3449) 2047323519, 
3450) 2048025615, 
3451) 2048109063, 
3452) 2049171637, 
3453) 2051462027, 
3454) 2051529232, 
3455) 2052028686, 
3456) 2052765893, 
3457) 2053164368, 
3458) 2053496268, 
3459) 2053961500, 
3460) 2054077781, 
3461) 2054160704, 
3462) 2054253659, 
3463) 2054988321, 
3464) 2056502167, 
3465) 2056785323, 
3466) 2057029785, 
3467) 2057034318, 
3468) 2057474932, 
3469) 2057743745, 
3470) 2058521388, 
3471) 2059049594, 
3472) 2059293472, 
3473) 2059449078, 
3474) 2060676707, 
3475) 2061411032, 
3476) 2061841847, 
3477) 2062084234, 
3478) 2062236878, 
3479) 2062684413, 
3480) 2062875595, 
3481) 2064545462, 
3482) 2064931854, 
3483) 2065154032, 
3484) 2065340951, 
3485) 2069155153, 
3486) 2069666677, 
3487) 2070026358, 
3488) 2070277073, 
3489) 2071915621, 
3490) 2072076427, 
3491) 2072428140, 
3492) 2072793332, 
3493) 2073231659, 
3494) 2073602738, 
3495) 2076397973, 
3496) 2076477130, 
3497) 2076705568, 
3498) 2076877447, 
3499) 2076879990, 
3500) 2077314218, 
3501) 2078287237, 
3502) 2080433894, 
3503) 2080467057, 
3504) 2081349152, 
3505) 2082134709, 
3506) 2082321145, 
3507) 2082329244, 
3508) 2082614526, 
3509) 2083814298, 
3510) 2084129144, 
3511) 2084458534, 
3512) 2084908951, 
3513) 2085844827, 
3514) 2086690955, 
3515) 2087220336, 
3516) 2087244357, 
3517) 2089840518, 
3518) 2091147596, 
3519) 2091253710, 
3520) 2091303488, 
3521) 2092063444, 
3522) 2093631864, 
3523) 2094920292, 
3524) 2095549297, 
3525) 2095799584, 
3526) 2097089013, 
3527) 2097598986, 
3528) 2097671710, 
3529) 2098763039, 
3530) 2100771541, 
3531) 2101219101, 
3532) 2101853152, 
3533) 2102704008, 
3534) 2102874357, 
3535) 2103540374, 
3536) 2104173642, 
3537) 2104733116, 
3538) 2105005819, 
3539) 2105220426, 
3540) 2105294039, 
3541) 2105381972, 
3542) 2105382468, 
3543) 2106594375, 
3544) 2106744309, 
3545) 2107226372, 
3546) 2107539990, 
3547) 2108230130, 
3548) 2108476783, 
3549) 2108588799, 
3550) 2108671023, 
3551) 2108788055, 
3552) 2109001016, 
3553) 2109358235, 
3554) 2109516751, 
3555) 2109963027, 
3556) 2110065845, 
3557) 2110699087, 
3558) 2110792996, 
3559) 2110847764, 
3560) 2110891490, 
3561) 2111164684, 
3562) 2111177405, 
3563) 2111234761, 
3564) 2111801572, 
3565) 2111940691, 
3566) 2111955085, 
3567) 2112318289, 
3568) 2112343541, 
3569) 2112729696, 
3570) 2112790088, 
3571) 2113666847, 
3572) 2114280842, 
3573) 2114321312, 
3574) 2115292651, 
3575) 2115551024, 
3576) 2116069713, 
3577) 2116441966, 
3578) 2116574851, 
3579) 2117663633, 
3580) 2119601816, 
3581) 2119655646, 
3582) 2120312927, 
3583) 2120882148, 
3584) 2120924260, 
3585) 2121799923, 
3586) 2123065877, 
3587) 2123067369, 
3588) 2123334745, 
3589) 2123911368, 
3590) 2124875131, 
3591) 2126381128, 
3592) 2126578078, 
3593) 2126784265, 
3594) 2127053986, 
3595) 2127948466, 
3596) 2128027772, 
3597) 2128312521, 
3598) 2128637779, 
3599) 2133078301, 
3600) 2134477292, 
3601) 2134707843, 
3602) 2134802345, 
3603) 2135818847, 
3604) 2138622090, 
3605) 2141094176, 
3606) 2141676114, 
3607) 2141949673, 
3608) 2144691194, 
3609) 2145494077, 
3610) 2145956477, 
3611) 2145975694, 
3612) 2146894852, 
3613) 2147206956, 
3614) 2148577789, 
3615) 2148744039, 
3616) 2148873408, 
3617) 2151257813, 
3618) 2151467448, 
3619) 2151566639, 
3620) 2152604801, 
3621) 2153277650, 
3622) 2153300054, 
3623) 2153341930, 
3624) 2153345506, 
3625) 2154384414, 
3626) 2155385861, 
3627) 2155750145, 
3628) 2157110816, 
3629) 2157708468, 
3630) 2159345929, 
3631) 2159445746, 
3632) 2159720748, 
3633) 2160421695, 
3634) 2160475758, 
3635) 2160508240, 
3636) 2160592777, 
3637) 2160824150, 
3638) 2160917817, 
3639) 2161178979, 
3640) 2162978525, 
3641) 2163589840, 
3642) 2165747312, 
3643) 2165946657, 
3644) 2165987503, 
3645) 2166911541, 
3646) 2167426708, 
3647) 2167513913, 
3648) 2167868176, 
3649) 2168657400, 
3650) 2169413571, 
3651) 2169657212, 
3652) 2170298168, 
3653) 2170405543, 
3654) 2173622359, 
3655) 2174535363, 
3656) 2175918517, 
3657) 2176240350, 
3658) 2176331937, 
3659) 2178121322, 
3660) 2178182330, 
3661) 2178377450, 
3662) 2178661602, 
3663) 2179721172, 
3664) 2179949998, 
3665) 2180486268, 
3666) 2180608616, 
3667) 2183468824, 
3668) 2183737951, 
3669) 2184264425, 
3670) 2185211042, 
3671) 2188263708, 
3672) 2190248582, 
3673) 2191392484, 
3674) 2191435719, 
3675) 2191946525, 
3676) 2192300681, 
3677) 2192360249, 
3678) 2192509636, 
3679) 2192990667, 
3680) 2193468438, 
3681) 2193582428, 
3682) 2194132450, 
3683) 2194521832, 
3684) 2197104873, 
3685) 2197195793, 
3686) 2197205100, 
3687) 2197684203, 
3688) 2197873608, 
3689) 2197991499, 
3690) 2199382325, 
3691) 2199937779, 
3692) 2200496799, 
3693) 2200791089, 
3694) 2204435982, 
3695) 2205152179, 
3696) 2205917864, 
3697) 2206342049, 
3698) 2206672881, 
3699) 2207864596, 
3700) 2208016750, 
3701) 2209242150, 
3702) 2209552907, 
3703) 2210669552, 
3704) 2211033219, 
3705) 2211463591, 
3706) 2211596044, 
3707) 2211765356, 
3708) 2212968387, 
3709) 2213396940, 
3710) 2213660114, 
3711) 2213989723, 
3712) 2214409847, 
3713) 2215885854, 
3714) 2215993361, 
3715) 2217160689, 
3716) 2217291189, 
3717) 2217824661, 
3718) 2220321617, 
3719) 2220480529, 
3720) 2220972242, 
3721) 2221047206, 
3722) 2221304076, 
3723) 2221802171, 
3724) 2221987232, 
3725) 2222351436, 
3726) 2222738423, 
3727) 2222914948, 
3728) 2223027469, 
3729) 2223213761, 
3730) 2223383877, 
3731) 2224644164, 
3732) 2224966176, 
3733) 2225686905, 
3734) 2226574487, 
3735) 2227924870, 
3736) 2229355763, 
3737) 2231613988, 
3738) 2232779484, 
3739) 2233356410, 
3740) 2234688628, 
3741) 2236072701, 
3742) 2236152742, 
3743) 2237052587, 
3744) 2238200131, 
3745) 2238298850, 
3746) 2238637734, 
3747) 2238647514, 
3748) 2239024269, 
3749) 2239252464, 
3750) 2240688473, 
3751) 2240883477, 
3752) 2241017808, 
3753) 2241490297, 
3754) 2243584669, 
3755) 2243616513, 
3756) 2244767972, 
3757) 2245162026, 
3758) 2246124879, 
3759) 2246960682, 
3760) 2247907267, 
3761) 2248757139, 
3762) 2248879939, 
3763) 2249033690, 
3764) 2249667370, 
3765) 2250388406, 
3766) 2250518774, 
3767) 2250554687, 
3768) 2250758267, 
3769) 2251012729, 
3770) 2251282204, 
3771) 2251313481, 
3772) 2254578032, 
3773) 2254737550, 
3774) 2255280521, 
3775) 2255360369, 
3776) 2255364171, 
3777) 2256155912, 
3778) 2257737429, 
3779) 2258097964, 
3780) 2258190387, 
3781) 2258444730, 
3782) 2258585952, 
3783) 2259158606, 
3784) 2260059934, 
3785) 2260964988, 
3786) 2261618159, 
3787) 2262757191, 
3788) 2263074534, 
3789) 2263422315, 
3790) 2263423861, 
3791) 2263824953, 
3792) 2264177571, 
3793) 2264402707, 
3794) 2264586449, 
3795) 2264706453, 
3796) 2264767604, 
3797) 2264817963, 
3798) 2265062394, 
3799) 2265293433, 
3800) 2265724164, 
3801) 2267454694, 
3802) 2267536574, 
3803) 2267633991, 
3804) 2268987169, 
3805) 2269495853, 
3806) 2269838258, 
3807) 2270701074, 
3808) 2270974104, 
3809) 2271023991, 
3810) 2271693366, 
3811) 2271749454, 
3812) 2272150720, 
3813) 2273812894, 
3814) 2274311566, 
3815) 2274984327, 
3816) 2275071685, 
3817) 2276181209, 
3818) 2276366318, 
3819) 2276639103, 
3820) 2277060725, 
3821) 2277585171, 
3822) 2278596955, 
3823) 2278680975, 
3824) 2279013885, 
3825) 2279559062, 
3826) 2279814725, 
3827) 2281097395, 
3828) 2281296929, 
3829) 2281541100, 
3830) 2282663935, 
3831) 2283251361, 
3832) 2283274591, 
3833) 2283622200, 
3834) 2284736703, 
3835) 2284753634, 
3836) 2285832291, 
3837) 2286485269, 
3838) 2286580454, 
3839) 2286604961, 
3840) 2286808307, 
3841) 2288126333, 
3842) 2288301509, 
3843) 2288345105, 
3844) 2288373417, 
3845) 2288941308, 
3846) 2289293446, 
3847) 2289431738, 
3848) 2290930900, 
3849) 2291128608, 
3850) 2294558464, 
3851) 2296727909, 
3852) 2297203158, 
3853) 2297253045, 
3854) 2297403790, 
3855) 2297828609, 
3856) 2298046745, 
3857) 2299185314, 
3858) 2300143374, 
3859) 2300861509, 
3860) 2301162304, 
3861) 2301669073, 
3862) 2302102964, 
3863) 2303935875, 
3864) 2303995159, 
3865) 2304323832, 
3866) 2304349592, 
3867) 2304967040, 
3868) 2305185983, 
3869) 2306344686, 
3870) 2306780318, 
3871) 2306846296, 
3872) 2307303108, 
3873) 2307308742, 
3874) 2307392238, 
3875) 2307857642, 
3876) 2310218826, 
3877) 2310652688, 
3878) 2310715260, 
3879) 2310797168, 
3880) 2310995252, 
3881) 2311238529, 
3882) 2312097653, 
3883) 2313344500, 
3884) 2314081606, 
3885) 2314711883, 
3886) 2315108146, 
3887) 2315755583, 
3888) 2316303456, 
3889) 2319298946, 
3890) 2319405153, 
3891) 2319607818, 
3892) 2320399131, 
3893) 2320932921, 
3894) 2323139507, 
3895) 2323292405, 
3896) 2323341767, 
3897) 2323374766, 
3898) 2323920273, 
3899) 2325265003, 
3900) 2326076246, 
3901) 2326149845, 
3902) 2326418917, 
3903) 2326471077, 
3904) 2328154677, 
3905) 2328539322, 
3906) 2328594892, 
3907) 2329341030, 
3908) 2330003629, 
3909) 2330902036, 
3910) 2332628042, 
3911) 2332810371, 
3912) 2332909535, 
3913) 2333008660, 
3914) 2333515550, 
3915) 2334065905, 
3916) 2334407262, 
3917) 2334596912, 
3918) 2334667266, 
3919) 2335220977, 
3920) 2335886236, 
3921) 2335927841, 
3922) 2336529624, 
3923) 2336650677, 
3924) 2338091295, 
3925) 2338204351, 
3926) 2339084880, 
3927) 2339162602, 
3928) 2339595190, 
3929) 2340506461, 
3930) 2341337306, 
3931) 2342119145, 
3932) 2342695879, 
3933) 2345154614, 
3934) 2345162444, 
3935) 2345880267, 
3936) 2346513469, 
3937) 2346699581, 
3938) 2347419107, 
3939) 2347593742, 
3940) 2348656898, 
3941) 2350940065, 
3942) 2351283082, 
3943) 2351365440, 
3944) 2351420202, 
3945) 2351805519, 
3946) 2351863801, 
3947) 2352629383, 
3948) 2354365651, 
3949) 2354445218, 
3950) 2354585682, 
3951) 2356398520, 
3952) 2356912597, 
3953) 2357768708, 
3954) 2358423106, 
3955) 2359741680, 
3956) 2360331196, 
3957) 2360639881, 
3958) 2360686103, 
3959) 2360824689, 
3960) 2360842130, 
3961) 2361125443, 
3962) 2362139132, 
3963) 2362173032, 
3964) 2363723417, 
3965) 2364446215, 
3966) 2365193028, 
3967) 2365322503, 
3968) 2366775515, 
3969) 2367001625, 
3970) 2367886712, 
3971) 2367948908, 
3972) 2368499612, 
3973) 2368936460, 
3974) 2368946947, 
3975) 2370416169, 
3976) 2371305071, 
3977) 2371961758, 
3978) 2372565922, 
3979) 2374080149, 
3980) 2374217784, 
3981) 2374663624, 
3982) 2374911484, 
3983) 2375136296, 
3984) 2375477213, 
3985) 2375669398, 
3986) 2375693466, 
3987) 2375997141, 
3988) 2376401944, 
3989) 2377637695, 
3990) 2377673142, 
3991) 2382642538, 
3992) 2383539909, 
3993) 2383772748, 
3994) 2384071418, 
3995) 2385327167, 
3996) 2385680041, 
3997) 2387611186, 
3998) 2388755591, 
3999) 2389159719, 
4000) 2389241458, 
4001) 2390755957, 
4002) 2390799186, 
4003) 2391430811, 
4004) 2391468907, 
4005) 2391554525, 
4006) 2393272341, 
4007) 2394574926, 
4008) 2395339755, 
4009) 2395365358, 
4010) 2397912761, 
4011) 2398749846, 
4012) 2399329230, 
4013) 2399487976, 
4014) 2400368863, 
4015) 2400591409, 
4016) 2400635986, 
4017) 2401817873, 
4018) 2402493775, 
4019) 2402619723, 
4020) 2402714617, 
4021) 2403614855, 
4022) 2404145943, 
4023) 2404622396, 
4024) 2406629128, 
4025) 2407502376, 
4026) 2407609210, 
4027) 2407625395, 
4028) 2407961809, 
4029) 2407986721, 
4030) 2408370659, 
4031) 2408396461, 
4032) 2408754840, 
4033) 2410785225, 
4034) 2412755655, 
4035) 2412979761, 
4036) 2413742841, 
4037) 2414122863, 
4038) 2414781176, 
4039) 2414930909, 
4040) 2415433131, 
4041) 2415598330, 
4042) 2416891005, 
4043) 2417292886, 
4044) 2419185208, 
4045) 2419224519, 
4046) 2419668357, 
4047) 2420715957, 
4048) 2420989150, 
4049) 2421960314, 
4050) 2422264679, 
4051) 2422396212, 
4052) 2423298203, 
4053) 2425126540, 
4054) 2425414270, 
4055) 2425483747, 
4056) 2427479398, 
4057) 2428137662, 
4058) 2428296477, 
4059) 2429169264, 
4060) 2430129292, 
4061) 2430245912, 
4062) 2430470212, 
4063) 2431043037, 
4064) 2431773862, 
4065) 2432122091, 
4066) 2433057862, 
4067) 2433273003, 
4068) 2433439519, 
4069) 2434292678, 
4070) 2434858226, 
4071) 2434870668, 
4072) 2435527227, 
4073) 2436308540, 
4074) 2436771995, 
4075) 2436824956, 
4076) 2437190672, 
4077) 2438201977, 
4078) 2439042590, 
4079) 2439261419, 
4080) 2439599477, 
4081) 2441477879, 
4082) 2442306615, 
4083) 2442584642, 
4084) 2443500932, 
4085) 2444024011, 
4086) 2445950780, 
4087) 2446476150, 
4088) 2446567724, 
4089) 2447889818, 
4090) 2447997372, 
4091) 2448195523, 
4092) 2448198705, 
4093) 2450386683, 
4094) 2450424292, 
4095) 2452780140, 
4096) 2453737648, 
4097) 2454320148, 
4098) 2454427527, 
4099) 2454506687, 
4100) 2455667427, 
4101) 2456234206, 
4102) 2457457468, 
4103) 2458112907, 
4104) 2458469131, 
4105) 2458635291, 
4106) 2458785938, 
4107) 2458852402, 
4108) 2460393102, 
4109) 2460780965, 
4110) 2461425065, 
4111) 2461512799, 
4112) 2462302723, 
4113) 2462554169, 
4114) 2462674073, 
4115) 2463254350, 
4116) 2463405224, 
4117) 2464244126, 
4118) 2464418651, 
4119) 2465016763, 
4120) 2465444156, 
4121) 2465445104, 
4122) 2466996048, 
4123) 2467485667, 
4124) 2470137178, 
4125) 2471012851, 
4126) 2471496605, 
4127) 2471728693, 
4128) 2472030220, 
4129) 2472683478, 
4130) 2473031302, 
4131) 2473428062, 
4132) 2473808079, 
4133) 2473931278, 
4134) 2474603671, 
4135) 2474820502, 
4136) 2474927141, 
4137) 2475505654, 
4138) 2477854989, 
4139) 2478161830, 
4140) 2478241942, 
4141) 2478352990, 
4142) 2479005051, 
4143) 2479322461, 
4144) 2479669245, 
4145) 2479986682, 
4146) 2480083418, 
4147) 2480253597, 
4148) 2480361473, 
4149) 2480962135, 
4150) 2482831209, 
4151) 2482892004, 
4152) 2484364733, 
4153) 2485521644, 
4154) 2485586955, 
4155) 2486005850, 
4156) 2486320962, 
4157) 2487980743, 
4158) 2488104351, 
4159) 2488396165, 
4160) 2488417383, 
4161) 2488503967, 
4162) 2488534295, 
4163) 2489586619, 
4164) 2490306236, 
4165) 2490643500, 
4166) 2491979519, 
4167) 2492265331, 
4168) 2492990046, 
4169) 2493142133, 
4170) 2494581346, 
4171) 2494829626, 
4172) 2495513422, 
4173) 2496134101, 
4174) 2496618279, 
4175) 2496961054, 
4176) 2497805340, 
4177) 2498894413, 
4178) 2499306946, 
4179) 2499625337, 
4180) 2500436473, 
4181) 2500580984, 
4182) 2501155821, 
4183) 2502114372, 
4184) 2502259166, 
4185) 2503147610, 
4186) 2503327437, 
4187) 2503545515, 
4188) 2504061369, 
4189) 2504062063, 
4190) 2504999201, 
4191) 2505060526, 
4192) 2505175914, 
4193) 2505733750, 
4194) 2506321787, 
4195) 2506466418, 
4196) 2506730386, 
4197) 2507393391, 
4198) 2507589315, 
4199) 2507695911, 
4200) 2508873909, 
4201) 2509762631, 
4202) 2510872397, 
4203) 2511090240, 
4204) 2511973941, 
4205) 2512947651, 
4206) 2513494251, 
4207) 2514177864, 
4208) 2515074999, 
4209) 2515122784, 
4210) 2515663546, 
4211) 2515731347, 
4212) 2515823799, 
4213) 2516302861, 
4214) 2517096143, 
4215) 2517099419, 
4216) 2517296523, 
4217) 2518129221, 
4218) 2518129409, 
4219) 2518930764, 
4220) 2518966393, 
4221) 2519473369, 
4222) 2519510424, 
4223) 2519704680, 
4224) 2519836205, 
4225) 2519838216, 
4226) 2520127280, 
4227) 2520220751, 
4228) 2520273485, 
4229) 2520490152, 
4230) 2520570942, 
4231) 2521076029, 
4232) 2521296235, 
4233) 2521948953, 
4234) 2524171299, 
4235) 2524276726, 
4236) 2525444684, 
4237) 2525629333, 
4238) 2525758933, 
4239) 2526945128, 
4240) 2526955584, 
4241) 2528452951, 
4242) 2528674354, 
4243) 2529835311, 
4244) 2531690982, 
4245) 2531989425, 
4246) 2532678374, 
4247) 2532727924, 
4248) 2533377943, 
4249) 2535859825, 
4250) 2537434114, 
4251) 2537474926, 
4252) 2538026359, 
4253) 2539248989, 
4254) 2540012066, 
4255) 2540257600, 
4256) 2541515562, 
4257) 2542025690, 
4258) 2542655400, 
4259) 2543908456, 
4260) 2544880165, 
4261) 2545083242, 
4262) 2545502708, 
4263) 2546288850, 
4264) 2547650855, 
4265) 2548824888, 
4266) 2549397197, 
4267) 2550152986, 
4268) 2550478986, 
4269) 2550682716, 
4270) 2551098611, 
4271) 2551255531, 
4272) 2552031092, 
4273) 2552043693, 
4274) 2552141166, 
4275) 2552354321, 
4276) 2553275596, 
4277) 2553436262, 
4278) 2554107794, 
4279) 2554332432, 
4280) 2554720813, 
4281) 2555363282, 
4282) 2556145970, 
4283) 2556296480, 
4284) 2556676056, 
4285) 2557229490, 
4286) 2557848914, 
4287) 2558243575, 
4288) 2558410837, 
4289) 2558958292, 
4290) 2559437334, 
4291) 2560198381, 
4292) 2560834193, 
4293) 2561533195, 
4294) 2561658597, 
4295) 2562485198, 
4296) 2562512572, 
4297) 2564716592, 
4298) 2565690826, 
4299) 2565788815, 
4300) 2565896393, 
4301) 2567131743, 
4302) 2567172856, 
4303) 2567600283, 
4304) 2568841277, 
4305) 2568854385, 
4306) 2568989996, 
4307) 2570437814, 
4308) 2571215972, 
4309) 2572210329, 
4310) 2572363210, 
4311) 2572423825, 
4312) 2572727415, 
4313) 2575694427, 
4314) 2575983154, 
4315) 2576857832, 
4316) 2577882047, 
4317) 2578104629, 
4318) 2579448504, 
4319) 2579878967, 
4320) 2580834500, 
4321) 2581014406, 
4322) 2581080255, 
4323) 2581603355, 
4324) 2582100013, 
4325) 2582177967, 
4326) 2582300845, 
4327) 2583551687, 
4328) 2583894853, 
4329) 2583970011, 
4330) 2584003153, 
4331) 2584197491, 
4332) 2584394724, 
4333) 2584402556, 
4334) 2584593787, 
4335) 2585305396, 
4336) 2585913894, 
4337) 2586106188, 
4338) 2587889592, 
4339) 2587990287, 
4340) 2588770081, 
4341) 2589078034, 
4342) 2589429828, 
4343) 2590019452, 
4344) 2590662104, 
4345) 2591092530, 
4346) 2591815364, 
4347) 2592088640, 
4348) 2592401518, 
4349) 2593653465, 
4350) 2594141135, 
4351) 2595544559, 
4352) 2597134325, 
4353) 2597752937, 
4354) 2597885278, 
4355) 2599013513, 
4356) 2599400906, 
4357) 2599599158, 
4358) 2599690810, 
4359) 2600612264, 
4360) 2601067937, 
4361) 2602058670, 
4362) 2602131662, 
4363) 2602178429, 
4364) 2602251572, 
4365) 2602785344, 
4366) 2603236332, 
4367) 2603676616, 
4368) 2604625918, 
4369) 2605077997, 
4370) 2605658912, 
4371) 2605964697, 
4372) 2606248654, 
4373) 2606993518, 
4374) 2607303205, 
4375) 2607449779, 
4376) 2607932617, 
4377) 2608050516, 
4378) 2608201819, 
4379) 2608292929, 
4380) 2608775058, 
4381) 2609124050, 
4382) 2609588439, 
4383) 2609620041, 
4384) 2610828139, 
4385) 2611211514, 
4386) 2611243019, 
4387) 2611714906, 
4388) 2611855165, 
4389) 2611930753, 
4390) 2612344516, 
4391) 2613085576, 
4392) 2613151731, 
4393) 2614609568, 
4394) 2615163444, 
4395) 2615185974, 
4396) 2615258009, 
4397) 2615984312, 
4398) 2616638962, 
4399) 2616894094, 
4400) 2617316650, 
4401) 2617453213, 
4402) 2618140890, 
4403) 2619908583, 
4404) 2621289325, 
4405) 2621884381, 
4406) 2622758137, 
4407) 2623224888, 
4408) 2623390192, 
4409) 2623618557, 
4410) 2623997025, 
4411) 2625003699, 
4412) 2625722895, 
4413) 2626282307, 
4414) 2626674115, 
4415) 2626775077, 
4416) 2627083381, 
4417) 2627931102, 
4418) 2628172962, 
4419) 2629672113, 
4420) 2630609853, 
4421) 2630909984, 
4422) 2631011974, 
4423) 2632478947, 
4424) 2634313492, 
4425) 2634724702, 
4426) 2635376063, 
4427) 2636459092, 
4428) 2636896556, 
4429) 2637475280, 
4430) 2638688621, 
4431) 2639335359, 
4432) 2639468273, 
4433) 2640017852, 
4434) 2640440454, 
4435) 2640546987, 
4436) 2642627315, 
4437) 2642710921, 
4438) 2642790510, 
4439) 2642807454, 
4440) 2642841030, 
4441) 2642945660, 
4442) 2645172541, 
4443) 2645923072, 
4444) 2647283783, 
4445) 2647614757, 
4446) 2648421327, 
4447) 2648806886, 
4448) 2649762064, 
4449) 2651321928, 
4450) 2651440991, 
4451) 2651509218, 
4452) 2652445328, 
4453) 2653506213, 
4454) 2653883335, 
4455) 2653955248, 
4456) 2654110978, 
4457) 2654323133, 
4458) 2655821496, 
4459) 2656492063, 
4460) 2656897847, 
4461) 2657018074, 
4462) 2658474904, 
4463) 2658496108, 
4464) 2658562189, 
4465) 2660085475, 
4466) 2660329206, 
4467) 2660353601, 
4468) 2660491623, 
4469) 2660985210, 
4470) 2661425244, 
4471) 2663824510, 
4472) 2665060763, 
4473) 2665946913, 
4474) 2666114849, 
4475) 2667092756, 
4476) 2668227757, 
4477) 2669074995, 
4478) 2669980400, 
4479) 2670590241, 
4480) 2671206788, 
4481) 2671220972, 
4482) 2671453987, 
4483) 2672146780, 
4484) 2672352119, 
4485) 2674113853, 
4486) 2674799568, 
4487) 2675437157, 
4488) 2675564169, 
4489) 2675858424, 
4490) 2676379748, 
4491) 2676699627, 
4492) 2677201801, 
4493) 2677262339, 
4494) 2677419262, 
4495) 2677735952, 
4496) 2679120322, 
4497) 2679590259, 
4498) 2679734182, 
4499) 2680212994, 
4500) 2680654716, 
4501) 2680725673, 
4502) 2680959633, 
4503) 2681124606, 
4504) 2682198128, 
4505) 2682227328, 
4506) 2683096196, 
4507) 2683258251, 
4508) 2683355256, 
4509) 2684178003, 
4510) 2685132514, 
4511) 2685593110, 
4512) 2685632798, 
4513) 2685943206, 
4514) 2686687216, 
4515) 2689447930, 
4516) 2689484851, 
4517) 2690436376, 
4518) 2690773717, 
4519) 2691651703, 
4520) 2692573394, 
4521) 2692595907, 
4522) 2692850416, 
4523) 2692863979, 
4524) 2693230215, 
4525) 2693503424, 
4526) 2693509636, 
4527) 2694616915, 
4528) 2695185226, 
4529) 2695696783, 
4530) 2696927305, 
4531) 2697095340, 
4532) 2698763397, 
4533) 2698985681, 
4534) 2700257255, 
4535) 2700808629, 
4536) 2701821274, 
4537) 2701925003, 
4538) 2702347971, 
4539) 2704349199, 
4540) 2704941284, 
4541) 2706260308, 
4542) 2707712644, 
4543) 2707849587, 
4544) 2708153601, 
4545) 2708600591, 
4546) 2708819745, 
4547) 2709421321, 
4548) 2709876523, 
4549) 2710292871, 
4550) 2710914254, 
4551) 2711135154, 
4552) 2714107890, 
4553) 2715793270, 
4554) 2716163645, 
4555) 2716245896, 
4556) 2717258771, 
4557) 2717300630, 
4558) 2717790371, 
4559) 2717824579, 
4560) 2718433502, 
4561) 2719462655, 
4562) 2720914018, 
4563) 2721432789, 
4564) 2722689785, 
4565) 2722822007, 
4566) 2723143293, 
4567) 2723203576, 
4568) 2723316940, 
4569) 2726252578, 
4570) 2727364898, 
4571) 2730561544, 
4572) 2730717288, 
4573) 2732042853, 
4574) 2732171082, 
4575) 2732259989, 
4576) 2733657837, 
4577) 2733920314, 
4578) 2734539112, 
4579) 2734960236, 
4580) 2735063691, 
4581) 2735484626, 
4582) 2736425824, 
4583) 2736619269, 
4584) 2736906443, 
4585) 2737707036, 
4586) 2738319242, 
4587) 2739287470, 
4588) 2740072356, 
4589) 2740575599, 
4590) 2741080342, 
4591) 2741151009, 
4592) 2741524231, 
4593) 2742025928, 
4594) 2743020087, 
4595) 2744479714, 
4596) 2744566545, 
4597) 2744976908, 
4598) 2745439355, 
4599) 2747515728, 
4600) 2747535832, 
4601) 2747601864, 
4602) 2749252214, 
4603) 2749337760, 
4604) 2749416629, 
4605) 2749773458, 
4606) 2749886678, 
4607) 2750322276, 
4608) 2750534056, 
4609) 2751538535, 
4610) 2751578591, 
4611) 2753145935, 
4612) 2753724227, 
4613) 2753757787, 
4614) 2755167136, 
4615) 2756658884, 
4616) 2756858798, 
4617) 2757384139, 
4618) 2758350611, 
4619) 2758541623, 
4620) 2759171998, 
4621) 2759315844, 
4622) 2759900788, 
4623) 2760014845, 
4624) 2760684004, 
4625) 2760760026, 
4626) 2760996315, 
4627) 2763221165, 
4628) 2763510598, 
4629) 2764977968, 
4630) 2765423703, 
4631) 2766744204, 
4632) 2767842506, 
4633) 2767899040, 
4634) 2770048385, 
4635) 2770313506, 
4636) 2770660818, 
4637) 2770661936, 
4638) 2771196134, 
4639) 2772084089, 
4640) 2772112386, 
4641) 2773076442, 
4642) 2773078008, 
4643) 2773319244, 
4644) 2773376642, 
4645) 2773859364, 
4646) 2774098309, 
4647) 2774120721, 
4648) 2774486450, 
4649) 2774754537, 
4650) 2776079650, 
4651) 2777304659, 
4652) 2777455723, 
4653) 2779285250, 
4654) 2779529861, 
4655) 2781212043, 
4656) 2781758774, 
4657) 2781766190, 
4658) 2781779122, 
4659) 2781986570, 
4660) 2783265473, 
4661) 2783930935, 
4662) 2784061921, 
4663) 2784534872, 
4664) 2786114509, 
4665) 2787412447, 
4666) 2788001532, 
4667) 2788179628, 
4668) 2790990997, 
4669) 2791349444, 
4670) 2794218510, 
4671) 2794607810, 
4672) 2794773587, 
4673) 2795818753, 
4674) 2796834835, 
4675) 2797838477, 
4676) 2797987948, 
4677) 2799174092, 
4678) 2799481189, 
4679) 2801282977, 
4680) 2801366291, 
4681) 2801834037, 
4682) 2801862367, 
4683) 2802414758, 
4684) 2802581963, 
4685) 2804917802, 
4686) 2805859835, 
4687) 2805984587, 
4688) 2806844676, 
4689) 2807060200, 
4690) 2807146335, 
4691) 2807702997, 
4692) 2807963580, 
4693) 2808277100, 
4694) 2808307141, 
4695) 2809163208, 
4696) 2809371495, 
4697) 2810367298, 
4698) 2810813797, 
4699) 2810992149, 
4700) 2811032024, 
4701) 2811346150, 
4702) 2811909450, 
4703) 2812063755, 
4704) 2813598029, 
4705) 2813802638, 
4706) 2814029195, 
4707) 2814167341, 
4708) 2814826346, 
4709) 2815230971, 
4710) 2815730325, 
4711) 2815893988, 
4712) 2816914033, 
4713) 2818226357, 
4714) 2818471432, 
4715) 2818583502, 
4716) 2819075173, 
4717) 2819475385, 
4718) 2824624587, 
4719) 2825143378, 
4720) 2825370209, 
4721) 2825494219, 
4722) 2826739140, 
4723) 2827015576, 
4724) 2827296185, 
4725) 2828011983, 
4726) 2828118168, 
4727) 2829139367, 
4728) 2830031953, 
4729) 2830870394, 
4730) 2831190312, 
4731) 2832814606, 
4732) 2834618523, 
4733) 2834897159, 
4734) 2835672980, 
4735) 2836090530, 
4736) 2836935501, 
4737) 2837110644, 
4738) 2837394106, 
4739) 2840066296, 
4740) 2840504981, 
4741) 2842103973, 
4742) 2843813660, 
4743) 2845001535, 
4744) 2845462942, 
4745) 2846645061, 
4746) 2846870285, 
4747) 2847343426, 
4748) 2848405066, 
4749) 2848469102, 
4750) 2848544768, 
4751) 2848781053, 
4752) 2849842775, 
4753) 2851084038, 
4754) 2851318260, 
4755) 2852083695, 
4756) 2853334264, 
4757) 2855053935, 
4758) 2855125726, 
4759) 2856009221, 
4760) 2856103960, 
4761) 2856414829, 
4762) 2856637314, 
4763) 2857296681, 
4764) 2857439335, 
4765) 2858296295, 
4766) 2858427040, 
4767) 2859561743, 
4768) 2861520266, 
4769) 2861714304, 
4770) 2863221639, 
4771) 2863703825, 
4772) 2863946402, 
4773) 2864291292, 
4774) 2864628206, 
4775) 2865843098, 
4776) 2866406344, 
4777) 2866453189, 
4778) 2866771600, 
4779) 2866790163, 
4780) 2868043885, 
4781) 2868363759, 
4782) 2868570478, 
4783) 2871208296, 
4784) 2871668116, 
4785) 2872690250, 
4786) 2873392560, 
4787) 2873961395, 
4788) 2874379999, 
4789) 2875695977, 
4790) 2876039519, 
4791) 2876220526, 
4792) 2876833127, 
4793) 2877381207, 
4794) 2877521784, 
4795) 2878822942, 
4796) 2879013520, 
4797) 2879462704, 
4798) 2879857144, 
4799) 2880077860, 
4800) 2880738241, 
4801) 2880787465, 
4802) 2881355430, 
4803) 2881586925, 
4804) 2882264905, 
4805) 2882633199, 
4806) 2883179377, 
4807) 2883557572, 
4808) 2884039582, 
4809) 2884160951, 
4810) 2884851992, 
4811) 2885281881, 
4812) 2885329593, 
4813) 2885889565, 
4814) 2885980360, 
4815) 2886229158, 
4816) 2886440682, 
4817) 2887006236, 
4818) 2887839272, 
4819) 2887932146, 
4820) 2887975042, 
4821) 2889562617, 
4822) 2889735441, 
4823) 2889896557, 
4824) 2890427907, 
4825) 2890753428, 
4826) 2891023573, 
4827) 2891225667, 
4828) 2891485886, 
4829) 2892054814, 
4830) 2892132224, 
4831) 2892534067, 
4832) 2894865474, 
4833) 2896267067, 
4834) 2896433356, 
4835) 2896815582, 
4836) 2898129928, 
4837) 2898762601, 
4838) 2899319516, 
4839) 2899411414, 
4840) 2899798230, 
4841) 2900042628, 
4842) 2900619864, 
4843) 2901534394, 
4844) 2902436949, 
4845) 2902595489, 
4846) 2903133361, 
4847) 2903168471, 
4848) 2904171777, 
4849) 2904225194, 
4850) 2905967010, 
4851) 2906013623, 
4852) 2907170222, 
4853) 2908189507, 
4854) 2908876985, 
4855) 2909059634, 
4856) 2909141129, 
4857) 2909154881, 
4858) 2909198549, 
4859) 2909712728, 
4860) 2909787917, 
4861) 2910031754, 
4862) 2911420230, 
4863) 2914820156, 
4864) 2915010533, 
4865) 2915495875, 
4866) 2915695000, 
4867) 2916118500, 
4868) 2916913264, 
4869) 2917410481, 
4870) 2919089667, 
4871) 2919357446, 
4872) 2920192021, 
4873) 2920682592, 
4874) 2920753523, 
4875) 2921517985, 
4876) 2922950825, 
4877) 2923269540, 
4878) 2924179029, 
4879) 2925022696, 
4880) 2925900668, 
4881) 2926805224, 
4882) 2927144038, 
4883) 2927958814, 
4884) 2928585002, 
4885) 2929264279, 
4886) 2930528413, 
4887) 2931849087, 
4888) 2933836855, 
4889) 2934318063, 
4890) 2934860404, 
4891) 2935027754, 
4892) 2935378808, 
4893) 2935554222, 
4894) 2936079242, 
4895) 2936348364, 
4896) 2937301027, 
4897) 2938188456, 
4898) 2938350682, 
4899) 2938676932, 
4900) 2940225310, 
4901) 2941025313, 
4902) 2941181806, 
4903) 2941194092, 
4904) 2942534618, 
4905) 2942581477, 
4906) 2942965448, 
4907) 2943128670, 
4908) 2943507186, 
4909) 2943713973, 
4910) 2944776979, 
4911) 2945751768, 
4912) 2946035415, 
4913) 2946096415, 
4914) 2946454663, 
4915) 2946491893, 
4916) 2946746190, 
4917) 2946914163, 
4918) 2947709951, 
4919) 2950749826, 
4920) 2954056368, 
4921) 2954745072, 
4922) 2954810200, 
4923) 2955006958, 
4924) 2955563585, 
4925) 2955679331, 
4926) 2956309828, 
4927) 2957294128, 
4928) 2957686493, 
4929) 2957710459, 
4930) 2957987409, 
4931) 2958359617, 
4932) 2958421736, 
4933) 2959696406, 
4934) 2959932129, 
4935) 2959959708, 
4936) 2960136810, 
4937) 2960693337, 
4938) 2961486384, 
4939) 2961703162, 
4940) 2962134454, 
4941) 2962183308, 
4942) 2962533388, 
4943) 2962878138, 
4944) 2962991270, 
4945) 2963724510, 
4946) 2964586376, 
4947) 2964603741, 
4948) 2965301502, 
4949) 2965664883, 
4950) 2966528388, 
4951) 2966653351, 
4952) 2966902358, 
4953) 2967479211, 
4954) 2968117724, 
4955) 2969443295, 
4956) 2969491508, 
4957) 2969724704, 
4958) 2970742562, 
4959) 2970981285, 
4960) 2971564749, 
4961) 2973129272, 
4962) 2973381305, 
4963) 2973737940, 
4964) 2975156847, 
4965) 2975756777, 
4966) 2975850705, 
4967) 2975975870, 
4968) 2976916847, 
4969) 2977378554, 
4970) 2978305201, 
4971) 2978728945, 
4972) 2979073792, 
4973) 2980369078, 
4974) 2981002746, 
4975) 2981876928, 
4976) 2982272687, 
4977) 2982917743, 
4978) 2983784925, 
4979) 2983930319, 
4980) 2984699275, 
4981) 2984967626, 
4982) 2986645378, 
4983) 2986710087, 
4984) 2989499678, 
4985) 2989915355, 
4986) 2992895916, 
4987) 2992917198, 
4988) 2992973801, 
4989) 2994662411, 
4990) 2995086072, 
4991) 2995824571, 
4992) 2996261063, 
4993) 2997107229, 
4994) 2998260906, 
4995) 2998297456, 
4996) 2998731238, 
4997) 2999033672, 
4998) 2999328930, 
4999) 2999499699, 
