Number of elements is 500
Type of array is rendomized
Sorting algorithm - insert
Running time of sorting algorithm is 235ms
0) 8120287, 
1) 12009469, 
2) 18345029, 
3) 26550604, 
4) 28137533, 
5) 30527574, 
6) 31416146, 
7) 32622724, 
8) 36215091, 
9) 37926584, 
10) 47267049, 
11) 57233107, 
12) 57401035, 
13) 63272377, 
14) 83866076, 
15) 94459784, 
16) 100143045, 
17) 101328957, 
18) 101596825, 
19) 104332055, 
20) 109300035, 
21) 122555679, 
22) 122869442, 
23) 127077814, 
24) 127249387, 
25) 130076809, 
26) 133193576, 
27) 136175002, 
28) 138099060, 
29) 153744775, 
30) 163383337, 
31) 164657419, 
32) 166065024, 
33) 184295173, 
34) 199939691, 
35) 202801450, 
36) 212756240, 
37) 216376514, 
38) 217760609, 
39) 219322502, 
40) 229850944, 
41) 231675053, 
42) 231857228, 
43) 232260928, 
44) 241188592, 
45) 245630064, 
46) 246595991, 
47) 260630835, 
48) 269766048, 
49) 272662889, 
50) 273574175, 
51) 275919787, 
52) 283533477, 
53) 286194659, 
54) 291466911, 
55) 297329116, 
56) 298866793, 
57) 299145047, 
58) 306676662, 
59) 313991685, 
60) 315341035, 
61) 315649611, 
62) 316931932, 
63) 317794777, 
64) 322068479, 
65) 326537493, 
66) 328917032, 
67) 337716611, 
68) 338378393, 
69) 345499533, 
70) 349829427, 
71) 365371704, 
72) 367442324, 
73) 371076859, 
74) 372255104, 
75) 382869349, 
76) 391620901, 
77) 395102819, 
78) 396870120, 
79) 398066330, 
80) 400217994, 
81) 404420627, 
82) 409963361, 
83) 411022985, 
84) 421166089, 
85) 426958240, 
86) 440853685, 
87) 443860425, 
88) 444188108, 
89) 444461106, 
90) 468236137, 
91) 474281263, 
92) 496098769, 
93) 496455666, 
94) 513402994, 
95) 517967294, 
96) 527923418, 
97) 538211514, 
98) 551650521, 
99) 553220838, 
100) 559498516, 
101) 560237385, 
102) 566073212, 
103) 579879166, 
104) 580960710, 
105) 594647195, 
106) 597600393, 
107) 598306272, 
108) 600015919, 
109) 602649599, 
110) 611358785, 
111) 617522852, 
112) 624167885, 
113) 624184581, 
114) 632712350, 
115) 633916249, 
116) 634858609, 
117) 639521627, 
118) 648785081, 
119) 650043546, 
120) 651133597, 
121) 657849456, 
122) 660049615, 
123) 670147022, 
124) 674333326, 
125) 677771042, 
126) 681317419, 
127) 692721628, 
128) 693123916, 
129) 699617896, 
130) 701772747, 
131) 703104893, 
132) 722613032, 
133) 724040339, 
134) 732605098, 
135) 735848329, 
136) 740151558, 
137) 741713321, 
138) 743618736, 
139) 747244380, 
140) 759559610, 
141) 770219147, 
142) 778613439, 
143) 783264228, 
144) 795949563, 
145) 799241069, 
146) 801458897, 
147) 812101121, 
148) 817460858, 
149) 820090877, 
150) 827819795, 
151) 827972172, 
152) 833227122, 
153) 849294838, 
154) 859242726, 
155) 875564182, 
156) 885168861, 
157) 890577368, 
158) 891180296, 
159) 898472078, 
160) 899593151, 
161) 900319391, 
162) 915142005, 
163) 922125559, 
164) 929220566, 
165) 947997785, 
166) 956746319, 
167) 965444009, 
168) 971195776, 
169) 972450630, 
170) 981834446, 
171) 982989863, 
172) 984815664, 
173) 991578895, 
174) 992058797, 
175) 1012606055, 
176) 1015132363, 
177) 1019669143, 
178) 1020056987, 
179) 1024216050, 
180) 1024642412, 
181) 1031377402, 
182) 1034400802, 
183) 1035410606, 
184) 1039335877, 
185) 1040678112, 
186) 1041099302, 
187) 1048385114, 
188) 1052431287, 
189) 1055626806, 
190) 1056229506, 
191) 1056899193, 
192) 1071274453, 
193) 1079813012, 
194) 1085233988, 
195) 1087449913, 
196) 1089590235, 
197) 1099657093, 
198) 1104809977, 
199) 1110712954, 
200) 1120660213, 
201) 1125337606, 
202) 1129756632, 
203) 1137151525, 
204) 1150515187, 
205) 1152688441, 
206) 1156811467, 
207) 1169432836, 
208) 1174045298, 
209) 1191700047, 
210) 1193571804, 
211) 1194809650, 
212) 1217644485, 
213) 1229390357, 
214) 1229464192, 
215) 1229530626, 
216) 1257477939, 
217) 1261020506, 
218) 1263716467, 
219) 1277550006, 
220) 1286015065, 
221) 1321339652, 
222) 1328787612, 
223) 1343029957, 
224) 1352635487, 
225) 1360427438, 
226) 1361448208, 
227) 1368213001, 
228) 1373353976, 
229) 1384998599, 
230) 1386101065, 
231) 1389817937, 
232) 1400752716, 
233) 1407923132, 
234) 1414993979, 
235) 1421928952, 
236) 1425473266, 
237) 1426968944, 
238) 1428419295, 
239) 1428431347, 
240) 1437554246, 
241) 1441534002, 
242) 1463622268, 
243) 1464568309, 
244) 1486530217, 
245) 1492003543, 
246) 1503248074, 
247) 1507789271, 
248) 1507818747, 
249) 1518126939, 
250) 1521803078, 
251) 1523670798, 
252) 1538398324, 
253) 1539880554, 
254) 1578320003, 
255) 1587772538, 
256) 1589118213, 
257) 1594717664, 
258) 1601184034, 
259) 1603280899, 
260) 1606642623, 
261) 1609485753, 
262) 1612574662, 
263) 1632900706, 
264) 1642354236, 
265) 1654278890, 
266) 1656948472, 
267) 1658312407, 
268) 1661151077, 
269) 1670287440, 
270) 1677729705, 
271) 1684388508, 
272) 1696741759, 
273) 1706177039, 
274) 1707418553, 
275) 1709312618, 
276) 1719766454, 
277) 1724972690, 
278) 1725055542, 
279) 1728743754, 
280) 1730629336, 
281) 1732810875, 
282) 1736633678, 
283) 1742011906, 
284) 1743778665, 
285) 1749844143, 
286) 1750213112, 
287) 1753547382, 
288) 1764642826, 
289) 1770867593, 
290) 1776024667, 
291) 1782685706, 
292) 1783786853, 
293) 1788963204, 
294) 1795679696, 
295) 1796040641, 
296) 1797028329, 
297) 1797597911, 
298) 1808474476, 
299) 1809458647, 
300) 1810476909, 
301) 1815236987, 
302) 1818656450, 
303) 1823822021, 
304) 1824596223, 
305) 1828554593, 
306) 1830745846, 
307) 1832650272, 
308) 1846275839, 
309) 1851262551, 
310) 1859572478, 
311) 1864641339, 
312) 1866559246, 
313) 1873729882, 
314) 1874126552, 
315) 1876793498, 
316) 1899338349, 
317) 1903484270, 
318) 1903736846, 
319) 1910048931, 
320) 1911792341, 
321) 1912233033, 
322) 1914951022, 
323) 1917328477, 
324) 1919149043, 
325) 1919928187, 
326) 1920512161, 
327) 1922699838, 
328) 1926276131, 
329) 1927663195, 
330) 1928851486, 
331) 1931056005, 
332) 1934447314, 
333) 1936839888, 
334) 1956537080, 
335) 1965899931, 
336) 1978062491, 
337) 1980044557, 
338) 1981879837, 
339) 1983372210, 
340) 1983540075, 
341) 1992543196, 
342) 1993650474, 
343) 1998375789, 
344) 2000772015, 
345) 2007128509, 
346) 2018627013, 
347) 2026748991, 
348) 2028017442, 
349) 2028513250, 
350) 2031866495, 
351) 2033992478, 
352) 2044663529, 
353) 2047763665, 
354) 2061402984, 
355) 2069715813, 
356) 2071004856, 
357) 2077385273, 
358) 2089102710, 
359) 2090308358, 
360) 2124824491, 
361) 2133972000, 
362) 2143148974, 
363) 2158240961, 
364) 2160334629, 
365) 2162195298, 
366) 2167411439, 
367) 2167625017, 
368) 2176813464, 
369) 2185957863, 
370) 2186762522, 
371) 2190763261, 
372) 2194839869, 
373) 2195205023, 
374) 2197666506, 
375) 2214362931, 
376) 2225960046, 
377) 2236908050, 
378) 2262932549, 
379) 2263540142, 
380) 2263599836, 
381) 2266135190, 
382) 2300493291, 
383) 2310461540, 
384) 2311250782, 
385) 2311347669, 
386) 2319870127, 
387) 2327033707, 
388) 2332145836, 
389) 2335439122, 
390) 2338099607, 
391) 2341715630, 
392) 2349508710, 
393) 2351477092, 
394) 2365534729, 
395) 2374576605, 
396) 2375989841, 
397) 2381302574, 
398) 2384605517, 
399) 2385963022, 
400) 2390270452, 
401) 2391614445, 
402) 2393682211, 
403) 2396123453, 
404) 2396846388, 
405) 2398053812, 
406) 2400707438, 
407) 2402143095, 
408) 2409393013, 
409) 2416923775, 
410) 2426095607, 
411) 2428894184, 
412) 2429489053, 
413) 2435345298, 
414) 2437277804, 
415) 2444594501, 
416) 2454305564, 
417) 2464600633, 
418) 2468271298, 
419) 2476836306, 
420) 2479269572, 
421) 2485547181, 
422) 2488786813, 
423) 2491659282, 
424) 2509391518, 
425) 2512007897, 
426) 2518557730, 
427) 2547366571, 
428) 2549000015, 
429) 2558864283, 
430) 2558960269, 
431) 2562092938, 
432) 2578517500, 
433) 2585220504, 
434) 2585268800, 
435) 2590714247, 
436) 2591583425, 
437) 2594483685, 
438) 2597792521, 
439) 2603844834, 
440) 2608964281, 
441) 2623843636, 
442) 2641252276, 
443) 2649196368, 
444) 2651599410, 
445) 2651908677, 
446) 2653075551, 
447) 2654690418, 
448) 2657852312, 
449) 2661145299, 
450) 2668273768, 
451) 2669565557, 
452) 2670392957, 
453) 2684693660, 
454) 2699094114, 
455) 2700662293, 
456) 2701399172, 
457) 2703870849, 
458) 2713352846, 
459) 2732275239, 
460) 2738176175, 
461) 2755919496, 
462) 2756038743, 
463) 2766259508, 
464) 2781875396, 
465) 2783015225, 
466) 2807610084, 
467) 2814144192, 
468) 2819797313, 
469) 2827687784, 
470) 2831809059, 
471) 2845682916, 
472) 2855544514, 
473) 2861396279, 
474) 2879251287, 
475) 2882580991, 
476) 2884174506, 
477) 2886410610, 
478) 2899288299, 
479) 2899657941, 
480) 2902369274, 
481) 2907535735, 
482) 2908179728, 
483) 2912730621, 
484) 2914629467, 
485) 2915524128, 
486) 2926110143, 
487) 2938221874, 
488) 2941226438, 
489) 2956252860, 
490) 2959317641, 
491) 2968309278, 
492) 2972752683, 
493) 2979906824, 
494) 2980497143, 
495) 2983949550, 
496) 2984561559, 
497) 2995444346, 
498) 2996700948, 
499) 2997319434, 
