Number of elements is 5000
Type of array is rendomized
Sorting algorithm - insert
Running time of sorting algorithm is 23652ms
0) 1826336, 
1) 3073617, 
2) 3184333, 
3) 3664283, 
4) 4435197, 
5) 6684883, 
6) 6811253, 
7) 7660798, 
8) 7662028, 
9) 9442289, 
10) 9590694, 
11) 10428585, 
12) 11364030, 
13) 11661873, 
14) 11908249, 
15) 13907691, 
16) 13940930, 
17) 14392273, 
18) 14485940, 
19) 15249949, 
20) 15369005, 
21) 15587567, 
22) 15972915, 
23) 16223890, 
24) 16631916, 
25) 16637486, 
26) 16786504, 
27) 18522001, 
28) 18803898, 
29) 19281198, 
30) 19548421, 
31) 19575387, 
32) 20730219, 
33) 21867786, 
34) 22839092, 
35) 24299423, 
36) 25926262, 
37) 26829787, 
38) 27382087, 
39) 27403078, 
40) 27466300, 
41) 27546518, 
42) 27724727, 
43) 27770109, 
44) 28615588, 
45) 29133922, 
46) 29458948, 
47) 30324837, 
48) 30374668, 
49) 30512883, 
50) 31357969, 
51) 31543773, 
52) 31768308, 
53) 32435401, 
54) 33070519, 
55) 33135804, 
56) 33302074, 
57) 34831661, 
58) 35096715, 
59) 35278878, 
60) 35505490, 
61) 35870232, 
62) 37280392, 
63) 37592059, 
64) 38777362, 
65) 39012239, 
66) 39155661, 
67) 40714627, 
68) 40923988, 
69) 42063740, 
70) 42233748, 
71) 42852065, 
72) 43089605, 
73) 43252840, 
74) 43583388, 
75) 43967530, 
76) 44224159, 
77) 45551604, 
78) 46759901, 
79) 47216936, 
80) 48208837, 
81) 48781385, 
82) 48907729, 
83) 50324083, 
84) 51232431, 
85) 51547522, 
86) 51686514, 
87) 51923822, 
88) 52069865, 
89) 52365862, 
90) 52439221, 
91) 53050918, 
92) 53164288, 
93) 54967783, 
94) 55121870, 
95) 56364487, 
96) 56432821, 
97) 57240038, 
98) 58474277, 
99) 59210849, 
100) 59435591, 
101) 59519198, 
102) 60019731, 
103) 61043788, 
104) 61168965, 
105) 61226606, 
106) 62192978, 
107) 62547162, 
108) 63260436, 
109) 65103544, 
110) 65279239, 
111) 65494748, 
112) 65629158, 
113) 67113887, 
114) 67777276, 
115) 68177082, 
116) 68496099, 
117) 68724896, 
118) 68743643, 
119) 69367192, 
120) 70543936, 
121) 71304315, 
122) 71958490, 
123) 73097684, 
124) 73398102, 
125) 73560369, 
126) 75281730, 
127) 75596737, 
128) 75750478, 
129) 75776364, 
130) 76353288, 
131) 77355480, 
132) 77586803, 
133) 79105031, 
134) 79545225, 
135) 81870554, 
136) 81931247, 
137) 82242052, 
138) 82462732, 
139) 82544798, 
140) 83071453, 
141) 84760156, 
142) 86312204, 
143) 87417113, 
144) 87865883, 
145) 87960014, 
146) 89391887, 
147) 90038387, 
148) 90608999, 
149) 90615592, 
150) 92818492, 
151) 93269184, 
152) 93570720, 
153) 94079468, 
154) 95431217, 
155) 95972492, 
156) 96158563, 
157) 97258262, 
158) 98502510, 
159) 99313826, 
160) 99665019, 
161) 101012893, 
162) 101074050, 
163) 101901402, 
164) 102345738, 
165) 102393447, 
166) 102425375, 
167) 103063871, 
168) 103433351, 
169) 104621057, 
170) 105175367, 
171) 105441790, 
172) 105590699, 
173) 106073239, 
174) 106488925, 
175) 106958526, 
176) 107047132, 
177) 107857796, 
178) 108551708, 
179) 109029439, 
180) 109228935, 
181) 110851603, 
182) 111367805, 
183) 112386296, 
184) 112650060, 
185) 114516955, 
186) 114777161, 
187) 115811714, 
188) 115930502, 
189) 117020988, 
190) 117501492, 
191) 117677696, 
192) 119067570, 
193) 119341583, 
194) 119482369, 
195) 119762588, 
196) 120322419, 
197) 121091837, 
198) 121217237, 
199) 121546649, 
200) 122072488, 
201) 123047665, 
202) 123438726, 
203) 124224261, 
204) 124506408, 
205) 124710750, 
206) 124943419, 
207) 125228794, 
208) 125741650, 
209) 126284886, 
210) 126747460, 
211) 126967796, 
212) 127370505, 
213) 127639320, 
214) 128323854, 
215) 128949281, 
216) 130158098, 
217) 130304660, 
218) 130375804, 
219) 130967042, 
220) 132087473, 
221) 132639612, 
222) 133116686, 
223) 133481876, 
224) 133587591, 
225) 133651576, 
226) 133760434, 
227) 134482792, 
228) 134718986, 
229) 134782406, 
230) 135390529, 
231) 135512997, 
232) 135612140, 
233) 135632411, 
234) 136729073, 
235) 137344127, 
236) 137381970, 
237) 137426156, 
238) 137631287, 
239) 139215650, 
240) 139493805, 
241) 140728485, 
242) 140931307, 
243) 141016527, 
244) 141877593, 
245) 143356638, 
246) 143461335, 
247) 143532824, 
248) 143962995, 
249) 144180049, 
250) 144469454, 
251) 144499261, 
252) 145178348, 
253) 145330408, 
254) 145367462, 
255) 145833085, 
256) 147280926, 
257) 147462513, 
258) 148279611, 
259) 148493246, 
260) 148537914, 
261) 149692986, 
262) 150941885, 
263) 151469295, 
264) 152844169, 
265) 153267497, 
266) 153451134, 
267) 153749814, 
268) 153782958, 
269) 154418205, 
270) 154618872, 
271) 155329692, 
272) 156230136, 
273) 157195142, 
274) 159364609, 
275) 159576518, 
276) 159984739, 
277) 160062284, 
278) 161547141, 
279) 162727560, 
280) 162948947, 
281) 163273784, 
282) 163588173, 
283) 163729003, 
284) 163788588, 
285) 164099691, 
286) 164182413, 
287) 164983607, 
288) 165052102, 
289) 166617633, 
290) 167383274, 
291) 169082134, 
292) 169144345, 
293) 171158263, 
294) 171334257, 
295) 171660687, 
296) 172818907, 
297) 173310330, 
298) 174049095, 
299) 174219153, 
300) 174381558, 
301) 174430481, 
302) 174625886, 
303) 174856244, 
304) 174948645, 
305) 175297483, 
306) 176225663, 
307) 176929814, 
308) 178131215, 
309) 178225880, 
310) 178620593, 
311) 178676547, 
312) 179054722, 
313) 179674774, 
314) 179765798, 
315) 180001767, 
316) 180600394, 
317) 182007137, 
318) 183188553, 
319) 183320164, 
320) 184141716, 
321) 184800530, 
322) 185400859, 
323) 185511012, 
324) 185538593, 
325) 185876615, 
326) 187080846, 
327) 187483568, 
328) 188634130, 
329) 188644635, 
330) 188714341, 
331) 188746162, 
332) 188772433, 
333) 190089653, 
334) 190489813, 
335) 190792969, 
336) 192514120, 
337) 193337770, 
338) 194487895, 
339) 195240406, 
340) 196843846, 
341) 199080720, 
342) 199395359, 
343) 199707590, 
344) 202060420, 
345) 202085956, 
346) 202287039, 
347) 202408563, 
348) 202694058, 
349) 206169118, 
350) 206842491, 
351) 208159182, 
352) 208491969, 
353) 208518206, 
354) 209393725, 
355) 209588141, 
356) 210533209, 
357) 210621155, 
358) 211365644, 
359) 211639928, 
360) 212100989, 
361) 212523654, 
362) 213083730, 
363) 214325902, 
364) 214434211, 
365) 214876846, 
366) 215152785, 
367) 215636764, 
368) 215652579, 
369) 215995891, 
370) 216354144, 
371) 216948824, 
372) 217039579, 
373) 217341818, 
374) 217437211, 
375) 217745128, 
376) 218285145, 
377) 219335328, 
378) 219924638, 
379) 221551272, 
380) 224055437, 
381) 224116234, 
382) 224243358, 
383) 224954273, 
384) 225034133, 
385) 225661684, 
386) 226396906, 
387) 228192861, 
388) 228767747, 
389) 229327984, 
390) 230662177, 
391) 230941216, 
392) 231816128, 
393) 232571802, 
394) 232738030, 
395) 233182727, 
396) 233456068, 
397) 233526041, 
398) 233826567, 
399) 233911786, 
400) 234301221, 
401) 234475330, 
402) 234505540, 
403) 235329738, 
404) 235947731, 
405) 236266824, 
406) 236347863, 
407) 237042416, 
408) 237915210, 
409) 238114662, 
410) 238125103, 
411) 239005409, 
412) 239315961, 
413) 239795938, 
414) 239966197, 
415) 240539619, 
416) 240641796, 
417) 240914476, 
418) 241478831, 
419) 241486004, 
420) 243723456, 
421) 244182332, 
422) 246410495, 
423) 246527976, 
424) 247567052, 
425) 247629137, 
426) 247679020, 
427) 247839087, 
428) 248472013, 
429) 248725444, 
430) 249510439, 
431) 250431169, 
432) 252771705, 
433) 252862461, 
434) 253546847, 
435) 253963889, 
436) 254431000, 
437) 254597767, 
438) 255013630, 
439) 255488673, 
440) 255705244, 
441) 255890394, 
442) 257017308, 
443) 258516418, 
444) 259356745, 
445) 259400561, 
446) 261064562, 
447) 261274634, 
448) 262723605, 
449) 262768425, 
450) 262798570, 
451) 263178662, 
452) 263294462, 
453) 263354562, 
454) 264136567, 
455) 264274004, 
456) 265118464, 
457) 266843325, 
458) 266866425, 
459) 267041118, 
460) 267477970, 
461) 267816311, 
462) 268655930, 
463) 268874820, 
464) 269074532, 
465) 269606691, 
466) 269751797, 
467) 269867566, 
468) 270166727, 
469) 271253977, 
470) 271695637, 
471) 273096866, 
472) 274303327, 
473) 275620612, 
474) 275688755, 
475) 275781317, 
476) 276205607, 
477) 278046924, 
478) 278422201, 
479) 278821858, 
480) 279353665, 
481) 279479085, 
482) 279560979, 
483) 279561637, 
484) 279627855, 
485) 279901996, 
486) 280047153, 
487) 280175241, 
488) 282854171, 
489) 283710665, 
490) 284181924, 
491) 285917734, 
492) 287329989, 
493) 287664149, 
494) 287715738, 
495) 287873041, 
496) 287937718, 
497) 288022658, 
498) 288241777, 
499) 288651821, 
500) 289546042, 
501) 290518914, 
502) 292386733, 
503) 292781698, 
504) 292963384, 
505) 293013397, 
506) 293039706, 
507) 293432109, 
508) 294522325, 
509) 294895231, 
510) 295120978, 
511) 296916617, 
512) 297130786, 
513) 297199359, 
514) 298405759, 
515) 299458303, 
516) 299977961, 
517) 300057559, 
518) 300323782, 
519) 300497249, 
520) 300611555, 
521) 301188740, 
522) 303065000, 
523) 304193848, 
524) 305902627, 
525) 305987831, 
526) 306070127, 
527) 306647534, 
528) 307188717, 
529) 308251980, 
530) 308512814, 
531) 308663659, 
532) 309326402, 
533) 309557845, 
534) 310125219, 
535) 312008423, 
536) 312893324, 
537) 313561750, 
538) 314217360, 
539) 314260584, 
540) 314329753, 
541) 314462035, 
542) 315960017, 
543) 316067652, 
544) 316070429, 
545) 316135051, 
546) 316232642, 
547) 317113021, 
548) 317216823, 
549) 317271978, 
550) 317309532, 
551) 319562611, 
552) 319816593, 
553) 320208645, 
554) 320393919, 
555) 321041142, 
556) 322066429, 
557) 322291925, 
558) 322560074, 
559) 323912446, 
560) 324370762, 
561) 324670738, 
562) 324714474, 
563) 325047536, 
564) 325447219, 
565) 327180049, 
566) 327307210, 
567) 328921596, 
568) 329088038, 
569) 329476097, 
570) 330015264, 
571) 330037887, 
572) 330815655, 
573) 330956655, 
574) 331003225, 
575) 331635948, 
576) 332627734, 
577) 332637619, 
578) 332733003, 
579) 332780356, 
580) 333809473, 
581) 334063351, 
582) 334345090, 
583) 335791345, 
584) 336083110, 
585) 337225333, 
586) 337265288, 
587) 337386829, 
588) 337590696, 
589) 338294848, 
590) 338628837, 
591) 338953176, 
592) 339115332, 
593) 339199446, 
594) 340323332, 
595) 341557978, 
596) 342040947, 
597) 342353339, 
598) 342400174, 
599) 342556623, 
600) 343551711, 
601) 343679835, 
602) 344120603, 
603) 344258767, 
604) 344911613, 
605) 345099788, 
606) 346842676, 
607) 347022385, 
608) 347712690, 
609) 348098354, 
610) 348552298, 
611) 349288218, 
612) 350533800, 
613) 350784684, 
614) 350945668, 
615) 352399543, 
616) 352773671, 
617) 353781568, 
618) 354411100, 
619) 355173844, 
620) 355250446, 
621) 356177042, 
622) 356255599, 
623) 356764521, 
624) 357259865, 
625) 357653297, 
626) 358045987, 
627) 358661061, 
628) 358810118, 
629) 361933996, 
630) 362741940, 
631) 363690625, 
632) 363983661, 
633) 364737486, 
634) 365711888, 
635) 366142442, 
636) 366272003, 
637) 368069312, 
638) 368694536, 
639) 371408111, 
640) 371588256, 
641) 371781790, 
642) 371930542, 
643) 371964705, 
644) 372545241, 
645) 373185485, 
646) 374040136, 
647) 375334436, 
648) 376255221, 
649) 378021341, 
650) 378446553, 
651) 378996339, 
652) 379177930, 
653) 379470375, 
654) 379758410, 
655) 380584874, 
656) 381176384, 
657) 381318623, 
658) 382219210, 
659) 382398828, 
660) 382657747, 
661) 382724419, 
662) 382924712, 
663) 383945015, 
664) 384292202, 
665) 384455787, 
666) 384483786, 
667) 384767825, 
668) 384988842, 
669) 385200461, 
670) 385232229, 
671) 385892512, 
672) 386209233, 
673) 388573403, 
674) 388708495, 
675) 390447739, 
676) 390564035, 
677) 390960843, 
678) 390970581, 
679) 391530782, 
680) 391689176, 
681) 392275392, 
682) 392514598, 
683) 392676383, 
684) 394360197, 
685) 394612981, 
686) 395109271, 
687) 396734045, 
688) 396960544, 
689) 397012393, 
690) 397580343, 
691) 397623507, 
692) 397636598, 
693) 397759287, 
694) 399386300, 
695) 399388323, 
696) 399793963, 
697) 400433003, 
698) 400648843, 
699) 401034107, 
700) 401426336, 
701) 401553504, 
702) 402253770, 
703) 402439805, 
704) 402652250, 
705) 402917199, 
706) 403190307, 
707) 403688604, 
708) 404231390, 
709) 405396514, 
710) 406208785, 
711) 407525593, 
712) 407830904, 
713) 408059541, 
714) 408111618, 
715) 408429859, 
716) 408491480, 
717) 408970857, 
718) 409214525, 
719) 409284077, 
720) 410293244, 
721) 410306695, 
722) 410465565, 
723) 410607865, 
724) 410635930, 
725) 410646365, 
726) 411656857, 
727) 411746722, 
728) 413259380, 
729) 414143337, 
730) 414174874, 
731) 414316811, 
732) 414747176, 
733) 415562877, 
734) 415571328, 
735) 415858591, 
736) 416363879, 
737) 417475765, 
738) 417549984, 
739) 418850433, 
740) 419118185, 
741) 419374496, 
742) 419668828, 
743) 419817524, 
744) 420716231, 
745) 420900474, 
746) 421637514, 
747) 422030086, 
748) 424061489, 
749) 424729123, 
750) 426165768, 
751) 426713188, 
752) 427837767, 
753) 428424567, 
754) 428552726, 
755) 428659717, 
756) 429860397, 
757) 430335861, 
758) 430587481, 
759) 430772269, 
760) 431102651, 
761) 431454708, 
762) 431749117, 
763) 431841980, 
764) 432264962, 
765) 432421041, 
766) 434035788, 
767) 434212298, 
768) 434584780, 
769) 434854247, 
770) 435064178, 
771) 435503096, 
772) 435637418, 
773) 437046271, 
774) 437316498, 
775) 437594869, 
776) 437743774, 
777) 438701159, 
778) 438809127, 
779) 440852894, 
780) 441173200, 
781) 441627396, 
782) 442544720, 
783) 442801114, 
784) 443057530, 
785) 444457271, 
786) 444630363, 
787) 445428650, 
788) 445444182, 
789) 445643456, 
790) 445961001, 
791) 446342965, 
792) 447524288, 
793) 447616280, 
794) 447836074, 
795) 448604734, 
796) 448626501, 
797) 448661300, 
798) 449242339, 
799) 449552729, 
800) 449703161, 
801) 451787896, 
802) 452560964, 
803) 453192266, 
804) 453204238, 
805) 453335630, 
806) 453461582, 
807) 454587534, 
808) 454674934, 
809) 454900406, 
810) 456629610, 
811) 457077527, 
812) 457779923, 
813) 458003293, 
814) 458277208, 
815) 458639554, 
816) 458740640, 
817) 461055847, 
818) 461087459, 
819) 461238179, 
820) 461980775, 
821) 462062023, 
822) 462280877, 
823) 462654782, 
824) 462705853, 
825) 463160800, 
826) 463556747, 
827) 464380282, 
828) 464658792, 
829) 465207287, 
830) 465531129, 
831) 466970319, 
832) 467643332, 
833) 467882113, 
834) 469536691, 
835) 469896499, 
836) 470310241, 
837) 470552479, 
838) 471437328, 
839) 471758716, 
840) 472827962, 
841) 473275312, 
842) 473477445, 
843) 473773891, 
844) 475449495, 
845) 478123293, 
846) 479159082, 
847) 479293684, 
848) 481159379, 
849) 481214748, 
850) 481390964, 
851) 481632839, 
852) 481930962, 
853) 481991719, 
854) 482217171, 
855) 483837788, 
856) 484982715, 
857) 485177276, 
858) 485229501, 
859) 485690843, 
860) 486148270, 
861) 486353530, 
862) 486426861, 
863) 488263886, 
864) 489244725, 
865) 489738802, 
866) 490515948, 
867) 490911836, 
868) 490940419, 
869) 491943747, 
870) 492411944, 
871) 492579914, 
872) 493899393, 
873) 494248599, 
874) 494344674, 
875) 495717924, 
876) 496721005, 
877) 498308230, 
878) 498891419, 
879) 498948653, 
880) 499621063, 
881) 500133045, 
882) 500694366, 
883) 500964774, 
884) 502023745, 
885) 502830327, 
886) 503566368, 
887) 504149908, 
888) 504938792, 
889) 505597340, 
890) 506760216, 
891) 506939911, 
892) 508436016, 
893) 509128749, 
894) 509539914, 
895) 510572135, 
896) 510966984, 
897) 511237043, 
898) 511759451, 
899) 512496918, 
900) 512838390, 
901) 513304960, 
902) 513376786, 
903) 513773976, 
904) 513839004, 
905) 514081577, 
906) 514741757, 
907) 515056397, 
908) 515452031, 
909) 515606872, 
910) 517422172, 
911) 517698361, 
912) 519823486, 
913) 521049690, 
914) 521076298, 
915) 521188133, 
916) 521246803, 
917) 521883190, 
918) 523187061, 
919) 523624795, 
920) 523680030, 
921) 524280291, 
922) 524429912, 
923) 524477066, 
924) 524779481, 
925) 525086042, 
926) 526645034, 
927) 526790695, 
928) 526940454, 
929) 527091930, 
930) 527738290, 
931) 527767815, 
932) 529530177, 
933) 529668989, 
934) 529752048, 
935) 530090736, 
936) 530189573, 
937) 530515752, 
938) 530955063, 
939) 531284522, 
940) 532300346, 
941) 532427583, 
942) 533199964, 
943) 533542972, 
944) 533607760, 
945) 534366473, 
946) 535893207, 
947) 536012663, 
948) 536045857, 
949) 538696917, 
950) 540329038, 
951) 541083096, 
952) 542109055, 
953) 542335438, 
954) 542406232, 
955) 542546055, 
956) 542706313, 
957) 542979218, 
958) 543117092, 
959) 544739969, 
960) 544982112, 
961) 545373363, 
962) 545752618, 
963) 546989941, 
964) 547291993, 
965) 548096444, 
966) 549432713, 
967) 549502395, 
968) 550927265, 
969) 550992236, 
970) 551485315, 
971) 552614566, 
972) 553539344, 
973) 553730053, 
974) 553804633, 
975) 554659070, 
976) 555990659, 
977) 556025045, 
978) 556336764, 
979) 556370892, 
980) 558423875, 
981) 558942391, 
982) 558958212, 
983) 560129052, 
984) 560498576, 
985) 561490281, 
986) 562240199, 
987) 562274724, 
988) 562466505, 
989) 562680522, 
990) 562918719, 
991) 563085463, 
992) 563102600, 
993) 564150215, 
994) 564660806, 
995) 565329834, 
996) 565947428, 
997) 566233654, 
998) 566357004, 
999) 566906207, 
1000) 567076853, 
1001) 569558898, 
1002) 569923890, 
1003) 570381004, 
1004) 570643872, 
1005) 571040076, 
1006) 571911697, 
1007) 572502479, 
1008) 572738507, 
1009) 573247026, 
1010) 573838815, 
1011) 573932697, 
1012) 574685777, 
1013) 575935668, 
1014) 576193794, 
1015) 576844776, 
1016) 577805373, 
1017) 577894364, 
1018) 578278007, 
1019) 578426849, 
1020) 578940692, 
1021) 579568976, 
1022) 579897067, 
1023) 580701100, 
1024) 580989029, 
1025) 581519598, 
1026) 582718132, 
1027) 582889035, 
1028) 583535430, 
1029) 583923281, 
1030) 585692449, 
1031) 585926787, 
1032) 587171407, 
1033) 587668639, 
1034) 588504808, 
1035) 588992018, 
1036) 589174626, 
1037) 589891235, 
1038) 590560200, 
1039) 591984345, 
1040) 592695523, 
1041) 592867556, 
1042) 592986994, 
1043) 593821285, 
1044) 594153192, 
1045) 595351781, 
1046) 595600663, 
1047) 595768767, 
1048) 596580767, 
1049) 597176273, 
1050) 598149505, 
1051) 598918567, 
1052) 599418693, 
1053) 600065648, 
1054) 600786872, 
1055) 601152210, 
1056) 601234706, 
1057) 601359088, 
1058) 601789868, 
1059) 603132174, 
1060) 604197529, 
1061) 604362249, 
1062) 604614116, 
1063) 604773660, 
1064) 605356981, 
1065) 607757393, 
1066) 608467722, 
1067) 609438219, 
1068) 610157831, 
1069) 610396895, 
1070) 610948911, 
1071) 611268904, 
1072) 611769433, 
1073) 612357845, 
1074) 613075401, 
1075) 613493795, 
1076) 613598515, 
1077) 614663768, 
1078) 615117348, 
1079) 615735829, 
1080) 616753674, 
1081) 616967558, 
1082) 617113733, 
1083) 618560472, 
1084) 619321534, 
1085) 619675523, 
1086) 619740739, 
1087) 620677086, 
1088) 620895459, 
1089) 621157334, 
1090) 621267585, 
1091) 621805282, 
1092) 622019038, 
1093) 622525518, 
1094) 624876521, 
1095) 625053401, 
1096) 625160136, 
1097) 629002228, 
1098) 630402687, 
1099) 630577955, 
1100) 630739045, 
1101) 630939331, 
1102) 630948782, 
1103) 631176194, 
1104) 631791924, 
1105) 632073686, 
1106) 632139555, 
1107) 632156037, 
1108) 632597002, 
1109) 635550648, 
1110) 636002811, 
1111) 637143797, 
1112) 637500600, 
1113) 638924092, 
1114) 639010304, 
1115) 639205085, 
1116) 639274476, 
1117) 639453737, 
1118) 639687289, 
1119) 640021511, 
1120) 640022132, 
1121) 640097142, 
1122) 640625972, 
1123) 641031090, 
1124) 641033892, 
1125) 641740290, 
1126) 642037273, 
1127) 642634744, 
1128) 644558509, 
1129) 644646453, 
1130) 646323227, 
1131) 647030515, 
1132) 647562783, 
1133) 647695781, 
1134) 647979909, 
1135) 648398558, 
1136) 648459614, 
1137) 649520248, 
1138) 649774986, 
1139) 649866807, 
1140) 649919233, 
1141) 650966829, 
1142) 651964547, 
1143) 652265665, 
1144) 652360156, 
1145) 652843524, 
1146) 653029183, 
1147) 654001094, 
1148) 654959091, 
1149) 655783395, 
1150) 656748463, 
1151) 658819149, 
1152) 659189704, 
1153) 660051658, 
1154) 661335382, 
1155) 661657229, 
1156) 661910857, 
1157) 661925500, 
1158) 662069407, 
1159) 662904743, 
1160) 662917206, 
1161) 663060699, 
1162) 663535464, 
1163) 663674728, 
1164) 664206329, 
1165) 665957791, 
1166) 666380040, 
1167) 666630566, 
1168) 666804183, 
1169) 666890057, 
1170) 667023655, 
1171) 667491018, 
1172) 668361534, 
1173) 669179910, 
1174) 669775308, 
1175) 671036746, 
1176) 671280458, 
1177) 671347288, 
1178) 672272531, 
1179) 673621063, 
1180) 674250323, 
1181) 674665828, 
1182) 675607908, 
1183) 676185410, 
1184) 676546764, 
1185) 676978578, 
1186) 677070020, 
1187) 677791033, 
1188) 679346532, 
1189) 679720155, 
1190) 680018614, 
1191) 680157160, 
1192) 683348782, 
1193) 683798724, 
1194) 683951175, 
1195) 684367229, 
1196) 684585001, 
1197) 686119124, 
1198) 686607590, 
1199) 686608564, 
1200) 686957873, 
1201) 687001964, 
1202) 688285106, 
1203) 689239354, 
1204) 689992535, 
1205) 690284546, 
1206) 691100973, 
1207) 691651353, 
1208) 691854720, 
1209) 692977450, 
1210) 693264171, 
1211) 693277634, 
1212) 693832808, 
1213) 693884692, 
1214) 694242786, 
1215) 694265149, 
1216) 696482098, 
1217) 697819367, 
1218) 698122325, 
1219) 698719684, 
1220) 698981110, 
1221) 699129391, 
1222) 699902847, 
1223) 700404803, 
1224) 700567963, 
1225) 701001204, 
1226) 702310175, 
1227) 702440133, 
1228) 705238859, 
1229) 706163970, 
1230) 706438787, 
1231) 706604894, 
1232) 706949818, 
1233) 706959122, 
1234) 707143763, 
1235) 707938127, 
1236) 708190833, 
1237) 708647721, 
1238) 708732479, 
1239) 709051564, 
1240) 709309463, 
1241) 709313519, 
1242) 709695462, 
1243) 710588321, 
1244) 712741921, 
1245) 713370234, 
1246) 713500246, 
1247) 717306014, 
1248) 717575521, 
1249) 717800953, 
1250) 718053960, 
1251) 718460303, 
1252) 718949470, 
1253) 719300463, 
1254) 721388440, 
1255) 722124410, 
1256) 723272512, 
1257) 724188906, 
1258) 725988529, 
1259) 726187379, 
1260) 726743182, 
1261) 726993147, 
1262) 727218961, 
1263) 727237382, 
1264) 727380231, 
1265) 727444593, 
1266) 727620778, 
1267) 727697529, 
1268) 728013576, 
1269) 728576116, 
1270) 728751999, 
1271) 729258813, 
1272) 729829785, 
1273) 729963525, 
1274) 730247008, 
1275) 730272404, 
1276) 730756974, 
1277) 730948382, 
1278) 731162783, 
1279) 731585514, 
1280) 732943133, 
1281) 733419543, 
1282) 734158795, 
1283) 734377788, 
1284) 735130877, 
1285) 738569208, 
1286) 738602252, 
1287) 739238019, 
1288) 739355771, 
1289) 740009694, 
1290) 740304693, 
1291) 740337925, 
1292) 741519757, 
1293) 741892239, 
1294) 741930845, 
1295) 742103900, 
1296) 742504613, 
1297) 742952860, 
1298) 744489050, 
1299) 744502533, 
1300) 744824219, 
1301) 745606252, 
1302) 745692634, 
1303) 745845242, 
1304) 745914764, 
1305) 748090935, 
1306) 749878691, 
1307) 750122828, 
1308) 750588793, 
1309) 751439894, 
1310) 752573776, 
1311) 752669061, 
1312) 752958682, 
1313) 753344174, 
1314) 754186614, 
1315) 754615729, 
1316) 754745051, 
1317) 755307695, 
1318) 755483218, 
1319) 756035505, 
1320) 756165207, 
1321) 756219273, 
1322) 756259252, 
1323) 757600686, 
1324) 758254225, 
1325) 758530337, 
1326) 759212182, 
1327) 760775459, 
1328) 761074065, 
1329) 761188209, 
1330) 761270990, 
1331) 761300797, 
1332) 761680771, 
1333) 762141563, 
1334) 763640395, 
1335) 763819279, 
1336) 764260543, 
1337) 764767024, 
1338) 765074152, 
1339) 765099168, 
1340) 765305500, 
1341) 766270376, 
1342) 767069755, 
1343) 767471213, 
1344) 770071699, 
1345) 770242732, 
1346) 770534122, 
1347) 770585602, 
1348) 770655149, 
1349) 770847509, 
1350) 771074799, 
1351) 771929972, 
1352) 772263462, 
1353) 773161959, 
1354) 773497258, 
1355) 773556847, 
1356) 774899060, 
1357) 774994922, 
1358) 777065189, 
1359) 777982769, 
1360) 779120704, 
1361) 779931856, 
1362) 780258187, 
1363) 780301333, 
1364) 780398030, 
1365) 780612178, 
1366) 780917098, 
1367) 781347057, 
1368) 781674003, 
1369) 781718450, 
1370) 781722894, 
1371) 781848637, 
1372) 782339486, 
1373) 782367409, 
1374) 782606241, 
1375) 783346521, 
1376) 786474393, 
1377) 786539525, 
1378) 790590116, 
1379) 790759100, 
1380) 791334278, 
1381) 793229719, 
1382) 793612636, 
1383) 796130579, 
1384) 797198728, 
1385) 797752955, 
1386) 797937186, 
1387) 797940952, 
1388) 798542686, 
1389) 798709936, 
1390) 798828512, 
1391) 799363636, 
1392) 799747583, 
1393) 799796354, 
1394) 800034979, 
1395) 800490730, 
1396) 800888755, 
1397) 802048033, 
1398) 803101664, 
1399) 803491305, 
1400) 804065719, 
1401) 804219465, 
1402) 804568087, 
1403) 804978688, 
1404) 805037670, 
1405) 805701410, 
1406) 806814649, 
1407) 807535205, 
1408) 811062442, 
1409) 811065670, 
1410) 811278253, 
1411) 811737346, 
1412) 811936383, 
1413) 811967030, 
1414) 812243639, 
1415) 813778237, 
1416) 813928767, 
1417) 816234682, 
1418) 816436088, 
1419) 817025058, 
1420) 817507704, 
1421) 817846363, 
1422) 818161300, 
1423) 818290643, 
1424) 818767711, 
1425) 819518146, 
1426) 819810932, 
1427) 820013548, 
1428) 820711819, 
1429) 820885096, 
1430) 821813501, 
1431) 821814532, 
1432) 825033491, 
1433) 825177516, 
1434) 825310097, 
1435) 825540627, 
1436) 826282727, 
1437) 826367785, 
1438) 826628496, 
1439) 826902907, 
1440) 828246317, 
1441) 828891353, 
1442) 829191488, 
1443) 831422184, 
1444) 832119205, 
1445) 832383271, 
1446) 832585853, 
1447) 833295561, 
1448) 834823227, 
1449) 835345224, 
1450) 836135361, 
1451) 837348718, 
1452) 837797136, 
1453) 838545634, 
1454) 840540418, 
1455) 841777678, 
1456) 841845838, 
1457) 841870850, 
1458) 842690304, 
1459) 844222166, 
1460) 844621927, 
1461) 844953511, 
1462) 844970294, 
1463) 845243534, 
1464) 846497049, 
1465) 846530399, 
1466) 847753515, 
1467) 848646481, 
1468) 849307060, 
1469) 850513783, 
1470) 850657927, 
1471) 850811076, 
1472) 852931062, 
1473) 853091197, 
1474) 853723276, 
1475) 854165159, 
1476) 854891428, 
1477) 854955836, 
1478) 855500335, 
1479) 855764828, 
1480) 856185347, 
1481) 856754793, 
1482) 857590020, 
1483) 858982536, 
1484) 859312965, 
1485) 859928563, 
1486) 861022777, 
1487) 862531067, 
1488) 862864228, 
1489) 863893978, 
1490) 864031156, 
1491) 865210434, 
1492) 865257590, 
1493) 866622260, 
1494) 866887161, 
1495) 867063369, 
1496) 867361148, 
1497) 867465307, 
1498) 868319835, 
1499) 868389116, 
1500) 870835710, 
1501) 870854964, 
1502) 871035886, 
1503) 871350546, 
1504) 871404030, 
1505) 872605307, 
1506) 873353026, 
1507) 873402786, 
1508) 873581848, 
1509) 874464604, 
1510) 874751496, 
1511) 875080127, 
1512) 876859910, 
1513) 878139096, 
1514) 878261159, 
1515) 878776631, 
1516) 879477194, 
1517) 879864643, 
1518) 880066204, 
1519) 880162787, 
1520) 882129867, 
1521) 883422063, 
1522) 883498193, 
1523) 883767692, 
1524) 884526567, 
1525) 885121018, 
1526) 885164926, 
1527) 885541795, 
1528) 886179865, 
1529) 886210318, 
1530) 887198341, 
1531) 887679756, 
1532) 888327514, 
1533) 888927654, 
1534) 889923371, 
1535) 890296039, 
1536) 890861398, 
1537) 891402608, 
1538) 891426746, 
1539) 891468057, 
1540) 891676207, 
1541) 892059170, 
1542) 893003945, 
1543) 895035839, 
1544) 895689418, 
1545) 896532901, 
1546) 896780073, 
1547) 897006452, 
1548) 897714698, 
1549) 897945611, 
1550) 897955646, 
1551) 899203802, 
1552) 899582114, 
1553) 900165716, 
1554) 901142290, 
1555) 902170756, 
1556) 902235143, 
1557) 903208584, 
1558) 903369552, 
1559) 903712991, 
1560) 904332800, 
1561) 905715426, 
1562) 906217853, 
1563) 906605793, 
1564) 906630817, 
1565) 907813712, 
1566) 908049875, 
1567) 908413771, 
1568) 908932155, 
1569) 908963220, 
1570) 909371638, 
1571) 909984099, 
1572) 910773672, 
1573) 911164006, 
1574) 912058168, 
1575) 913089582, 
1576) 913942554, 
1577) 915206436, 
1578) 915231013, 
1579) 916120607, 
1580) 916965615, 
1581) 917792183, 
1582) 919073916, 
1583) 919341317, 
1584) 920559544, 
1585) 920947981, 
1586) 921229926, 
1587) 921493161, 
1588) 922039213, 
1589) 922459585, 
1590) 922808413, 
1591) 924271353, 
1592) 925145452, 
1593) 928063034, 
1594) 928903219, 
1595) 931049088, 
1596) 931328923, 
1597) 931416230, 
1598) 932207640, 
1599) 932496229, 
1600) 934334726, 
1601) 936017842, 
1602) 936033564, 
1603) 936035269, 
1604) 936628600, 
1605) 936759171, 
1606) 937610868, 
1607) 938098139, 
1608) 938994189, 
1609) 939626053, 
1610) 941839358, 
1611) 942739093, 
1612) 943219109, 
1613) 943280582, 
1614) 943321268, 
1615) 943441133, 
1616) 943669712, 
1617) 943742763, 
1618) 944445704, 
1619) 944565694, 
1620) 945110936, 
1621) 946899590, 
1622) 946993012, 
1623) 947237515, 
1624) 947252492, 
1625) 947711675, 
1626) 949073296, 
1627) 949474161, 
1628) 949946647, 
1629) 950044519, 
1630) 951469020, 
1631) 951484028, 
1632) 951612073, 
1633) 951786368, 
1634) 952086048, 
1635) 952457693, 
1636) 952490433, 
1637) 952590306, 
1638) 952605379, 
1639) 952824723, 
1640) 953792051, 
1641) 954290772, 
1642) 955088468, 
1643) 956246487, 
1644) 956278023, 
1645) 957088844, 
1646) 957794675, 
1647) 958305459, 
1648) 959817904, 
1649) 959853174, 
1650) 959867046, 
1651) 961449224, 
1652) 963172535, 
1653) 963671712, 
1654) 965087638, 
1655) 966096108, 
1656) 966161564, 
1657) 966244770, 
1658) 966708502, 
1659) 967184720, 
1660) 967606137, 
1661) 967926492, 
1662) 968123922, 
1663) 968172479, 
1664) 968375434, 
1665) 968785033, 
1666) 968993288, 
1667) 969149978, 
1668) 970191309, 
1669) 970260211, 
1670) 970271852, 
1671) 970470374, 
1672) 970910404, 
1673) 971209300, 
1674) 971468631, 
1675) 971603073, 
1676) 971641868, 
1677) 971866042, 
1678) 972071434, 
1679) 972559035, 
1680) 972887472, 
1681) 973498503, 
1682) 973836403, 
1683) 973882399, 
1684) 975200516, 
1685) 975883198, 
1686) 976006617, 
1687) 976157561, 
1688) 976610936, 
1689) 978032687, 
1690) 978170580, 
1691) 978215344, 
1692) 978771465, 
1693) 979197446, 
1694) 979198186, 
1695) 979772316, 
1696) 981090731, 
1697) 981169648, 
1698) 981576252, 
1699) 982543046, 
1700) 983273224, 
1701) 984264010, 
1702) 984521994, 
1703) 985101283, 
1704) 985556284, 
1705) 985637179, 
1706) 986686867, 
1707) 988355910, 
1708) 990423351, 
1709) 990433265, 
1710) 990628603, 
1711) 991303280, 
1712) 991383095, 
1713) 991413416, 
1714) 991601873, 
1715) 992090362, 
1716) 992402517, 
1717) 993946949, 
1718) 995643564, 
1719) 995891778, 
1720) 996511776, 
1721) 997871208, 
1722) 998237215, 
1723) 998448447, 
1724) 999574321, 
1725) 999765080, 
1726) 999868982, 
1727) 1000848741, 
1728) 1000968859, 
1729) 1001066412, 
1730) 1001125067, 
1731) 1003862721, 
1732) 1005638791, 
1733) 1006494184, 
1734) 1006730361, 
1735) 1007927666, 
1736) 1008310329, 
1737) 1008666166, 
1738) 1012121229, 
1739) 1012598515, 
1740) 1013140063, 
1741) 1013410113, 
1742) 1013636528, 
1743) 1014326892, 
1744) 1014602027, 
1745) 1016214060, 
1746) 1016265320, 
1747) 1016762616, 
1748) 1017735459, 
1749) 1017940140, 
1750) 1018697928, 
1751) 1018832942, 
1752) 1019416093, 
1753) 1019755379, 
1754) 1020027501, 
1755) 1020079562, 
1756) 1022167452, 
1757) 1022186921, 
1758) 1022593603, 
1759) 1022618177, 
1760) 1022758465, 
1761) 1023194247, 
1762) 1024705637, 
1763) 1025311608, 
1764) 1025385379, 
1765) 1026688410, 
1766) 1027375922, 
1767) 1027968680, 
1768) 1028439067, 
1769) 1028782038, 
1770) 1029105150, 
1771) 1029213586, 
1772) 1029219806, 
1773) 1029246129, 
1774) 1029259790, 
1775) 1029369591, 
1776) 1029783297, 
1777) 1030507512, 
1778) 1030836668, 
1779) 1031178313, 
1780) 1031180931, 
1781) 1031227275, 
1782) 1031552266, 
1783) 1032127247, 
1784) 1033934654, 
1785) 1034046348, 
1786) 1034874195, 
1787) 1036927921, 
1788) 1037173535, 
1789) 1038114706, 
1790) 1038912822, 
1791) 1038943641, 
1792) 1040383878, 
1793) 1040588961, 
1794) 1042394459, 
1795) 1042525240, 
1796) 1042545833, 
1797) 1043152804, 
1798) 1043669537, 
1799) 1044311208, 
1800) 1044432543, 
1801) 1044551564, 
1802) 1044622970, 
1803) 1044679350, 
1804) 1045521545, 
1805) 1045757485, 
1806) 1046334664, 
1807) 1046648630, 
1808) 1046926846, 
1809) 1047866223, 
1810) 1049185072, 
1811) 1049635323, 
1812) 1049906088, 
1813) 1050046352, 
1814) 1050362012, 
1815) 1050785420, 
1816) 1053141074, 
1817) 1053451516, 
1818) 1053690391, 
1819) 1055394613, 
1820) 1055804858, 
1821) 1055823779, 
1822) 1056234281, 
1823) 1056477612, 
1824) 1056519877, 
1825) 1058448362, 
1826) 1059184923, 
1827) 1059655692, 
1828) 1060176608, 
1829) 1062703626, 
1830) 1064917917, 
1831) 1064993726, 
1832) 1065155015, 
1833) 1065922784, 
1834) 1066174631, 
1835) 1066780217, 
1836) 1067085660, 
1837) 1067359952, 
1838) 1068268087, 
1839) 1068483958, 
1840) 1069807093, 
1841) 1071840350, 
1842) 1071973949, 
1843) 1072995002, 
1844) 1073151787, 
1845) 1073385321, 
1846) 1073442043, 
1847) 1073949034, 
1848) 1075209282, 
1849) 1077751013, 
1850) 1079669675, 
1851) 1079676528, 
1852) 1080655501, 
1853) 1080920330, 
1854) 1081530266, 
1855) 1081648483, 
1856) 1082232847, 
1857) 1082874169, 
1858) 1082960219, 
1859) 1083046906, 
1860) 1083392914, 
1861) 1083562334, 
1862) 1084133414, 
1863) 1084404956, 
1864) 1084965619, 
1865) 1085071464, 
1866) 1087556955, 
1867) 1088011664, 
1868) 1088681976, 
1869) 1088914299, 
1870) 1091961162, 
1871) 1092989475, 
1872) 1094435566, 
1873) 1095079516, 
1874) 1095599325, 
1875) 1096647276, 
1876) 1096765369, 
1877) 1096938890, 
1878) 1098597979, 
1879) 1098666452, 
1880) 1098670061, 
1881) 1102529543, 
1882) 1104584130, 
1883) 1104698517, 
1884) 1104918890, 
1885) 1105732405, 
1886) 1105867243, 
1887) 1106479958, 
1888) 1106836797, 
1889) 1106987531, 
1890) 1106996753, 
1891) 1107410321, 
1892) 1108224559, 
1893) 1109114498, 
1894) 1109336769, 
1895) 1110877255, 
1896) 1110952934, 
1897) 1112574972, 
1898) 1112769758, 
1899) 1112803862, 
1900) 1113179338, 
1901) 1113407788, 
1902) 1115716000, 
1903) 1116301657, 
1904) 1117612910, 
1905) 1118989487, 
1906) 1119346079, 
1907) 1119896795, 
1908) 1120472653, 
1909) 1121432645, 
1910) 1122826933, 
1911) 1122891187, 
1912) 1124330019, 
1913) 1124716601, 
1914) 1124861506, 
1915) 1125335969, 
1916) 1126517041, 
1917) 1126535809, 
1918) 1126566498, 
1919) 1127050424, 
1920) 1128583507, 
1921) 1128756325, 
1922) 1129418674, 
1923) 1129975813, 
1924) 1130979770, 
1925) 1131220102, 
1926) 1132116350, 
1927) 1132564427, 
1928) 1132614501, 
1929) 1132988515, 
1930) 1133488114, 
1931) 1134997742, 
1932) 1135259015, 
1933) 1136111926, 
1934) 1136116257, 
1935) 1136635284, 
1936) 1137702034, 
1937) 1138694584, 
1938) 1138760333, 
1939) 1139005176, 
1940) 1139783071, 
1941) 1140239838, 
1942) 1141240300, 
1943) 1141997908, 
1944) 1142129334, 
1945) 1142157976, 
1946) 1142188050, 
1947) 1142419415, 
1948) 1142816877, 
1949) 1144210834, 
1950) 1144775000, 
1951) 1145724142, 
1952) 1145987456, 
1953) 1146152719, 
1954) 1146342723, 
1955) 1146590349, 
1956) 1146977482, 
1957) 1147166423, 
1958) 1147238685, 
1959) 1147253843, 
1960) 1149224137, 
1961) 1149228622, 
1962) 1149328333, 
1963) 1150251965, 
1964) 1151663536, 
1965) 1153571811, 
1966) 1153754530, 
1967) 1154086142, 
1968) 1154154609, 
1969) 1155099207, 
1970) 1155291803, 
1971) 1155341204, 
1972) 1155724992, 
1973) 1156210449, 
1974) 1157174796, 
1975) 1157235274, 
1976) 1157404263, 
1977) 1158140309, 
1978) 1158467756, 
1979) 1160832790, 
1980) 1161576516, 
1981) 1163195435, 
1982) 1164139480, 
1983) 1164663064, 
1984) 1165752191, 
1985) 1166225291, 
1986) 1166666099, 
1987) 1166699874, 
1988) 1166832992, 
1989) 1167964198, 
1990) 1168656380, 
1991) 1169778759, 
1992) 1169781019, 
1993) 1170548412, 
1994) 1171450930, 
1995) 1173203329, 
1996) 1173464935, 
1997) 1173961716, 
1998) 1175430619, 
1999) 1175608018, 
2000) 1176063403, 
2001) 1177262036, 
2002) 1177333620, 
2003) 1177366909, 
2004) 1178434310, 
2005) 1178735284, 
2006) 1179444740, 
2007) 1179700715, 
2008) 1180741499, 
2009) 1180993467, 
2010) 1182189858, 
2011) 1182372129, 
2012) 1182527122, 
2013) 1182568139, 
2014) 1183694489, 
2015) 1183796750, 
2016) 1184889458, 
2017) 1184925651, 
2018) 1185852740, 
2019) 1186485046, 
2020) 1186617391, 
2021) 1187528219, 
2022) 1187982520, 
2023) 1188096928, 
2024) 1188169664, 
2025) 1188227599, 
2026) 1188265357, 
2027) 1188281198, 
2028) 1188887914, 
2029) 1189665255, 
2030) 1190017391, 
2031) 1190611041, 
2032) 1191256603, 
2033) 1191323443, 
2034) 1191590578, 
2035) 1192275466, 
2036) 1192668285, 
2037) 1192807964, 
2038) 1193102034, 
2039) 1193181567, 
2040) 1193855889, 
2041) 1193925526, 
2042) 1195350070, 
2043) 1195786809, 
2044) 1196487078, 
2045) 1196535391, 
2046) 1196893821, 
2047) 1197978497, 
2048) 1199643578, 
2049) 1200000907, 
2050) 1200796147, 
2051) 1200920400, 
2052) 1200950855, 
2053) 1201599240, 
2054) 1201620494, 
2055) 1201844987, 
2056) 1201882525, 
2057) 1202054681, 
2058) 1202544682, 
2059) 1202824749, 
2060) 1202930633, 
2061) 1204798821, 
2062) 1205881679, 
2063) 1205978254, 
2064) 1206302880, 
2065) 1207046140, 
2066) 1207629407, 
2067) 1208274270, 
2068) 1208509397, 
2069) 1208841146, 
2070) 1208955823, 
2071) 1210821352, 
2072) 1211046807, 
2073) 1212174428, 
2074) 1212242178, 
2075) 1212414919, 
2076) 1212757599, 
2077) 1212990652, 
2078) 1214791211, 
2079) 1214972891, 
2080) 1215706895, 
2081) 1216360823, 
2082) 1216752843, 
2083) 1217907520, 
2084) 1218711793, 
2085) 1218881337, 
2086) 1219126236, 
2087) 1219793956, 
2088) 1219963821, 
2089) 1220887312, 
2090) 1221221253, 
2091) 1221929467, 
2092) 1222100472, 
2093) 1222174587, 
2094) 1222505686, 
2095) 1223454578, 
2096) 1224282815, 
2097) 1224482268, 
2098) 1224940421, 
2099) 1225767411, 
2100) 1226533608, 
2101) 1226638165, 
2102) 1227237349, 
2103) 1227378044, 
2104) 1227947620, 
2105) 1228364731, 
2106) 1228480815, 
2107) 1228494380, 
2108) 1228554154, 
2109) 1229476630, 
2110) 1229952710, 
2111) 1230019786, 
2112) 1230282882, 
2113) 1231507037, 
2114) 1232280773, 
2115) 1232851159, 
2116) 1233635591, 
2117) 1233757598, 
2118) 1235038654, 
2119) 1235063820, 
2120) 1236099061, 
2121) 1236145887, 
2122) 1236633542, 
2123) 1236677610, 
2124) 1237475022, 
2125) 1238215344, 
2126) 1238541485, 
2127) 1238839320, 
2128) 1239137007, 
2129) 1239491597, 
2130) 1239951505, 
2131) 1240680428, 
2132) 1241314274, 
2133) 1241315938, 
2134) 1241511050, 
2135) 1241722112, 
2136) 1243239802, 
2137) 1243423437, 
2138) 1244167595, 
2139) 1244352977, 
2140) 1245179475, 
2141) 1245778761, 
2142) 1245803760, 
2143) 1246295516, 
2144) 1247502329, 
2145) 1249876364, 
2146) 1250114693, 
2147) 1250440950, 
2148) 1250511618, 
2149) 1251739227, 
2150) 1252066326, 
2151) 1252529234, 
2152) 1252958572, 
2153) 1253038449, 
2154) 1254397179, 
2155) 1255340679, 
2156) 1255426380, 
2157) 1255937025, 
2158) 1256029538, 
2159) 1256162940, 
2160) 1257144239, 
2161) 1257437666, 
2162) 1258434771, 
2163) 1259543224, 
2164) 1260206446, 
2165) 1261813774, 
2166) 1262212582, 
2167) 1262989267, 
2168) 1263378677, 
2169) 1264622869, 
2170) 1265272508, 
2171) 1265885111, 
2172) 1266830046, 
2173) 1267239852, 
2174) 1268155549, 
2175) 1268369317, 
2176) 1270685176, 
2177) 1270732857, 
2178) 1271502309, 
2179) 1271795588, 
2180) 1272581660, 
2181) 1272601202, 
2182) 1272680249, 
2183) 1273152789, 
2184) 1274726476, 
2185) 1276001866, 
2186) 1278086223, 
2187) 1278709796, 
2188) 1278893251, 
2189) 1278991781, 
2190) 1279225158, 
2191) 1279633373, 
2192) 1280456752, 
2193) 1281397240, 
2194) 1282897470, 
2195) 1283160781, 
2196) 1283284425, 
2197) 1283447624, 
2198) 1284217650, 
2199) 1284271854, 
2200) 1284789237, 
2201) 1284899077, 
2202) 1285687868, 
2203) 1286024736, 
2204) 1286162054, 
2205) 1286730435, 
2206) 1286944902, 
2207) 1287346992, 
2208) 1288202463, 
2209) 1289758039, 
2210) 1290844565, 
2211) 1291383306, 
2212) 1291458269, 
2213) 1293317657, 
2214) 1293538832, 
2215) 1293856622, 
2216) 1295600364, 
2217) 1295772566, 
2218) 1295991730, 
2219) 1296404981, 
2220) 1299203325, 
2221) 1300944527, 
2222) 1300979023, 
2223) 1302622240, 
2224) 1303681963, 
2225) 1304333452, 
2226) 1305143630, 
2227) 1305410719, 
2228) 1305688757, 
2229) 1306399003, 
2230) 1306527372, 
2231) 1306771969, 
2232) 1306905029, 
2233) 1307560713, 
2234) 1307628546, 
2235) 1307914711, 
2236) 1308057013, 
2237) 1308211634, 
2238) 1308823646, 
2239) 1309382871, 
2240) 1309397162, 
2241) 1309601211, 
2242) 1310156701, 
2243) 1310573476, 
2244) 1312825554, 
2245) 1313706781, 
2246) 1313877312, 
2247) 1314868109, 
2248) 1315059004, 
2249) 1316037614, 
2250) 1316649148, 
2251) 1317151843, 
2252) 1317547131, 
2253) 1317786873, 
2254) 1318443620, 
2255) 1319505842, 
2256) 1320810114, 
2257) 1322748971, 
2258) 1323920441, 
2259) 1324575716, 
2260) 1324665752, 
2261) 1324721125, 
2262) 1324885662, 
2263) 1325440364, 
2264) 1327152353, 
2265) 1327753326, 
2266) 1328032425, 
2267) 1328106499, 
2268) 1329420777, 
2269) 1330077395, 
2270) 1330147176, 
2271) 1330493020, 
2272) 1330664388, 
2273) 1331108367, 
2274) 1331196723, 
2275) 1331914089, 
2276) 1333031421, 
2277) 1334262198, 
2278) 1334881221, 
2279) 1335257117, 
2280) 1335440346, 
2281) 1336208895, 
2282) 1336368677, 
2283) 1336645199, 
2284) 1338263632, 
2285) 1338296532, 
2286) 1338565997, 
2287) 1338901444, 
2288) 1339050746, 
2289) 1339812564, 
2290) 1340059413, 
2291) 1341258594, 
2292) 1341284473, 
2293) 1341357840, 
2294) 1344419150, 
2295) 1345687354, 
2296) 1345941335, 
2297) 1347758777, 
2298) 1347807027, 
2299) 1348252836, 
2300) 1348256826, 
2301) 1348595311, 
2302) 1349472103, 
2303) 1350021805, 
2304) 1350646858, 
2305) 1351238857, 
2306) 1352271953, 
2307) 1352757346, 
2308) 1353192854, 
2309) 1353514856, 
2310) 1354046904, 
2311) 1354185354, 
2312) 1354246005, 
2313) 1354285443, 
2314) 1354481116, 
2315) 1355944961, 
2316) 1356611594, 
2317) 1357149247, 
2318) 1357854982, 
2319) 1358205144, 
2320) 1358329424, 
2321) 1360571923, 
2322) 1360631695, 
2323) 1360714475, 
2324) 1362366734, 
2325) 1362485555, 
2326) 1362802804, 
2327) 1362944504, 
2328) 1363626370, 
2329) 1364224296, 
2330) 1364254568, 
2331) 1365035555, 
2332) 1366780056, 
2333) 1368079806, 
2334) 1369007183, 
2335) 1369616655, 
2336) 1370302220, 
2337) 1370480032, 
2338) 1370614419, 
2339) 1370656745, 
2340) 1370837391, 
2341) 1371314104, 
2342) 1372017323, 
2343) 1372174645, 
2344) 1372425409, 
2345) 1372738012, 
2346) 1372759412, 
2347) 1373417468, 
2348) 1373432293, 
2349) 1374215141, 
2350) 1376054686, 
2351) 1377689060, 
2352) 1377732287, 
2353) 1378141331, 
2354) 1379215956, 
2355) 1379976996, 
2356) 1380767908, 
2357) 1383972903, 
2358) 1383988596, 
2359) 1385077903, 
2360) 1387821485, 
2361) 1387875432, 
2362) 1388136448, 
2363) 1388337330, 
2364) 1388529974, 
2365) 1388996136, 
2366) 1389308929, 
2367) 1389509321, 
2368) 1390595654, 
2369) 1390735903, 
2370) 1391087356, 
2371) 1391324423, 
2372) 1392220231, 
2373) 1392432974, 
2374) 1392834162, 
2375) 1393656047, 
2376) 1395091670, 
2377) 1395224559, 
2378) 1395380938, 
2379) 1395691871, 
2380) 1396447117, 
2381) 1399664651, 
2382) 1400206505, 
2383) 1400949243, 
2384) 1400999136, 
2385) 1403461166, 
2386) 1404845017, 
2387) 1406689328, 
2388) 1407617071, 
2389) 1407993256, 
2390) 1408497139, 
2391) 1409038087, 
2392) 1409161626, 
2393) 1409533247, 
2394) 1411308795, 
2395) 1412123593, 
2396) 1412521903, 
2397) 1412938160, 
2398) 1413244195, 
2399) 1413388779, 
2400) 1414739872, 
2401) 1414957606, 
2402) 1415131599, 
2403) 1415923783, 
2404) 1416019302, 
2405) 1416084225, 
2406) 1417165246, 
2407) 1417442124, 
2408) 1418757825, 
2409) 1418813521, 
2410) 1419075877, 
2411) 1421583478, 
2412) 1421820661, 
2413) 1422847363, 
2414) 1423014941, 
2415) 1424621497, 
2416) 1425056023, 
2417) 1427177789, 
2418) 1427480684, 
2419) 1427988483, 
2420) 1428488389, 
2421) 1430169557, 
2422) 1430264083, 
2423) 1430489847, 
2424) 1430876762, 
2425) 1433443775, 
2426) 1434868562, 
2427) 1435096071, 
2428) 1436023840, 
2429) 1437468978, 
2430) 1438178612, 
2431) 1438420351, 
2432) 1438685871, 
2433) 1439136387, 
2434) 1439280888, 
2435) 1440346318, 
2436) 1441918379, 
2437) 1442011338, 
2438) 1442220637, 
2439) 1442239974, 
2440) 1443028704, 
2441) 1445498462, 
2442) 1445539308, 
2443) 1447528803, 
2444) 1447975932, 
2445) 1449451973, 
2446) 1450847072, 
2447) 1451314633, 
2448) 1451489904, 
2449) 1451810671, 
2450) 1453482801, 
2451) 1453988139, 
2452) 1454037131, 
2453) 1454715985, 
2454) 1456020673, 
2455) 1456298951, 
2456) 1456799592, 
2457) 1457162223, 
2458) 1457435023, 
2459) 1457523464, 
2460) 1458919035, 
2461) 1458933731, 
2462) 1459006851, 
2463) 1459307318, 
2464) 1460048888, 
2465) 1461399880, 
2466) 1461414132, 
2467) 1462380528, 
2468) 1463343317, 
2469) 1463975181, 
2470) 1463987501, 
2471) 1464215156, 
2472) 1464238081, 
2473) 1465051350, 
2474) 1465092455, 
2475) 1465157660, 
2476) 1465546360, 
2477) 1465618760, 
2478) 1466267537, 
2479) 1466622198, 
2480) 1466999080, 
2481) 1467358165, 
2482) 1468302616, 
2483) 1468481780, 
2484) 1470703705, 
2485) 1470888142, 
2486) 1471215051, 
2487) 1471657277, 
2488) 1472177133, 
2489) 1473036390, 
2490) 1473516954, 
2491) 1473827381, 
2492) 1473876741, 
2493) 1474667307, 
2494) 1476300600, 
2495) 1476317167, 
2496) 1476684584, 
2497) 1476689417, 
2498) 1477160305, 
2499) 1477210624, 
2500) 1478088302, 
2501) 1478291120, 
2502) 1479801124, 
2503) 1480787597, 
2504) 1480961336, 
2505) 1481348071, 
2506) 1481410198, 
2507) 1481669956, 
2508) 1481687380, 
2509) 1482169721, 
2510) 1483347693, 
2511) 1483950814, 
2512) 1484125524, 
2513) 1484743711, 
2514) 1485759924, 
2515) 1486147100, 
2516) 1486669502, 
2517) 1486921327, 
2518) 1486935084, 
2519) 1487369791, 
2520) 1487746241, 
2521) 1488195476, 
2522) 1488417374, 
2523) 1488643696, 
2524) 1488690501, 
2525) 1488822804, 
2526) 1491044617, 
2527) 1491139302, 
2528) 1491338218, 
2529) 1492023306, 
2530) 1492383070, 
2531) 1493071215, 
2532) 1493203286, 
2533) 1494682022, 
2534) 1495210555, 
2535) 1495966953, 
2536) 1495991063, 
2537) 1497426920, 
2538) 1497475497, 
2539) 1497864936, 
2540) 1501014493, 
2541) 1502244087, 
2542) 1502776341, 
2543) 1502991101, 
2544) 1504187964, 
2545) 1505162884, 
2546) 1505471680, 
2547) 1505539910, 
2548) 1506626092, 
2549) 1506652548, 
2550) 1507095793, 
2551) 1507300070, 
2552) 1507522625, 
2553) 1507560694, 
2554) 1507989283, 
2555) 1508264132, 
2556) 1508902074, 
2557) 1509423283, 
2558) 1510321876, 
2559) 1510432335, 
2560) 1510987003, 
2561) 1511069063, 
2562) 1512061407, 
2563) 1512493093, 
2564) 1512586715, 
2565) 1513618992, 
2566) 1514740097, 
2567) 1514786731, 
2568) 1514861755, 
2569) 1515000614, 
2570) 1515300093, 
2571) 1516510590, 
2572) 1516884561, 
2573) 1517509842, 
2574) 1518656893, 
2575) 1518830468, 
2576) 1519710735, 
2577) 1520762473, 
2578) 1521675898, 
2579) 1522630574, 
2580) 1523083813, 
2581) 1523151824, 
2582) 1523258561, 
2583) 1523356562, 
2584) 1524126591, 
2585) 1524755146, 
2586) 1525098792, 
2587) 1525587294, 
2588) 1526577395, 
2589) 1527394082, 
2590) 1527480348, 
2591) 1527493133, 
2592) 1527755735, 
2593) 1527808610, 
2594) 1527875047, 
2595) 1527946235, 
2596) 1528289557, 
2597) 1528819140, 
2598) 1529019360, 
2599) 1529898491, 
2600) 1530494780, 
2601) 1530517634, 
2602) 1531392433, 
2603) 1533154194, 
2604) 1536285433, 
2605) 1536777722, 
2606) 1537143068, 
2607) 1537759545, 
2608) 1538622475, 
2609) 1538726219, 
2610) 1539413846, 
2611) 1539746542, 
2612) 1540082932, 
2613) 1540641444, 
2614) 1540940568, 
2615) 1541017811, 
2616) 1541229743, 
2617) 1541347709, 
2618) 1541854366, 
2619) 1543155013, 
2620) 1543588948, 
2621) 1544723059, 
2622) 1544913302, 
2623) 1545238044, 
2624) 1546053642, 
2625) 1546319053, 
2626) 1547065430, 
2627) 1547656480, 
2628) 1548255237, 
2629) 1550157119, 
2630) 1551136670, 
2631) 1552112120, 
2632) 1552357905, 
2633) 1553624772, 
2634) 1554218090, 
2635) 1556447715, 
2636) 1558110406, 
2637) 1558187787, 
2638) 1558349316, 
2639) 1562746023, 
2640) 1562794954, 
2641) 1563094037, 
2642) 1563978023, 
2643) 1564082108, 
2644) 1565181448, 
2645) 1566453786, 
2646) 1567713524, 
2647) 1568334554, 
2648) 1568855662, 
2649) 1569113589, 
2650) 1569237353, 
2651) 1569426751, 
2652) 1570984646, 
2653) 1571737416, 
2654) 1571831211, 
2655) 1572537988, 
2656) 1572983010, 
2657) 1574829863, 
2658) 1576950401, 
2659) 1576977456, 
2660) 1577638991, 
2661) 1577730159, 
2662) 1578897471, 
2663) 1579756968, 
2664) 1579903097, 
2665) 1580357082, 
2666) 1580896388, 
2667) 1581527306, 
2668) 1581639563, 
2669) 1582442115, 
2670) 1583270462, 
2671) 1584145264, 
2672) 1584668621, 
2673) 1585290798, 
2674) 1585302352, 
2675) 1585680299, 
2676) 1586181829, 
2677) 1586185434, 
2678) 1588166783, 
2679) 1588351759, 
2680) 1589168364, 
2681) 1589198737, 
2682) 1589315854, 
2683) 1589469947, 
2684) 1589691839, 
2685) 1589915827, 
2686) 1590499459, 
2687) 1593716314, 
2688) 1593725776, 
2689) 1594022290, 
2690) 1594397915, 
2691) 1594560540, 
2692) 1594663827, 
2693) 1595095525, 
2694) 1595263659, 
2695) 1596516606, 
2696) 1596569552, 
2697) 1596900966, 
2698) 1597653739, 
2699) 1598867762, 
2700) 1599478414, 
2701) 1599749952, 
2702) 1600359569, 
2703) 1600787402, 
2704) 1603295012, 
2705) 1603999846, 
2706) 1604966371, 
2707) 1606098833, 
2708) 1606279718, 
2709) 1606507588, 
2710) 1607206768, 
2711) 1607421430, 
2712) 1608032983, 
2713) 1608410089, 
2714) 1608574634, 
2715) 1608797555, 
2716) 1608968281, 
2717) 1609897775, 
2718) 1609900340, 
2719) 1610173569, 
2720) 1610443898, 
2721) 1611113024, 
2722) 1612525913, 
2723) 1612770478, 
2724) 1614060791, 
2725) 1616246914, 
2726) 1616567303, 
2727) 1617089683, 
2728) 1618086920, 
2729) 1620970832, 
2730) 1622023315, 
2731) 1622275607, 
2732) 1623607814, 
2733) 1624021078, 
2734) 1624154208, 
2735) 1624437529, 
2736) 1624858368, 
2737) 1625281335, 
2738) 1626345409, 
2739) 1626866764, 
2740) 1627063538, 
2741) 1627589480, 
2742) 1628164813, 
2743) 1628735772, 
2744) 1628937122, 
2745) 1629559698, 
2746) 1631211530, 
2747) 1632361623, 
2748) 1632574515, 
2749) 1634357167, 
2750) 1634385664, 
2751) 1636910275, 
2752) 1637183717, 
2753) 1638128467, 
2754) 1638246103, 
2755) 1638252863, 
2756) 1638901068, 
2757) 1639214023, 
2758) 1639378565, 
2759) 1640117048, 
2760) 1640166180, 
2761) 1640402517, 
2762) 1641074977, 
2763) 1641316415, 
2764) 1641946506, 
2765) 1642115729, 
2766) 1642927472, 
2767) 1643354976, 
2768) 1643842690, 
2769) 1644014169, 
2770) 1644675685, 
2771) 1645117049, 
2772) 1645149742, 
2773) 1645245719, 
2774) 1645362307, 
2775) 1645504519, 
2776) 1646052275, 
2777) 1646189817, 
2778) 1646498834, 
2779) 1646993768, 
2780) 1647165764, 
2781) 1647984383, 
2782) 1648319381, 
2783) 1649383141, 
2784) 1649428139, 
2785) 1649468643, 
2786) 1649657980, 
2787) 1649961814, 
2788) 1650622949, 
2789) 1650869955, 
2790) 1651194524, 
2791) 1653112927, 
2792) 1653986063, 
2793) 1654733996, 
2794) 1655571471, 
2795) 1656283934, 
2796) 1656755867, 
2797) 1656856234, 
2798) 1656893407, 
2799) 1657376656, 
2800) 1657984086, 
2801) 1658237266, 
2802) 1658952831, 
2803) 1660284059, 
2804) 1661095042, 
2805) 1661919296, 
2806) 1662329142, 
2807) 1662935431, 
2808) 1663339282, 
2809) 1664092781, 
2810) 1665924090, 
2811) 1666606541, 
2812) 1666658645, 
2813) 1667275718, 
2814) 1669467880, 
2815) 1669809493, 
2816) 1671737078, 
2817) 1671889255, 
2818) 1672537552, 
2819) 1674015078, 
2820) 1674204658, 
2821) 1674450473, 
2822) 1676394650, 
2823) 1676518856, 
2824) 1677712491, 
2825) 1677995440, 
2826) 1679134854, 
2827) 1679889436, 
2828) 1681224112, 
2829) 1681404784, 
2830) 1682397510, 
2831) 1682400230, 
2832) 1683539810, 
2833) 1685004388, 
2834) 1685077555, 
2835) 1685936791, 
2836) 1686150479, 
2837) 1686174385, 
2838) 1686185586, 
2839) 1688801029, 
2840) 1689744264, 
2841) 1693039370, 
2842) 1693473347, 
2843) 1693640068, 
2844) 1694039235, 
2845) 1694369081, 
2846) 1694559410, 
2847) 1694808336, 
2848) 1695615195, 
2849) 1697116257, 
2850) 1697611980, 
2851) 1697665458, 
2852) 1697682676, 
2853) 1699020585, 
2854) 1700205130, 
2855) 1701373154, 
2856) 1701921484, 
2857) 1702042410, 
2858) 1703345897, 
2859) 1703708281, 
2860) 1703755257, 
2861) 1703924774, 
2862) 1707012689, 
2863) 1707222178, 
2864) 1707665592, 
2865) 1708263638, 
2866) 1708902752, 
2867) 1709577012, 
2868) 1710000918, 
2869) 1710306445, 
2870) 1711478312, 
2871) 1711493289, 
2872) 1713003041, 
2873) 1713185307, 
2874) 1714481072, 
2875) 1714929794, 
2876) 1716803609, 
2877) 1717038782, 
2878) 1717667842, 
2879) 1717824004, 
2880) 1717948766, 
2881) 1718121127, 
2882) 1718184806, 
2883) 1718449753, 
2884) 1718472293, 
2885) 1718565749, 
2886) 1719346589, 
2887) 1719693238, 
2888) 1721932811, 
2889) 1722016589, 
2890) 1723510996, 
2891) 1723683519, 
2892) 1724692829, 
2893) 1724990263, 
2894) 1725468815, 
2895) 1725727741, 
2896) 1727240916, 
2897) 1727583294, 
2898) 1727852573, 
2899) 1728742790, 
2900) 1728887645, 
2901) 1728946658, 
2902) 1728963674, 
2903) 1729857667, 
2904) 1729933429, 
2905) 1730452744, 
2906) 1731211000, 
2907) 1731284164, 
2908) 1731654580, 
2909) 1732467335, 
2910) 1732895417, 
2911) 1733410524, 
2912) 1734372760, 
2913) 1734435147, 
2914) 1734618232, 
2915) 1735722922, 
2916) 1735861066, 
2917) 1735927423, 
2918) 1736247689, 
2919) 1736439630, 
2920) 1737127449, 
2921) 1737903565, 
2922) 1738383057, 
2923) 1738406675, 
2924) 1738468088, 
2925) 1738780055, 
2926) 1738970078, 
2927) 1739617623, 
2928) 1739726736, 
2929) 1739896764, 
2930) 1739923013, 
2931) 1739926445, 
2932) 1740051539, 
2933) 1741820499, 
2934) 1742021347, 
2935) 1742195683, 
2936) 1742382805, 
2937) 1743118535, 
2938) 1743640144, 
2939) 1743837859, 
2940) 1744218845, 
2941) 1744226615, 
2942) 1744300857, 
2943) 1744394583, 
2944) 1744704283, 
2945) 1744815237, 
2946) 1745954284, 
2947) 1746545689, 
2948) 1748997003, 
2949) 1749508339, 
2950) 1750626224, 
2951) 1751514635, 
2952) 1751688172, 
2953) 1751719013, 
2954) 1751995404, 
2955) 1752081698, 
2956) 1752489541, 
2957) 1752895647, 
2958) 1753850912, 
2959) 1754820864, 
2960) 1754934013, 
2961) 1755167070, 
2962) 1756056216, 
2963) 1756061629, 
2964) 1756683199, 
2965) 1756954366, 
2966) 1757052587, 
2967) 1757587685, 
2968) 1758413089, 
2969) 1758543201, 
2970) 1760060561, 
2971) 1760290307, 
2972) 1760629179, 
2973) 1761297287, 
2974) 1761474793, 
2975) 1762311643, 
2976) 1762551795, 
2977) 1764306481, 
2978) 1764475794, 
2979) 1765119745, 
2980) 1766133092, 
2981) 1766764047, 
2982) 1766939462, 
2983) 1767216078, 
2984) 1768107739, 
2985) 1769584806, 
2986) 1771096542, 
2987) 1771124520, 
2988) 1771875392, 
2989) 1774052196, 
2990) 1774738505, 
2991) 1775605641, 
2992) 1775642033, 
2993) 1775802857, 
2994) 1776616068, 
2995) 1778071430, 
2996) 1778518867, 
2997) 1778664794, 
2998) 1778676456, 
2999) 1780509296, 
3000) 1781606606, 
3001) 1781984871, 
3002) 1782419811, 
3003) 1784800085, 
3004) 1785351559, 
3005) 1786386766, 
3006) 1787084778, 
3007) 1788174461, 
3008) 1788931293, 
3009) 1789773915, 
3010) 1790354228, 
3011) 1790534280, 
3012) 1791718333, 
3013) 1791979261, 
3014) 1792740369, 
3015) 1793365458, 
3016) 1793415515, 
3017) 1794552472, 
3018) 1794812648, 
3019) 1795307696, 
3020) 1796955618, 
3021) 1800198429, 
3022) 1800289237, 
3023) 1801541570, 
3024) 1801571416, 
3025) 1801862927, 
3026) 1802058982, 
3027) 1802375816, 
3028) 1802586774, 
3029) 1802824964, 
3030) 1803144031, 
3031) 1803328302, 
3032) 1804073599, 
3033) 1804562923, 
3034) 1804851574, 
3035) 1804927464, 
3036) 1805167392, 
3037) 1806661018, 
3038) 1807642183, 
3039) 1809163121, 
3040) 1811937538, 
3041) 1813277411, 
3042) 1814701778, 
3043) 1815915323, 
3044) 1816281638, 
3045) 1816362865, 
3046) 1818247554, 
3047) 1818776708, 
3048) 1818934872, 
3049) 1820064838, 
3050) 1820416177, 
3051) 1820972616, 
3052) 1821962425, 
3053) 1822262338, 
3054) 1823120277, 
3055) 1823593691, 
3056) 1824046632, 
3057) 1824081563, 
3058) 1825651456, 
3059) 1826011685, 
3060) 1826933553, 
3061) 1828164246, 
3062) 1829059378, 
3063) 1829399373, 
3064) 1830861834, 
3065) 1831113792, 
3066) 1831945193, 
3067) 1832878419, 
3068) 1832881077, 
3069) 1833148073, 
3070) 1833889303, 
3071) 1834107391, 
3072) 1834708025, 
3073) 1835035148, 
3074) 1835452382, 
3075) 1835659087, 
3076) 1835685911, 
3077) 1835986895, 
3078) 1837143274, 
3079) 1837714247, 
3080) 1838728010, 
3081) 1838814477, 
3082) 1839267254, 
3083) 1840512651, 
3084) 1840601131, 
3085) 1840987551, 
3086) 1841044541, 
3087) 1841187844, 
3088) 1841437588, 
3089) 1841449561, 
3090) 1841674760, 
3091) 1841860902, 
3092) 1842187997, 
3093) 1842491654, 
3094) 1842615174, 
3095) 1842769631, 
3096) 1843024917, 
3097) 1843675841, 
3098) 1843818406, 
3099) 1844333085, 
3100) 1844975515, 
3101) 1845851773, 
3102) 1846388473, 
3103) 1846970867, 
3104) 1847231559, 
3105) 1847650603, 
3106) 1847738920, 
3107) 1848176453, 
3108) 1849609094, 
3109) 1849659619, 
3110) 1849806192, 
3111) 1849820782, 
3112) 1850165141, 
3113) 1850170939, 
3114) 1850572234, 
3115) 1852254486, 
3116) 1852305013, 
3117) 1852592766, 
3118) 1853208043, 
3119) 1853390016, 
3120) 1854787594, 
3121) 1856102793, 
3122) 1856167144, 
3123) 1857131483, 
3124) 1858309555, 
3125) 1858367867, 
3126) 1858628387, 
3127) 1858735173, 
3128) 1858740198, 
3129) 1860194221, 
3130) 1860947403, 
3131) 1860990849, 
3132) 1861143264, 
3133) 1861547103, 
3134) 1861671096, 
3135) 1862449318, 
3136) 1862771186, 
3137) 1864315863, 
3138) 1865369548, 
3139) 1866624168, 
3140) 1866726763, 
3141) 1866815999, 
3142) 1867222162, 
3143) 1867364026, 
3144) 1867732056, 
3145) 1868530368, 
3146) 1869345097, 
3147) 1870666573, 
3148) 1871602488, 
3149) 1871732951, 
3150) 1872187109, 
3151) 1874328449, 
3152) 1874631264, 
3153) 1874783723, 
3154) 1875019201, 
3155) 1875837364, 
3156) 1875943541, 
3157) 1877264420, 
3158) 1877541549, 
3159) 1877662579, 
3160) 1878031785, 
3161) 1878519382, 
3162) 1879027682, 
3163) 1879613729, 
3164) 1880657666, 
3165) 1881978758, 
3166) 1882195077, 
3167) 1882855664, 
3168) 1882957157, 
3169) 1884309182, 
3170) 1884396339, 
3171) 1884683107, 
3172) 1884868089, 
3173) 1885267521, 
3174) 1885399909, 
3175) 1885560775, 
3176) 1885564935, 
3177) 1887103070, 
3178) 1887146022, 
3179) 1888118191, 
3180) 1888394365, 
3181) 1890136684, 
3182) 1890302177, 
3183) 1890522321, 
3184) 1890802072, 
3185) 1890812425, 
3186) 1890872202, 
3187) 1891051628, 
3188) 1891533436, 
3189) 1891703090, 
3190) 1893506964, 
3191) 1894097079, 
3192) 1894165028, 
3193) 1894328588, 
3194) 1894393030, 
3195) 1894887285, 
3196) 1895612231, 
3197) 1895613654, 
3198) 1896120817, 
3199) 1896463500, 
3200) 1896487439, 
3201) 1897603160, 
3202) 1899173154, 
3203) 1900213276, 
3204) 1900554184, 
3205) 1900794765, 
3206) 1901194816, 
3207) 1901470784, 
3208) 1902076534, 
3209) 1902099150, 
3210) 1902502830, 
3211) 1902942425, 
3212) 1903514497, 
3213) 1903835763, 
3214) 1903855595, 
3215) 1903927189, 
3216) 1904197202, 
3217) 1905585023, 
3218) 1905852663, 
3219) 1905884067, 
3220) 1906247861, 
3221) 1906398391, 
3222) 1907302650, 
3223) 1908063882, 
3224) 1908606563, 
3225) 1908914875, 
3226) 1909260740, 
3227) 1909323451, 
3228) 1910247423, 
3229) 1910268923, 
3230) 1910605543, 
3231) 1911564854, 
3232) 1913207877, 
3233) 1914061028, 
3234) 1914362406, 
3235) 1914374273, 
3236) 1914514884, 
3237) 1914916378, 
3238) 1915333159, 
3239) 1915644007, 
3240) 1915841901, 
3241) 1916733381, 
3242) 1916965393, 
3243) 1917316963, 
3244) 1918205898, 
3245) 1918508314, 
3246) 1918547450, 
3247) 1918679953, 
3248) 1920383304, 
3249) 1920616605, 
3250) 1920672059, 
3251) 1922118872, 
3252) 1922376385, 
3253) 1923768917, 
3254) 1925608424, 
3255) 1925787498, 
3256) 1925885389, 
3257) 1926024210, 
3258) 1926031420, 
3259) 1926966507, 
3260) 1927632490, 
3261) 1928627764, 
3262) 1929283249, 
3263) 1929351583, 
3264) 1929781361, 
3265) 1930564227, 
3266) 1931172040, 
3267) 1931344244, 
3268) 1931969786, 
3269) 1932380099, 
3270) 1932590503, 
3271) 1932779069, 
3272) 1933052019, 
3273) 1934132316, 
3274) 1934622940, 
3275) 1934776841, 
3276) 1935038713, 
3277) 1935657207, 
3278) 1936774304, 
3279) 1937354138, 
3280) 1937588555, 
3281) 1937593795, 
3282) 1937822694, 
3283) 1938742995, 
3284) 1939672038, 
3285) 1939934809, 
3286) 1939986766, 
3287) 1940994048, 
3288) 1941742130, 
3289) 1942738595, 
3290) 1943232293, 
3291) 1944220658, 
3292) 1945646327, 
3293) 1946306724, 
3294) 1946445906, 
3295) 1946856667, 
3296) 1947883896, 
3297) 1948072438, 
3298) 1949109662, 
3299) 1949995519, 
3300) 1950254889, 
3301) 1950660583, 
3302) 1954059428, 
3303) 1954317123, 
3304) 1954384139, 
3305) 1955161768, 
3306) 1956412744, 
3307) 1957000845, 
3308) 1957033647, 
3309) 1957044708, 
3310) 1957987408, 
3311) 1959016406, 
3312) 1959507321, 
3313) 1959660300, 
3314) 1960242290, 
3315) 1960650833, 
3316) 1961885120, 
3317) 1961906697, 
3318) 1962827000, 
3319) 1962985611, 
3320) 1963753837, 
3321) 1963827200, 
3322) 1964541426, 
3323) 1965222807, 
3324) 1965780585, 
3325) 1966185953, 
3326) 1966356826, 
3327) 1966849028, 
3328) 1966882345, 
3329) 1967137797, 
3330) 1967253130, 
3331) 1968548986, 
3332) 1968974161, 
3333) 1969175957, 
3334) 1969506431, 
3335) 1970489208, 
3336) 1971078034, 
3337) 1972779755, 
3338) 1972978188, 
3339) 1973255258, 
3340) 1973481003, 
3341) 1973562986, 
3342) 1974708996, 
3343) 1974829633, 
3344) 1975464199, 
3345) 1975735705, 
3346) 1975813472, 
3347) 1976845412, 
3348) 1978574484, 
3349) 1978917879, 
3350) 1979051415, 
3351) 1979359453, 
3352) 1980222738, 
3353) 1980503224, 
3354) 1980627728, 
3355) 1981546505, 
3356) 1981938860, 
3357) 1982804725, 
3358) 1982804926, 
3359) 1983154377, 
3360) 1984364615, 
3361) 1984567858, 
3362) 1984608502, 
3363) 1984642719, 
3364) 1984978677, 
3365) 1985205583, 
3366) 1985662573, 
3367) 1985926421, 
3368) 1986527982, 
3369) 1986995472, 
3370) 1987775556, 
3371) 1989539637, 
3372) 1991240370, 
3373) 1991357440, 
3374) 1991361952, 
3375) 1991467462, 
3376) 1991680698, 
3377) 1992865729, 
3378) 1993001794, 
3379) 1993820034, 
3380) 1994231235, 
3381) 1994356280, 
3382) 1994857721, 
3383) 1995707254, 
3384) 1996923350, 
3385) 1998166173, 
3386) 1999624679, 
3387) 1999809322, 
3388) 2000455240, 
3389) 2000752216, 
3390) 2000796866, 
3391) 2002745692, 
3392) 2002912036, 
3393) 2003158074, 
3394) 2004085764, 
3395) 2005202892, 
3396) 2005791394, 
3397) 2006707010, 
3398) 2007775845, 
3399) 2008564674, 
3400) 2009025184, 
3401) 2010009744, 
3402) 2011069867, 
3403) 2012044100, 
3404) 2013427543, 
3405) 2013528092, 
3406) 2013613481, 
3407) 2014902190, 
3408) 2015051898, 
3409) 2015084001, 
3410) 2019101542, 
3411) 2019675069, 
3412) 2019694901, 
3413) 2021538582, 
3414) 2021630665, 
3415) 2022323249, 
3416) 2022335731, 
3417) 2022461369, 
3418) 2022946613, 
3419) 2023541943, 
3420) 2024181215, 
3421) 2024487083, 
3422) 2024975686, 
3423) 2025382464, 
3424) 2025393146, 
3425) 2025426557, 
3426) 2026147648, 
3427) 2026399159, 
3428) 2026582922, 
3429) 2026637956, 
3430) 2027210653, 
3431) 2027264238, 
3432) 2028668042, 
3433) 2028739099, 
3434) 2029082064, 
3435) 2029493035, 
3436) 2029665303, 
3437) 2030111672, 
3438) 2030300813, 
3439) 2032123720, 
3440) 2032243623, 
3441) 2032640151, 
3442) 2032754537, 
3443) 2033232901, 
3444) 2033359954, 
3445) 2036120378, 
3446) 2036338893, 
3447) 2036365577, 
3448) 2036603528, 
3449) 2036753731, 
3450) 2037455822, 
3451) 2037579285, 
3452) 2038585345, 
3453) 2039553311, 
3454) 2039954811, 
3455) 2040157690, 
3456) 2040445891, 
3457) 2040925278, 
3458) 2041769569, 
3459) 2042012446, 
3460) 2042503209, 
3461) 2042859728, 
3462) 2043057004, 
3463) 2043305387, 
3464) 2043323111, 
3465) 2043736657, 
3466) 2043768061, 
3467) 2044215536, 
3468) 2044926030, 
3469) 2045456677, 
3470) 2045884684, 
3471) 2045896343, 
3472) 2045898254, 
3473) 2046291889, 
3474) 2046417507, 
3475) 2047871017, 
3476) 2048121074, 
3477) 2050289264, 
3478) 2050472867, 
3479) 2051092356, 
3480) 2051228655, 
3481) 2051535585, 
3482) 2051588912, 
3483) 2052162732, 
3484) 2052577298, 
3485) 2053339543, 
3486) 2054410550, 
3487) 2055195717, 
3488) 2055622974, 
3489) 2056240575, 
3490) 2056265040, 
3491) 2056408597, 
3492) 2056558099, 
3493) 2058346611, 
3494) 2058436488, 
3495) 2058757971, 
3496) 2059057643, 
3497) 2060471109, 
3498) 2060510652, 
3499) 2061022392, 
3500) 2061220190, 
3501) 2064023858, 
3502) 2064094248, 
3503) 2064866665, 
3504) 2066425645, 
3505) 2067357893, 
3506) 2067559941, 
3507) 2069152477, 
3508) 2069162915, 
3509) 2069781236, 
3510) 2069802939, 
3511) 2070631759, 
3512) 2070841632, 
3513) 2071421054, 
3514) 2072273606, 
3515) 2072807859, 
3516) 2072956391, 
3517) 2073390979, 
3518) 2073954137, 
3519) 2074792411, 
3520) 2075371096, 
3521) 2076590598, 
3522) 2077214747, 
3523) 2077808493, 
3524) 2078980023, 
3525) 2079172349, 
3526) 2079335349, 
3527) 2079794817, 
3528) 2080079724, 
3529) 2080574598, 
3530) 2081218333, 
3531) 2082063929, 
3532) 2082397514, 
3533) 2082752169, 
3534) 2083099773, 
3535) 2083937286, 
3536) 2084258867, 
3537) 2084800273, 
3538) 2085196317, 
3539) 2085675516, 
3540) 2085836678, 
3541) 2087388135, 
3542) 2088661703, 
3543) 2088942755, 
3544) 2089183865, 
3545) 2090370349, 
3546) 2090504396, 
3547) 2090607020, 
3548) 2090788144, 
3549) 2090807325, 
3550) 2090948854, 
3551) 2091118319, 
3552) 2091369198, 
3553) 2092328209, 
3554) 2093252066, 
3555) 2093505945, 
3556) 2093835757, 
3557) 2094418021, 
3558) 2094610695, 
3559) 2094716643, 
3560) 2095078205, 
3561) 2095184185, 
3562) 2095815028, 
3563) 2095855396, 
3564) 2096151863, 
3565) 2097665623, 
3566) 2097855241, 
3567) 2099195779, 
3568) 2100247566, 
3569) 2101958325, 
3570) 2102505737, 
3571) 2103452389, 
3572) 2103460230, 
3573) 2103805961, 
3574) 2104424795, 
3575) 2104835801, 
3576) 2105922583, 
3577) 2106373757, 
3578) 2107068491, 
3579) 2107498591, 
3580) 2107521308, 
3581) 2108497738, 
3582) 2108833668, 
3583) 2111395025, 
3584) 2112065860, 
3585) 2112296065, 
3586) 2113162961, 
3587) 2113283938, 
3588) 2113590655, 
3589) 2115410652, 
3590) 2116149339, 
3591) 2117632833, 
3592) 2119180064, 
3593) 2119382211, 
3594) 2119544068, 
3595) 2120099935, 
3596) 2120432376, 
3597) 2121786285, 
3598) 2121887695, 
3599) 2122494928, 
3600) 2123872887, 
3601) 2123873515, 
3602) 2124866720, 
3603) 2126863435, 
3604) 2127576955, 
3605) 2127994932, 
3606) 2128143804, 
3607) 2129166525, 
3608) 2129962883, 
3609) 2130269007, 
3610) 2131210700, 
3611) 2131399249, 
3612) 2131532566, 
3613) 2131719182, 
3614) 2131880674, 
3615) 2132901333, 
3616) 2133837961, 
3617) 2134557279, 
3618) 2135732246, 
3619) 2136477247, 
3620) 2136925348, 
3621) 2137538595, 
3622) 2138576230, 
3623) 2138933910, 
3624) 2139932715, 
3625) 2141996290, 
3626) 2142931802, 
3627) 2143055102, 
3628) 2144956738, 
3629) 2145740120, 
3630) 2146146011, 
3631) 2148075424, 
3632) 2148424368, 
3633) 2148449789, 
3634) 2149064770, 
3635) 2150662148, 
3636) 2151714655, 
3637) 2152874071, 
3638) 2153001642, 
3639) 2153787934, 
3640) 2154804574, 
3641) 2156585360, 
3642) 2157723692, 
3643) 2157949175, 
3644) 2158929883, 
3645) 2160216098, 
3646) 2160402182, 
3647) 2160966041, 
3648) 2160966278, 
3649) 2161060778, 
3650) 2161543098, 
3651) 2162469389, 
3652) 2162861462, 
3653) 2165093084, 
3654) 2165105539, 
3655) 2165597008, 
3656) 2166084467, 
3657) 2166973231, 
3658) 2167044164, 
3659) 2167457861, 
3660) 2167634135, 
3661) 2167818259, 
3662) 2169148140, 
3663) 2169434619, 
3664) 2170435004, 
3665) 2172284318, 
3666) 2173210559, 
3667) 2173979031, 
3668) 2174156524, 
3669) 2174423903, 
3670) 2175503104, 
3671) 2176031579, 
3672) 2177791572, 
3673) 2178469441, 
3674) 2178558376, 
3675) 2179535320, 
3676) 2181176420, 
3677) 2182369928, 
3678) 2182937636, 
3679) 2183113937, 
3680) 2183605218, 
3681) 2183719588, 
3682) 2183971949, 
3683) 2184027916, 
3684) 2184233191, 
3685) 2184603127, 
3686) 2184896632, 
3687) 2186613779, 
3688) 2186727502, 
3689) 2186848717, 
3690) 2187819929, 
3691) 2188873429, 
3692) 2188976605, 
3693) 2189231807, 
3694) 2190061390, 
3695) 2190704941, 
3696) 2190795124, 
3697) 2191180330, 
3698) 2191884899, 
3699) 2192303631, 
3700) 2193272021, 
3701) 2193451845, 
3702) 2194151247, 
3703) 2195257894, 
3704) 2195821776, 
3705) 2196077374, 
3706) 2196303587, 
3707) 2196406413, 
3708) 2196544882, 
3709) 2196661899, 
3710) 2198266802, 
3711) 2198339015, 
3712) 2198547286, 
3713) 2199060085, 
3714) 2199501669, 
3715) 2200442264, 
3716) 2200455383, 
3717) 2200849181, 
3718) 2200896486, 
3719) 2201550346, 
3720) 2201718762, 
3721) 2202135858, 
3722) 2202875755, 
3723) 2203516435, 
3724) 2203672308, 
3725) 2204027439, 
3726) 2205342840, 
3727) 2205845117, 
3728) 2206173477, 
3729) 2206835951, 
3730) 2207529357, 
3731) 2208679347, 
3732) 2209025776, 
3733) 2209848248, 
3734) 2210683161, 
3735) 2211050406, 
3736) 2211974457, 
3737) 2213491500, 
3738) 2213735668, 
3739) 2214177692, 
3740) 2214688017, 
3741) 2215729031, 
3742) 2215798612, 
3743) 2215931101, 
3744) 2216183036, 
3745) 2216460653, 
3746) 2216696798, 
3747) 2217676958, 
3748) 2217972291, 
3749) 2218495040, 
3750) 2218526676, 
3751) 2220515537, 
3752) 2221235051, 
3753) 2221654962, 
3754) 2222116534, 
3755) 2222118698, 
3756) 2222686153, 
3757) 2223387525, 
3758) 2225555074, 
3759) 2227985351, 
3760) 2228436089, 
3761) 2228914554, 
3762) 2229289416, 
3763) 2230690619, 
3764) 2230945670, 
3765) 2231070325, 
3766) 2231693468, 
3767) 2232100730, 
3768) 2233270655, 
3769) 2233413669, 
3770) 2233874708, 
3771) 2234237448, 
3772) 2234884056, 
3773) 2235292053, 
3774) 2236336516, 
3775) 2237450466, 
3776) 2237582344, 
3777) 2238752840, 
3778) 2239102013, 
3779) 2239173839, 
3780) 2239225217, 
3781) 2240252619, 
3782) 2240320228, 
3783) 2240477210, 
3784) 2241051998, 
3785) 2241383238, 
3786) 2241433872, 
3787) 2241854755, 
3788) 2241876951, 
3789) 2242521822, 
3790) 2242887338, 
3791) 2243599142, 
3792) 2243689103, 
3793) 2243921686, 
3794) 2245047864, 
3795) 2245949151, 
3796) 2246020814, 
3797) 2247371685, 
3798) 2247499049, 
3799) 2247959265, 
3800) 2248182955, 
3801) 2249073983, 
3802) 2249324942, 
3803) 2250534411, 
3804) 2251463144, 
3805) 2251599015, 
3806) 2252686898, 
3807) 2254145595, 
3808) 2254332917, 
3809) 2254884133, 
3810) 2256065888, 
3811) 2256180283, 
3812) 2256394340, 
3813) 2257083762, 
3814) 2257541728, 
3815) 2258993808, 
3816) 2259392776, 
3817) 2260102693, 
3818) 2261856513, 
3819) 2261903830, 
3820) 2261922442, 
3821) 2262545930, 
3822) 2263533874, 
3823) 2263621529, 
3824) 2265296875, 
3825) 2265802367, 
3826) 2266285336, 
3827) 2266291627, 
3828) 2268165380, 
3829) 2268452766, 
3830) 2269348191, 
3831) 2270083029, 
3832) 2271703182, 
3833) 2271900637, 
3834) 2272225022, 
3835) 2273047383, 
3836) 2274274133, 
3837) 2274924749, 
3838) 2275174917, 
3839) 2275302409, 
3840) 2275551881, 
3841) 2276232641, 
3842) 2276358018, 
3843) 2276766607, 
3844) 2277335318, 
3845) 2277974785, 
3846) 2277985023, 
3847) 2278412147, 
3848) 2278535502, 
3849) 2278877575, 
3850) 2279397152, 
3851) 2280098131, 
3852) 2280357192, 
3853) 2282523008, 
3854) 2282571466, 
3855) 2285560924, 
3856) 2285766279, 
3857) 2285871398, 
3858) 2285948324, 
3859) 2286075362, 
3860) 2286321783, 
3861) 2286917346, 
3862) 2286940045, 
3863) 2287099045, 
3864) 2287408466, 
3865) 2287932387, 
3866) 2288145239, 
3867) 2289013702, 
3868) 2289061537, 
3869) 2289325769, 
3870) 2290185275, 
3871) 2290818560, 
3872) 2290913189, 
3873) 2290951259, 
3874) 2291365632, 
3875) 2292139000, 
3876) 2292225073, 
3877) 2293224105, 
3878) 2294173657, 
3879) 2294751005, 
3880) 2294997002, 
3881) 2295154650, 
3882) 2295400131, 
3883) 2295495394, 
3884) 2295867006, 
3885) 2296043869, 
3886) 2296608273, 
3887) 2296741285, 
3888) 2297603688, 
3889) 2298108807, 
3890) 2298708505, 
3891) 2299091477, 
3892) 2299371123, 
3893) 2300219884, 
3894) 2301132214, 
3895) 2302043324, 
3896) 2302337642, 
3897) 2302595651, 
3898) 2303373520, 
3899) 2303420355, 
3900) 2304597688, 
3901) 2304993502, 
3902) 2306499014, 
3903) 2306680330, 
3904) 2307442011, 
3905) 2308278624, 
3906) 2308452023, 
3907) 2309017393, 
3908) 2309280800, 
3909) 2309673767, 
3910) 2310914486, 
3911) 2311923949, 
3912) 2311963252, 
3913) 2312277291, 
3914) 2312888551, 
3915) 2313191884, 
3916) 2313813407, 
3917) 2314997918, 
3918) 2315592125, 
3919) 2315830231, 
3920) 2316238838, 
3921) 2316259664, 
3922) 2316629060, 
3923) 2316800991, 
3924) 2316950678, 
3925) 2318859625, 
3926) 2318976265, 
3927) 2319534262, 
3928) 2319708176, 
3929) 2320622369, 
3930) 2321609067, 
3931) 2321843556, 
3932) 2322139707, 
3933) 2323159275, 
3934) 2323650316, 
3935) 2323935256, 
3936) 2324305890, 
3937) 2324345126, 
3938) 2324535362, 
3939) 2328323930, 
3940) 2329189108, 
3941) 2329265164, 
3942) 2332769500, 
3943) 2332802780, 
3944) 2333515088, 
3945) 2333539840, 
3946) 2333792857, 
3947) 2334391031, 
3948) 2336967902, 
3949) 2337184825, 
3950) 2337433293, 
3951) 2338053449, 
3952) 2338795704, 
3953) 2338846239, 
3954) 2339263999, 
3955) 2339883965, 
3956) 2340594239, 
3957) 2341061155, 
3958) 2341225053, 
3959) 2341330808, 
3960) 2342524875, 
3961) 2342772263, 
3962) 2343171921, 
3963) 2343640450, 
3964) 2343733027, 
3965) 2343904423, 
3966) 2343964050, 
3967) 2344773035, 
3968) 2345284494, 
3969) 2345919317, 
3970) 2346334581, 
3971) 2347425149, 
3972) 2348102924, 
3973) 2348118003, 
3974) 2348402614, 
3975) 2348841525, 
3976) 2350976475, 
3977) 2351928570, 
3978) 2353231624, 
3979) 2353344041, 
3980) 2353692924, 
3981) 2354100014, 
3982) 2354271868, 
3983) 2354419363, 
3984) 2355123321, 
3985) 2355147989, 
3986) 2355463283, 
3987) 2355932747, 
3988) 2356301398, 
3989) 2357972539, 
3990) 2358237035, 
3991) 2358530450, 
3992) 2358561358, 
3993) 2358851324, 
3994) 2359636804, 
3995) 2361017367, 
3996) 2361273025, 
3997) 2361331148, 
3998) 2362532330, 
3999) 2363498162, 
4000) 2363916336, 
4001) 2363966366, 
4002) 2364247574, 
4003) 2365031298, 
4004) 2367729187, 
4005) 2368267153, 
4006) 2368478844, 
4007) 2368654305, 
4008) 2368812205, 
4009) 2369050671, 
4010) 2369145728, 
4011) 2369199070, 
4012) 2369624148, 
4013) 2371347988, 
4014) 2372241130, 
4015) 2372319679, 
4016) 2372503252, 
4017) 2373270043, 
4018) 2374637557, 
4019) 2374784562, 
4020) 2378248145, 
4021) 2379354336, 
4022) 2379881850, 
4023) 2380545706, 
4024) 2380809669, 
4025) 2381092090, 
4026) 2384192426, 
4027) 2385365329, 
4028) 2386070679, 
4029) 2386588486, 
4030) 2386877185, 
4031) 2387274248, 
4032) 2387381925, 
4033) 2387517583, 
4034) 2387537859, 
4035) 2389109146, 
4036) 2389514332, 
4037) 2390182615, 
4038) 2392667717, 
4039) 2393549747, 
4040) 2395073181, 
4041) 2395599912, 
4042) 2395784354, 
4043) 2396075801, 
4044) 2396776566, 
4045) 2397377402, 
4046) 2399435012, 
4047) 2399614117, 
4048) 2399660830, 
4049) 2401376537, 
4050) 2402155882, 
4051) 2402334947, 
4052) 2404728093, 
4053) 2405290803, 
4054) 2405651936, 
4055) 2405925693, 
4056) 2406877047, 
4057) 2407276513, 
4058) 2408507946, 
4059) 2408543387, 
4060) 2409345603, 
4061) 2409645379, 
4062) 2410958142, 
4063) 2411053903, 
4064) 2412305251, 
4065) 2412352872, 
4066) 2412767092, 
4067) 2413501610, 
4068) 2413759869, 
4069) 2414934419, 
4070) 2415325169, 
4071) 2415569243, 
4072) 2416572412, 
4073) 2416851543, 
4074) 2416969045, 
4075) 2417177131, 
4076) 2417334963, 
4077) 2417626727, 
4078) 2417650428, 
4079) 2418653539, 
4080) 2419941826, 
4081) 2419959550, 
4082) 2420480770, 
4083) 2423385839, 
4084) 2423684899, 
4085) 2425947726, 
4086) 2426396240, 
4087) 2427351654, 
4088) 2430861892, 
4089) 2431473293, 
4090) 2431680485, 
4091) 2432824193, 
4092) 2435305990, 
4093) 2435660794, 
4094) 2435974929, 
4095) 2436514645, 
4096) 2436614503, 
4097) 2437173212, 
4098) 2437508281, 
4099) 2437725616, 
4100) 2437797539, 
4101) 2438085804, 
4102) 2438269467, 
4103) 2438473406, 
4104) 2438503602, 
4105) 2439354754, 
4106) 2439529544, 
4107) 2440357698, 
4108) 2441326967, 
4109) 2442255729, 
4110) 2442638687, 
4111) 2443324445, 
4112) 2444572162, 
4113) 2444608581, 
4114) 2445077211, 
4115) 2445270231, 
4116) 2447349404, 
4117) 2447582532, 
4118) 2449116946, 
4119) 2449142209, 
4120) 2449606659, 
4121) 2449736572, 
4122) 2450238605, 
4123) 2450833433, 
4124) 2451355140, 
4125) 2452361725, 
4126) 2452588017, 
4127) 2452909469, 
4128) 2453256121, 
4129) 2453304623, 
4130) 2453552697, 
4131) 2454070624, 
4132) 2455431886, 
4133) 2456299335, 
4134) 2456497688, 
4135) 2456581570, 
4136) 2456922965, 
4137) 2457696150, 
4138) 2457923396, 
4139) 2458280085, 
4140) 2458666895, 
4141) 2459065981, 
4142) 2459257622, 
4143) 2460644835, 
4144) 2461093444, 
4145) 2461810420, 
4146) 2461969284, 
4147) 2462138295, 
4148) 2462639390, 
4149) 2463442921, 
4150) 2463639541, 
4151) 2463807625, 
4152) 2464082078, 
4153) 2465376655, 
4154) 2466099945, 
4155) 2466645176, 
4156) 2467879714, 
4157) 2468112397, 
4158) 2470218968, 
4159) 2470343684, 
4160) 2471486094, 
4161) 2472832936, 
4162) 2473081239, 
4163) 2473785688, 
4164) 2473913863, 
4165) 2474728261, 
4166) 2475106829, 
4167) 2475327985, 
4168) 2475499973, 
4169) 2476964922, 
4170) 2477041501, 
4171) 2477301369, 
4172) 2477314018, 
4173) 2477818850, 
4174) 2478079257, 
4175) 2478428568, 
4176) 2478862952, 
4177) 2478908258, 
4178) 2479027925, 
4179) 2479069677, 
4180) 2479768746, 
4181) 2481293398, 
4182) 2481616637, 
4183) 2482078321, 
4184) 2482484188, 
4185) 2482507197, 
4186) 2482986698, 
4187) 2483298677, 
4188) 2483584289, 
4189) 2483803444, 
4190) 2484285813, 
4191) 2484505494, 
4192) 2485304275, 
4193) 2485397070, 
4194) 2487880980, 
4195) 2489715166, 
4196) 2489716063, 
4197) 2490401667, 
4198) 2490468051, 
4199) 2491530894, 
4200) 2491744042, 
4201) 2492562311, 
4202) 2492962964, 
4203) 2493366197, 
4204) 2493543246, 
4205) 2494302794, 
4206) 2495498686, 
4207) 2495658808, 
4208) 2496499645, 
4209) 2497596415, 
4210) 2497597668, 
4211) 2498045671, 
4212) 2498133202, 
4213) 2498531754, 
4214) 2498632663, 
4215) 2499367974, 
4216) 2499655098, 
4217) 2501369929, 
4218) 2501648311, 
4219) 2501890932, 
4220) 2503473611, 
4221) 2503932348, 
4222) 2505106242, 
4223) 2505120704, 
4224) 2505892628, 
4225) 2506598633, 
4226) 2506688915, 
4227) 2507951811, 
4228) 2508326201, 
4229) 2508327627, 
4230) 2508959448, 
4231) 2509092689, 
4232) 2509260426, 
4233) 2511394706, 
4234) 2511782290, 
4235) 2511926075, 
4236) 2512752945, 
4237) 2512931286, 
4238) 2513016708, 
4239) 2513134604, 
4240) 2514184521, 
4241) 2515243556, 
4242) 2515455415, 
4243) 2516200246, 
4244) 2518317008, 
4245) 2520037799, 
4246) 2520142680, 
4247) 2521604649, 
4248) 2521868727, 
4249) 2522721484, 
4250) 2522731276, 
4251) 2523119418, 
4252) 2523442969, 
4253) 2524011729, 
4254) 2524564370, 
4255) 2525168886, 
4256) 2525429417, 
4257) 2525962780, 
4258) 2526297056, 
4259) 2526354145, 
4260) 2526462577, 
4261) 2527689414, 
4262) 2528654423, 
4263) 2528699568, 
4264) 2529299587, 
4265) 2529439561, 
4266) 2529488255, 
4267) 2530137583, 
4268) 2530595291, 
4269) 2531060928, 
4270) 2531642138, 
4271) 2532442063, 
4272) 2533269220, 
4273) 2533481911, 
4274) 2533752858, 
4275) 2533968320, 
4276) 2535048747, 
4277) 2537441584, 
4278) 2538123383, 
4279) 2538485198, 
4280) 2538500108, 
4281) 2539295609, 
4282) 2541351800, 
4283) 2542006471, 
4284) 2542163443, 
4285) 2542331681, 
4286) 2543016616, 
4287) 2544517616, 
4288) 2544536559, 
4289) 2545472408, 
4290) 2545693883, 
4291) 2545701564, 
4292) 2545908354, 
4293) 2547504836, 
4294) 2547675341, 
4295) 2548441748, 
4296) 2548644840, 
4297) 2550647444, 
4298) 2552358428, 
4299) 2552868973, 
4300) 2552906376, 
4301) 2555687417, 
4302) 2555692255, 
4303) 2555980923, 
4304) 2556232334, 
4305) 2557549273, 
4306) 2558545254, 
4307) 2558995253, 
4308) 2559161338, 
4309) 2560641246, 
4310) 2561176319, 
4311) 2561253010, 
4312) 2561619999, 
4313) 2561848402, 
4314) 2562314110, 
4315) 2562774045, 
4316) 2563251920, 
4317) 2564984718, 
4318) 2565261690, 
4319) 2565337757, 
4320) 2565750835, 
4321) 2565775748, 
4322) 2566216871, 
4323) 2566835734, 
4324) 2567103867, 
4325) 2567216736, 
4326) 2568163221, 
4327) 2568799090, 
4328) 2569406639, 
4329) 2569486044, 
4330) 2570105625, 
4331) 2570360858, 
4332) 2570452175, 
4333) 2570610434, 
4334) 2570684791, 
4335) 2570838112, 
4336) 2571100529, 
4337) 2572084807, 
4338) 2572534737, 
4339) 2572727534, 
4340) 2573377503, 
4341) 2573459902, 
4342) 2573935820, 
4343) 2576154197, 
4344) 2576501658, 
4345) 2576584974, 
4346) 2576594739, 
4347) 2577411270, 
4348) 2578255192, 
4349) 2578466353, 
4350) 2579118984, 
4351) 2579687456, 
4352) 2579840878, 
4353) 2580083349, 
4354) 2580829040, 
4355) 2581350893, 
4356) 2581470323, 
4357) 2581944442, 
4358) 2582460503, 
4359) 2582518288, 
4360) 2582702248, 
4361) 2582747795, 
4362) 2583522296, 
4363) 2584076858, 
4364) 2584157033, 
4365) 2584687255, 
4366) 2584863301, 
4367) 2585057494, 
4368) 2589118766, 
4369) 2590977269, 
4370) 2591526682, 
4371) 2593099716, 
4372) 2594199823, 
4373) 2594500786, 
4374) 2594562905, 
4375) 2597580778, 
4376) 2597639628, 
4377) 2597803537, 
4378) 2599073534, 
4379) 2601340876, 
4380) 2602051855, 
4381) 2604926169, 
4382) 2604963251, 
4383) 2606074013, 
4384) 2606240081, 
4385) 2606287825, 
4386) 2606635614, 
4387) 2606952907, 
4388) 2607393040, 
4389) 2607757228, 
4390) 2608456195, 
4391) 2609883830, 
4392) 2610548052, 
4393) 2610993457, 
4394) 2611903052, 
4395) 2612315908, 
4396) 2613509713, 
4397) 2613608376, 
4398) 2613820489, 
4399) 2616155919, 
4400) 2616402062, 
4401) 2618478555, 
4402) 2619381562, 
4403) 2620525680, 
4404) 2621526019, 
4405) 2621732955, 
4406) 2622016723, 
4407) 2622049457, 
4408) 2622543159, 
4409) 2622593937, 
4410) 2623746553, 
4411) 2624322376, 
4412) 2624707913, 
4413) 2624765061, 
4414) 2625229924, 
4415) 2625510129, 
4416) 2626287472, 
4417) 2628232087, 
4418) 2630269320, 
4419) 2630978409, 
4420) 2631154852, 
4421) 2633620419, 
4422) 2633890001, 
4423) 2634826472, 
4424) 2635662660, 
4425) 2635733832, 
4426) 2636091398, 
4427) 2637785944, 
4428) 2637868238, 
4429) 2638079577, 
4430) 2638461985, 
4431) 2639454450, 
4432) 2641808577, 
4433) 2641988844, 
4434) 2642623941, 
4435) 2643158811, 
4436) 2643699528, 
4437) 2644570628, 
4438) 2645828906, 
4439) 2647088114, 
4440) 2647822873, 
4441) 2648100303, 
4442) 2649509121, 
4443) 2651660757, 
4444) 2652449533, 
4445) 2653428995, 
4446) 2653708345, 
4447) 2653848848, 
4448) 2654377155, 
4449) 2654705326, 
4450) 2655248621, 
4451) 2656166620, 
4452) 2656355274, 
4453) 2657055093, 
4454) 2657140457, 
4455) 2657342439, 
4456) 2658069928, 
4457) 2658316110, 
4458) 2658563871, 
4459) 2658719024, 
4460) 2659202542, 
4461) 2659213774, 
4462) 2659240101, 
4463) 2662609274, 
4464) 2662987142, 
4465) 2663389194, 
4466) 2663512690, 
4467) 2663903605, 
4468) 2664864721, 
4469) 2665529186, 
4470) 2666501564, 
4471) 2666755627, 
4472) 2667005630, 
4473) 2667189496, 
4474) 2667286707, 
4475) 2668285221, 
4476) 2670203271, 
4477) 2670463668, 
4478) 2672753705, 
4479) 2672874258, 
4480) 2673134975, 
4481) 2673510115, 
4482) 2673806839, 
4483) 2674294148, 
4484) 2674891007, 
4485) 2675718952, 
4486) 2677089832, 
4487) 2677460060, 
4488) 2678067042, 
4489) 2679103546, 
4490) 2679593477, 
4491) 2680427994, 
4492) 2680763939, 
4493) 2681206000, 
4494) 2681387217, 
4495) 2682441553, 
4496) 2683675855, 
4497) 2684103161, 
4498) 2684175670, 
4499) 2685082987, 
4500) 2686714499, 
4501) 2686822306, 
4502) 2688332857, 
4503) 2688333896, 
4504) 2688558991, 
4505) 2689987896, 
4506) 2690014189, 
4507) 2690626501, 
4508) 2691920668, 
4509) 2692347975, 
4510) 2692600095, 
4511) 2692674873, 
4512) 2692811169, 
4513) 2693991487, 
4514) 2694774058, 
4515) 2694825920, 
4516) 2694860870, 
4517) 2694984910, 
4518) 2695576900, 
4519) 2696246909, 
4520) 2696413100, 
4521) 2696683249, 
4522) 2696935266, 
4523) 2697610570, 
4524) 2699424635, 
4525) 2700112822, 
4526) 2701037133, 
4527) 2701135776, 
4528) 2701319699, 
4529) 2701759801, 
4530) 2702724925, 
4531) 2704806253, 
4532) 2704924423, 
4533) 2705705638, 
4534) 2705806216, 
4535) 2706029147, 
4536) 2706611832, 
4537) 2708490099, 
4538) 2708988559, 
4539) 2710130854, 
4540) 2710369129, 
4541) 2710465321, 
4542) 2710908351, 
4543) 2712760181, 
4544) 2713082235, 
4545) 2715184711, 
4546) 2715486312, 
4547) 2715692510, 
4548) 2715990776, 
4549) 2717057772, 
4550) 2719124388, 
4551) 2720476589, 
4552) 2720538422, 
4553) 2720939438, 
4554) 2721261136, 
4555) 2721324629, 
4556) 2721697586, 
4557) 2722290636, 
4558) 2722306103, 
4559) 2723176853, 
4560) 2724915196, 
4561) 2724982144, 
4562) 2726136946, 
4563) 2726332117, 
4564) 2728152847, 
4565) 2728932340, 
4566) 2729373173, 
4567) 2729705892, 
4568) 2729810648, 
4569) 2730277429, 
4570) 2730451878, 
4571) 2730491057, 
4572) 2730866189, 
4573) 2731547975, 
4574) 2731913048, 
4575) 2732434912, 
4576) 2732840868, 
4577) 2733242419, 
4578) 2733505094, 
4579) 2733523639, 
4580) 2735990047, 
4581) 2736372332, 
4582) 2736865886, 
4583) 2736903460, 
4584) 2736988765, 
4585) 2737190534, 
4586) 2738644768, 
4587) 2741368364, 
4588) 2741405520, 
4589) 2741553041, 
4590) 2741855326, 
4591) 2741921728, 
4592) 2741927587, 
4593) 2742110404, 
4594) 2742240953, 
4595) 2742451345, 
4596) 2743794404, 
4597) 2744498924, 
4598) 2745047963, 
4599) 2745514183, 
4600) 2745532704, 
4601) 2745884157, 
4602) 2747254532, 
4603) 2747804109, 
4604) 2748057835, 
4605) 2748484818, 
4606) 2748937092, 
4607) 2748971614, 
4608) 2749151355, 
4609) 2749799676, 
4610) 2750241560, 
4611) 2751571764, 
4612) 2751792311, 
4613) 2752387830, 
4614) 2752718563, 
4615) 2754566917, 
4616) 2755015629, 
4617) 2756289804, 
4618) 2757545746, 
4619) 2759478211, 
4620) 2759985146, 
4621) 2760317592, 
4622) 2761179898, 
4623) 2761950613, 
4624) 2762670680, 
4625) 2763073145, 
4626) 2763606710, 
4627) 2763834672, 
4628) 2764030595, 
4629) 2764985392, 
4630) 2767321430, 
4631) 2767430894, 
4632) 2767545800, 
4633) 2769764272, 
4634) 2770754596, 
4635) 2770798110, 
4636) 2770847413, 
4637) 2771898631, 
4638) 2772495345, 
4639) 2772927107, 
4640) 2775460604, 
4641) 2775469823, 
4642) 2775787159, 
4643) 2776620759, 
4644) 2777695303, 
4645) 2778053037, 
4646) 2779411436, 
4647) 2780148921, 
4648) 2780219712, 
4649) 2780447263, 
4650) 2780487645, 
4651) 2781220761, 
4652) 2782404332, 
4653) 2782479380, 
4654) 2782623621, 
4655) 2783010979, 
4656) 2783079638, 
4657) 2783171505, 
4658) 2783919689, 
4659) 2784973817, 
4660) 2785356053, 
4661) 2785965595, 
4662) 2786373529, 
4663) 2786470159, 
4664) 2787097836, 
4665) 2788269301, 
4666) 2788400780, 
4667) 2788616057, 
4668) 2789595527, 
4669) 2790123542, 
4670) 2790517047, 
4671) 2790795349, 
4672) 2791029693, 
4673) 2791117123, 
4674) 2791651841, 
4675) 2791949342, 
4676) 2792870614, 
4677) 2792942361, 
4678) 2793827298, 
4679) 2796240517, 
4680) 2796464574, 
4681) 2797533986, 
4682) 2797659433, 
4683) 2797779149, 
4684) 2798578017, 
4685) 2798694388, 
4686) 2798809186, 
4687) 2798959508, 
4688) 2798964455, 
4689) 2799482676, 
4690) 2799958201, 
4691) 2800073757, 
4692) 2801103517, 
4693) 2801173012, 
4694) 2801658508, 
4695) 2802298555, 
4696) 2802932646, 
4697) 2803495837, 
4698) 2803894200, 
4699) 2804103021, 
4700) 2804369138, 
4701) 2804380042, 
4702) 2804470354, 
4703) 2804804331, 
4704) 2805008251, 
4705) 2805704845, 
4706) 2805740587, 
4707) 2806674594, 
4708) 2809304629, 
4709) 2811088544, 
4710) 2811452967, 
4711) 2812654256, 
4712) 2813143370, 
4713) 2814168949, 
4714) 2814768575, 
4715) 2815498161, 
4716) 2815610298, 
4717) 2815612140, 
4718) 2815954858, 
4719) 2815966993, 
4720) 2816415916, 
4721) 2816902733, 
4722) 2817207422, 
4723) 2817741788, 
4724) 2818833663, 
4725) 2819161851, 
4726) 2819688110, 
4727) 2820143302, 
4728) 2821995144, 
4729) 2822128916, 
4730) 2823564442, 
4731) 2824705883, 
4732) 2826778171, 
4733) 2826781425, 
4734) 2829562774, 
4735) 2830669324, 
4736) 2831293196, 
4737) 2831307223, 
4738) 2831712369, 
4739) 2833546839, 
4740) 2834272442, 
4741) 2834423956, 
4742) 2834425898, 
4743) 2834478657, 
4744) 2835389347, 
4745) 2836101644, 
4746) 2836109342, 
4747) 2837337947, 
4748) 2837560303, 
4749) 2837566057, 
4750) 2839273967, 
4751) 2839599872, 
4752) 2839635503, 
4753) 2840859357, 
4754) 2842069490, 
4755) 2843036207, 
4756) 2843097513, 
4757) 2843391422, 
4758) 2844083442, 
4759) 2844448925, 
4760) 2846084496, 
4761) 2846957312, 
4762) 2847940007, 
4763) 2848131803, 
4764) 2848171998, 
4765) 2848461377, 
4766) 2848501784, 
4767) 2849630924, 
4768) 2850037321, 
4769) 2852719082, 
4770) 2852733212, 
4771) 2853142113, 
4772) 2853262999, 
4773) 2853801876, 
4774) 2854201537, 
4775) 2855013459, 
4776) 2855069422, 
4777) 2856998811, 
4778) 2858575290, 
4779) 2858663958, 
4780) 2859470864, 
4781) 2859542524, 
4782) 2859737749, 
4783) 2860940279, 
4784) 2861109785, 
4785) 2861119230, 
4786) 2861165444, 
4787) 2861649936, 
4788) 2862329281, 
4789) 2862981781, 
4790) 2864495659, 
4791) 2864633218, 
4792) 2865879558, 
4793) 2866176001, 
4794) 2866282131, 
4795) 2866860533, 
4796) 2867195669, 
4797) 2867709440, 
4798) 2867845437, 
4799) 2869050276, 
4800) 2869297450, 
4801) 2870868855, 
4802) 2870955664, 
4803) 2871219914, 
4804) 2871880973, 
4805) 2872112244, 
4806) 2873795048, 
4807) 2873964240, 
4808) 2874058139, 
4809) 2874132329, 
4810) 2874252037, 
4811) 2874717951, 
4812) 2874732968, 
4813) 2874941762, 
4814) 2875611073, 
4815) 2875952974, 
4816) 2878945167, 
4817) 2879909887, 
4818) 2880225010, 
4819) 2881379518, 
4820) 2881434951, 
4821) 2881497993, 
4822) 2881605097, 
4823) 2881980493, 
4824) 2882015748, 
4825) 2882192700, 
4826) 2882702101, 
4827) 2883082032, 
4828) 2883670694, 
4829) 2885757563, 
4830) 2885775524, 
4831) 2886486651, 
4832) 2886712227, 
4833) 2887034586, 
4834) 2887302666, 
4835) 2887732524, 
4836) 2887760835, 
4837) 2888203195, 
4838) 2888493934, 
4839) 2889524274, 
4840) 2889754772, 
4841) 2890372296, 
4842) 2890464118, 
4843) 2891365091, 
4844) 2891983370, 
4845) 2892237189, 
4846) 2893756800, 
4847) 2894993832, 
4848) 2896422573, 
4849) 2897023913, 
4850) 2899602879, 
4851) 2900430311, 
4852) 2900762174, 
4853) 2900795024, 
4854) 2901398130, 
4855) 2901443545, 
4856) 2902544585, 
4857) 2902928399, 
4858) 2904409955, 
4859) 2905574518, 
4860) 2907248217, 
4861) 2908592159, 
4862) 2909228270, 
4863) 2909392504, 
4864) 2909605042, 
4865) 2909701386, 
4866) 2909981089, 
4867) 2911416491, 
4868) 2911927317, 
4869) 2913096430, 
4870) 2913668409, 
4871) 2914912249, 
4872) 2915170893, 
4873) 2915251247, 
4874) 2916256616, 
4875) 2916509490, 
4876) 2916623265, 
4877) 2918625311, 
4878) 2919613251, 
4879) 2920294393, 
4880) 2920952067, 
4881) 2921270908, 
4882) 2921736378, 
4883) 2924668829, 
4884) 2924995303, 
4885) 2926127751, 
4886) 2926925790, 
4887) 2926997478, 
4888) 2927697949, 
4889) 2927879207, 
4890) 2928785870, 
4891) 2929586918, 
4892) 2930266704, 
4893) 2932581738, 
4894) 2932757369, 
4895) 2932808821, 
4896) 2933715798, 
4897) 2935058166, 
4898) 2935747224, 
4899) 2935889773, 
4900) 2937319825, 
4901) 2937561848, 
4902) 2937913707, 
4903) 2938369265, 
4904) 2939282864, 
4905) 2939426397, 
4906) 2940188940, 
4907) 2940588128, 
4908) 2940744787, 
4909) 2941221991, 
4910) 2941301543, 
4911) 2942139460, 
4912) 2942356614, 
4913) 2942422030, 
4914) 2943220014, 
4915) 2944337999, 
4916) 2945836019, 
4917) 2946195134, 
4918) 2946681161, 
4919) 2947392915, 
4920) 2947678276, 
4921) 2949850876, 
4922) 2950237938, 
4923) 2950299619, 
4924) 2950601322, 
4925) 2951122404, 
4926) 2952020649, 
4927) 2952449381, 
4928) 2953878147, 
4929) 2954164264, 
4930) 2954409181, 
4931) 2955410820, 
4932) 2955974739, 
4933) 2956640572, 
4934) 2957037289, 
4935) 2957768448, 
4936) 2958308021, 
4937) 2958630118, 
4938) 2958839492, 
4939) 2960457565, 
4940) 2960912778, 
4941) 2962568813, 
4942) 2963342347, 
4943) 2963360643, 
4944) 2963452966, 
4945) 2964056357, 
4946) 2965692301, 
4947) 2966228529, 
4948) 2966863108, 
4949) 2967722996, 
4950) 2967757361, 
4951) 2969976278, 
4952) 2970799778, 
4953) 2971413659, 
4954) 2971636588, 
4955) 2972018290, 
4956) 2972479910, 
4957) 2974605606, 
4958) 2974639040, 
4959) 2975091403, 
4960) 2975228889, 
4961) 2975460779, 
4962) 2975657449, 
4963) 2975749822, 
4964) 2975779170, 
4965) 2975826106, 
4966) 2975982502, 
4967) 2977410033, 
4968) 2977491697, 
4969) 2978955227, 
4970) 2979569717, 
4971) 2980007429, 
4972) 2980973601, 
4973) 2981210220, 
4974) 2981677906, 
4975) 2982212057, 
4976) 2982795967, 
4977) 2983267915, 
4978) 2984233243, 
4979) 2986197757, 
4980) 2987484693, 
4981) 2988311475, 
4982) 2990006531, 
4983) 2990103173, 
4984) 2992486854, 
4985) 2992540444, 
4986) 2992556952, 
4987) 2992662927, 
4988) 2992919210, 
4989) 2993908430, 
4990) 2994191849, 
4991) 2994202388, 
4992) 2995689227, 
4993) 2995981295, 
4994) 2996264832, 
4995) 2996603437, 
4996) 2998335022, 
4997) 2998810561, 
4998) 2999069015, 
4999) 2999540068, 
