Number of elements is 5000
Type of array is reversed
Sorting algorithm - insert
Running time of sorting algorithm is 51357ms
0) 1585406, 
1) 2546048, 
2) 2629334, 
3) 3485507, 
4) 3744013, 
5) 3860052, 
6) 4366616, 
7) 4416828, 
8) 4592113, 
9) 5260665, 
10) 5852277, 
11) 6542631, 
12) 7145161, 
13) 7921088, 
14) 8498867, 
15) 9232489, 
16) 9259054, 
17) 10364421, 
18) 12450013, 
19) 12779104, 
20) 12894516, 
21) 13486330, 
22) 14738786, 
23) 14872307, 
24) 15155332, 
25) 15372438, 
26) 15868900, 
27) 15957843, 
28) 16274852, 
29) 17312252, 
30) 18555649, 
31) 18784170, 
32) 19130074, 
33) 19278943, 
34) 19955519, 
35) 20023269, 
36) 20113134, 
37) 20251649, 
38) 20407712, 
39) 20697340, 
40) 21978119, 
41) 22272301, 
42) 22470062, 
43) 24020434, 
44) 25534479, 
45) 25943093, 
46) 27433687, 
47) 27912010, 
48) 28240867, 
49) 29196912, 
50) 29319666, 
51) 30423231, 
52) 32361239, 
53) 32524703, 
54) 33195252, 
55) 34059806, 
56) 34677851, 
57) 35693396, 
58) 36448437, 
59) 36520216, 
60) 37117079, 
61) 37808379, 
62) 37951139, 
63) 39904546, 
64) 40621925, 
65) 41351317, 
66) 41851127, 
67) 42149328, 
68) 43255753, 
69) 43301072, 
70) 44134302, 
71) 44607601, 
72) 45093158, 
73) 45534902, 
74) 46972720, 
75) 47669144, 
76) 47692020, 
77) 48389111, 
78) 49329716, 
79) 49568452, 
80) 49923080, 
81) 50933071, 
82) 51168360, 
83) 51766048, 
84) 51836926, 
85) 53122714, 
86) 53551026, 
87) 53781345, 
88) 53817026, 
89) 54123441, 
90) 54441570, 
91) 54599928, 
92) 54816759, 
93) 54920959, 
94) 55356533, 
95) 55401569, 
96) 55849380, 
97) 55986271, 
98) 56611057, 
99) 57207642, 
100) 57698892, 
101) 59489213, 
102) 59625443, 
103) 60911425, 
104) 61367957, 
105) 62137539, 
106) 62678518, 
107) 62806233, 
108) 63544953, 
109) 63706211, 
110) 63988549, 
111) 64694300, 
112) 64793868, 
113) 65134799, 
114) 65502480, 
115) 65699510, 
116) 66676415, 
117) 66941724, 
118) 67162186, 
119) 68147082, 
120) 68261616, 
121) 69185581, 
122) 69512332, 
123) 70162790, 
124) 70236011, 
125) 70921955, 
126) 71288944, 
127) 71294100, 
128) 72097311, 
129) 73491605, 
130) 76717976, 
131) 76832632, 
132) 77098225, 
133) 77730201, 
134) 78867918, 
135) 78973811, 
136) 80218723, 
137) 81103527, 
138) 81542487, 
139) 82788637, 
140) 83320528, 
141) 83554639, 
142) 83768902, 
143) 85727918, 
144) 87044684, 
145) 87686389, 
146) 88279487, 
147) 90454728, 
148) 91182293, 
149) 92904735, 
150) 93163693, 
151) 94061130, 
152) 94791772, 
153) 94934753, 
154) 94968918, 
155) 96291472, 
156) 97843948, 
157) 98099709, 
158) 98171976, 
159) 98307782, 
160) 99338501, 
161) 101383178, 
162) 101424113, 
163) 101517387, 
164) 102504097, 
165) 102887375, 
166) 104309508, 
167) 104382244, 
168) 106191380, 
169) 106441326, 
170) 106516387, 
171) 106767364, 
172) 107824378, 
173) 108458003, 
174) 108772692, 
175) 108952042, 
176) 109639471, 
177) 110555169, 
178) 110755368, 
179) 111264187, 
180) 112036078, 
181) 112772762, 
182) 113477413, 
183) 113664574, 
184) 113669087, 
185) 113919236, 
186) 114103596, 
187) 114812915, 
188) 115040377, 
189) 115475220, 
190) 115808786, 
191) 116140407, 
192) 117740348, 
193) 117742492, 
194) 119007934, 
195) 119456396, 
196) 119664957, 
197) 120331795, 
198) 120489700, 
199) 120645040, 
200) 121368516, 
201) 122199094, 
202) 122411163, 
203) 122740995, 
204) 123794745, 
205) 123895917, 
206) 124028507, 
207) 126491608, 
208) 127191681, 
209) 127280012, 
210) 129380998, 
211) 129900144, 
212) 130077173, 
213) 130233207, 
214) 131449770, 
215) 131512658, 
216) 132487265, 
217) 133173832, 
218) 133362002, 
219) 133973809, 
220) 134963564, 
221) 135007588, 
222) 135293818, 
223) 135656646, 
224) 135944551, 
225) 135964256, 
226) 136113373, 
227) 136962239, 
228) 137107112, 
229) 137273865, 
230) 137476259, 
231) 138416383, 
232) 138438930, 
233) 139402988, 
234) 140194312, 
235) 141407063, 
236) 141911844, 
237) 142255029, 
238) 143186607, 
239) 144005774, 
240) 144345623, 
241) 144398236, 
242) 144809240, 
243) 145334214, 
244) 146077647, 
245) 148083810, 
246) 148764937, 
247) 148812547, 
248) 149085506, 
249) 149289341, 
250) 149922969, 
251) 150298996, 
252) 151097378, 
253) 152012503, 
254) 152287348, 
255) 152592439, 
256) 152950872, 
257) 153118624, 
258) 154747766, 
259) 155583651, 
260) 155833011, 
261) 156107925, 
262) 156366033, 
263) 156400646, 
264) 156457347, 
265) 158720990, 
266) 159024632, 
267) 159769962, 
268) 161590293, 
269) 161734771, 
270) 161875354, 
271) 162585038, 
272) 163118107, 
273) 164535079, 
274) 164645720, 
275) 166785747, 
276) 168269404, 
277) 168628584, 
278) 169139698, 
279) 169929546, 
280) 170428432, 
281) 170930868, 
282) 171237049, 
283) 171416476, 
284) 171723348, 
285) 172440850, 
286) 172604419, 
287) 173225598, 
288) 173659223, 
289) 173818329, 
290) 174211291, 
291) 174300241, 
292) 174600464, 
293) 174950367, 
294) 176047374, 
295) 176587028, 
296) 177311994, 
297) 177468294, 
298) 177529953, 
299) 178281368, 
300) 178610182, 
301) 179328872, 
302) 180403180, 
303) 180595426, 
304) 180607084, 
305) 181706063, 
306) 182119015, 
307) 182812103, 
308) 184885236, 
309) 185102333, 
310) 185164390, 
311) 185810251, 
312) 186779341, 
313) 187307151, 
314) 187537877, 
315) 190107966, 
316) 190586187, 
317) 190623154, 
318) 191550841, 
319) 192349522, 
320) 192484984, 
321) 192530046, 
322) 192628103, 
323) 192890641, 
324) 193517273, 
325) 193672462, 
326) 193738386, 
327) 193875269, 
328) 195572084, 
329) 196932718, 
330) 199700390, 
331) 199749986, 
332) 199875040, 
333) 199928924, 
334) 200711613, 
335) 200816574, 
336) 201314296, 
337) 202460556, 
338) 202521320, 
339) 202912846, 
340) 203016635, 
341) 203733216, 
342) 204170481, 
343) 204200183, 
344) 204770221, 
345) 204842170, 
346) 206898159, 
347) 207360576, 
348) 207958916, 
349) 210802356, 
350) 210985807, 
351) 211127771, 
352) 211273434, 
353) 211390753, 
354) 211556089, 
355) 211610941, 
356) 211728678, 
357) 211802954, 
358) 212516301, 
359) 213425155, 
360) 213644003, 
361) 214672951, 
362) 215966853, 
363) 216923109, 
364) 217093103, 
365) 217777979, 
366) 218712007, 
367) 220233696, 
368) 221078734, 
369) 221677217, 
370) 221755612, 
371) 221903622, 
372) 222285739, 
373) 224310018, 
374) 224788368, 
375) 225596858, 
376) 227137545, 
377) 227213758, 
378) 229025099, 
379) 229985418, 
380) 230873665, 
381) 231278303, 
382) 231834208, 
383) 232399699, 
384) 232617063, 
385) 233604681, 
386) 233749769, 
387) 233777865, 
388) 234228895, 
389) 234333904, 
390) 235461564, 
391) 235512967, 
392) 236033460, 
393) 236689389, 
394) 237480106, 
395) 237490477, 
396) 237867684, 
397) 238010371, 
398) 240443820, 
399) 241300480, 
400) 242351165, 
401) 242481774, 
402) 243032555, 
403) 243156127, 
404) 243952845, 
405) 244715374, 
406) 244776266, 
407) 246127693, 
408) 247621995, 
409) 247929402, 
410) 247989623, 
411) 248222149, 
412) 248311730, 
413) 252552176, 
414) 254506353, 
415) 254550311, 
416) 255412313, 
417) 256799877, 
418) 257325808, 
419) 257326903, 
420) 257973820, 
421) 259365329, 
422) 260851657, 
423) 261048805, 
424) 261506545, 
425) 261587142, 
426) 262512083, 
427) 262533443, 
428) 263143938, 
429) 263549504, 
430) 264576244, 
431) 264899536, 
432) 265304208, 
433) 265709129, 
434) 265864533, 
435) 265885083, 
436) 266937496, 
437) 267361688, 
438) 267424496, 
439) 267483457, 
440) 268180917, 
441) 268477655, 
442) 269395530, 
443) 269407371, 
444) 269590959, 
445) 269986562, 
446) 270039199, 
447) 270143421, 
448) 270730140, 
449) 271188219, 
450) 271244720, 
451) 271274720, 
452) 271762280, 
453) 271939420, 
454) 272874476, 
455) 273960165, 
456) 274067317, 
457) 274186786, 
458) 275706646, 
459) 275715166, 
460) 275854455, 
461) 277600972, 
462) 277755136, 
463) 278001053, 
464) 278522556, 
465) 279269545, 
466) 279946377, 
467) 280605285, 
468) 282177793, 
469) 282610141, 
470) 283246682, 
471) 283328372, 
472) 284152455, 
473) 284399092, 
474) 284641441, 
475) 286118813, 
476) 286176368, 
477) 286306450, 
478) 286318653, 
479) 286401353, 
480) 286676357, 
481) 287631840, 
482) 288938368, 
483) 289303674, 
484) 290791928, 
485) 290800949, 
486) 291228716, 
487) 291401879, 
488) 291425673, 
489) 291789976, 
490) 291801297, 
491) 291919168, 
492) 293154460, 
493) 293579382, 
494) 293684757, 
495) 293983563, 
496) 294989866, 
497) 296790807, 
498) 296968734, 
499) 298124094, 
500) 298540808, 
501) 298616642, 
502) 300234249, 
503) 300538056, 
504) 300778022, 
505) 301166781, 
506) 301388288, 
507) 301425593, 
508) 302656941, 
509) 302988903, 
510) 303066433, 
511) 303919076, 
512) 304314376, 
513) 304619605, 
514) 305749863, 
515) 305895383, 
516) 306285673, 
517) 307081437, 
518) 308165902, 
519) 309549256, 
520) 310988385, 
521) 311552255, 
522) 313288996, 
523) 313750408, 
524) 315043168, 
525) 315067676, 
526) 315721606, 
527) 316022351, 
528) 316318334, 
529) 316323099, 
530) 316527211, 
531) 317995717, 
532) 319524640, 
533) 320421019, 
534) 320531613, 
535) 321095340, 
536) 322248573, 
537) 323179130, 
538) 323389574, 
539) 323578703, 
540) 324443800, 
541) 325300192, 
542) 325844651, 
543) 325938921, 
544) 326090199, 
545) 326121265, 
546) 326207669, 
547) 327703806, 
548) 328793886, 
549) 329120748, 
550) 329177161, 
551) 329836191, 
552) 330220160, 
553) 330956075, 
554) 331340749, 
555) 331956792, 
556) 332821209, 
557) 333137842, 
558) 333814139, 
559) 333973405, 
560) 334002449, 
561) 335187132, 
562) 336016745, 
563) 336078416, 
564) 336098523, 
565) 338194252, 
566) 338795574, 
567) 339013390, 
568) 340169470, 
569) 341056868, 
570) 341179088, 
571) 342045745, 
572) 343280896, 
573) 343953021, 
574) 344786697, 
575) 345379510, 
576) 346416823, 
577) 347562720, 
578) 348387455, 
579) 348601308, 
580) 351199506, 
581) 352623494, 
582) 352777627, 
583) 354248608, 
584) 354830918, 
585) 355960059, 
586) 356252456, 
587) 356263548, 
588) 356357679, 
589) 356574032, 
590) 356946829, 
591) 357101422, 
592) 357607192, 
593) 357870432, 
594) 358058906, 
595) 359248751, 
596) 359747783, 
597) 359778786, 
598) 359783223, 
599) 359946370, 
600) 361879795, 
601) 362132144, 
602) 363163398, 
603) 364580154, 
604) 364673712, 
605) 364724898, 
606) 364987866, 
607) 366121350, 
608) 366575566, 
609) 368245655, 
610) 368507662, 
611) 371117279, 
612) 371591036, 
613) 372920888, 
614) 374125073, 
615) 375093671, 
616) 375870816, 
617) 376278235, 
618) 376356317, 
619) 376996253, 
620) 378322474, 
621) 379382714, 
622) 379830222, 
623) 379866013, 
624) 379940136, 
625) 380610697, 
626) 382670979, 
627) 382819874, 
628) 383057742, 
629) 383378959, 
630) 383685358, 
631) 384073082, 
632) 384470739, 
633) 384959264, 
634) 385609071, 
635) 385778825, 
636) 385889777, 
637) 386306703, 
638) 386802699, 
639) 387099803, 
640) 387232807, 
641) 388196463, 
642) 388281646, 
643) 389043176, 
644) 389860994, 
645) 390921985, 
646) 391209719, 
647) 391740383, 
648) 392163050, 
649) 394517013, 
650) 395109735, 
651) 396193009, 
652) 397364573, 
653) 398797038, 
654) 399332638, 
655) 399790201, 
656) 399825503, 
657) 400061674, 
658) 400648236, 
659) 401064655, 
660) 401207570, 
661) 401784933, 
662) 402677905, 
663) 402817033, 
664) 403728502, 
665) 404283658, 
666) 406698500, 
667) 407357005, 
668) 409262014, 
669) 409400339, 
670) 409449763, 
671) 410830786, 
672) 410977521, 
673) 412689068, 
674) 413007118, 
675) 414113024, 
676) 414376628, 
677) 414380615, 
678) 415614322, 
679) 415685316, 
680) 417532750, 
681) 417939970, 
682) 418103623, 
683) 420762646, 
684) 421106556, 
685) 421377946, 
686) 422685796, 
687) 422947663, 
688) 425918112, 
689) 425920209, 
690) 426518412, 
691) 426792062, 
692) 427813216, 
693) 428004214, 
694) 428865305, 
695) 428930762, 
696) 429329155, 
697) 430596419, 
698) 431204801, 
699) 432155653, 
700) 432288362, 
701) 433010020, 
702) 433105072, 
703) 433535611, 
704) 433667041, 
705) 434027466, 
706) 434426158, 
707) 434996537, 
708) 435624378, 
709) 435748860, 
710) 435764822, 
711) 436050852, 
712) 436127360, 
713) 437764308, 
714) 438345060, 
715) 439640546, 
716) 439939263, 
717) 441507566, 
718) 442907916, 
719) 443209634, 
720) 448162593, 
721) 448681749, 
722) 450195873, 
723) 450802945, 
724) 450882460, 
725) 451216472, 
726) 453057006, 
727) 453498222, 
728) 454292491, 
729) 456505894, 
730) 456908840, 
731) 457715962, 
732) 457914202, 
733) 458409091, 
734) 459641635, 
735) 460224568, 
736) 460386784, 
737) 461604250, 
738) 463485082, 
739) 464957192, 
740) 465596820, 
741) 465631976, 
742) 465707073, 
743) 465793604, 
744) 466665992, 
745) 467098408, 
746) 467627814, 
747) 467733077, 
748) 467831555, 
749) 469273941, 
750) 469836902, 
751) 470071493, 
752) 470148464, 
753) 470820680, 
754) 470951698, 
755) 471018895, 
756) 471444932, 
757) 471646131, 
758) 471964598, 
759) 472339522, 
760) 474272305, 
761) 475275747, 
762) 477276602, 
763) 477532427, 
764) 477607864, 
765) 478463447, 
766) 478520881, 
767) 479360186, 
768) 479376392, 
769) 479392868, 
770) 479564108, 
771) 479886682, 
772) 480409204, 
773) 482498822, 
774) 482501999, 
775) 482837169, 
776) 484092873, 
777) 484660560, 
778) 485158397, 
779) 485343566, 
780) 485575834, 
781) 486521395, 
782) 487312006, 
783) 488323985, 
784) 488386360, 
785) 488616990, 
786) 488802556, 
787) 488929014, 
788) 488983070, 
789) 489024567, 
790) 489721887, 
791) 491012137, 
792) 491601534, 
793) 491762465, 
794) 491869510, 
795) 492276665, 
796) 493716719, 
797) 493950266, 
798) 494166763, 
799) 494397874, 
800) 494398101, 
801) 494519463, 
802) 495371317, 
803) 496404168, 
804) 498052050, 
805) 498190255, 
806) 498690482, 
807) 498992012, 
808) 501397986, 
809) 501616395, 
810) 501753753, 
811) 503370885, 
812) 503540827, 
813) 506540681, 
814) 507869262, 
815) 508435405, 
816) 508605578, 
817) 508894973, 
818) 509151417, 
819) 509241822, 
820) 509320979, 
821) 509330270, 
822) 509980644, 
823) 510447520, 
824) 512159669, 
825) 512626259, 
826) 514607255, 
827) 516211982, 
828) 516696431, 
829) 517538740, 
830) 517787548, 
831) 518016989, 
832) 519034996, 
833) 519506225, 
834) 519739036, 
835) 520264961, 
836) 520731427, 
837) 520770958, 
838) 520989451, 
839) 521103627, 
840) 521359026, 
841) 522287975, 
842) 522477413, 
843) 523060622, 
844) 524047411, 
845) 524098188, 
846) 524869793, 
847) 526356397, 
848) 526395426, 
849) 527419637, 
850) 530572563, 
851) 531689386, 
852) 531695127, 
853) 531731532, 
854) 532323622, 
855) 532658188, 
856) 533591859, 
857) 533676730, 
858) 534179051, 
859) 534198228, 
860) 535211574, 
861) 535732002, 
862) 535734404, 
863) 535894737, 
864) 536185265, 
865) 536533172, 
866) 536627798, 
867) 537382963, 
868) 537970966, 
869) 538381851, 
870) 539565451, 
871) 540073479, 
872) 540736827, 
873) 540965794, 
874) 541226237, 
875) 541322261, 
876) 542705319, 
877) 544524547, 
878) 544798298, 
879) 546024677, 
880) 546824583, 
881) 547062078, 
882) 548142997, 
883) 548304826, 
884) 549132367, 
885) 549757520, 
886) 551454131, 
887) 554675228, 
888) 556101298, 
889) 557474876, 
890) 558559077, 
891) 558994709, 
892) 559780757, 
893) 560363539, 
894) 560694869, 
895) 561800842, 
896) 562251485, 
897) 562489702, 
898) 562785346, 
899) 562796409, 
900) 563503371, 
901) 565594988, 
902) 565736863, 
903) 566732006, 
904) 567131879, 
905) 567620850, 
906) 568181018, 
907) 568282440, 
908) 568663060, 
909) 569978604, 
910) 570013751, 
911) 570245769, 
912) 572877964, 
913) 572971906, 
914) 573906264, 
915) 574683215, 
916) 574734316, 
917) 575083524, 
918) 575810303, 
919) 579106328, 
920) 579572101, 
921) 580287382, 
922) 582836563, 
923) 583481369, 
924) 583949897, 
925) 583958744, 
926) 584891023, 
927) 585311898, 
928) 585362957, 
929) 585518971, 
930) 585695387, 
931) 585843643, 
932) 586059648, 
933) 586323064, 
934) 586367104, 
935) 586415497, 
936) 586600942, 
937) 586876717, 
938) 588058715, 
939) 589744321, 
940) 589858682, 
941) 590202050, 
942) 590287649, 
943) 591125564, 
944) 591500520, 
945) 592290271, 
946) 592331533, 
947) 592594377, 
948) 593957075, 
949) 594181047, 
950) 594630960, 
951) 595156429, 
952) 596745371, 
953) 597027630, 
954) 597267531, 
955) 597728236, 
956) 598560602, 
957) 599433061, 
958) 599459684, 
959) 599514185, 
960) 599557302, 
961) 600699931, 
962) 601318399, 
963) 601719614, 
964) 602048754, 
965) 602091527, 
966) 602403335, 
967) 602672222, 
968) 603312854, 
969) 604217400, 
970) 604952968, 
971) 605066684, 
972) 605107214, 
973) 605870872, 
974) 605920774, 
975) 606035900, 
976) 606324383, 
977) 607071318, 
978) 607295338, 
979) 607608976, 
980) 608477924, 
981) 608506105, 
982) 608676655, 
983) 610829230, 
984) 610882757, 
985) 611035804, 
986) 612343150, 
987) 612528766, 
988) 612812599, 
989) 612831843, 
990) 614299747, 
991) 618019916, 
992) 618524492, 
993) 618792570, 
994) 619926531, 
995) 620987918, 
996) 621341869, 
997) 622143806, 
998) 622249470, 
999) 622368966, 
1000) 622509297, 
1001) 623185071, 
1002) 623725565, 
1003) 625562303, 
1004) 625668600, 
1005) 626293155, 
1006) 626619864, 
1007) 627214528, 
1008) 627252569, 
1009) 627848645, 
1010) 629136442, 
1011) 629620108, 
1012) 629766729, 
1013) 629935456, 
1014) 632002456, 
1015) 632876257, 
1016) 632884490, 
1017) 632959779, 
1018) 634560549, 
1019) 634637290, 
1020) 634853443, 
1021) 635277371, 
1022) 635483687, 
1023) 635594589, 
1024) 637093846, 
1025) 637376112, 
1026) 638200018, 
1027) 638661446, 
1028) 639240188, 
1029) 641696479, 
1030) 642326370, 
1031) 642374954, 
1032) 642551764, 
1033) 642668509, 
1034) 642762844, 
1035) 643215502, 
1036) 643415169, 
1037) 645158135, 
1038) 646065939, 
1039) 646390883, 
1040) 648229735, 
1041) 648281244, 
1042) 648467858, 
1043) 648686970, 
1044) 649066029, 
1045) 650276810, 
1046) 650381159, 
1047) 650472409, 
1048) 650601742, 
1049) 651066427, 
1050) 651683394, 
1051) 652578196, 
1052) 652700515, 
1053) 653181676, 
1054) 653707927, 
1055) 653869529, 
1056) 654025289, 
1057) 654798805, 
1058) 655162391, 
1059) 655560075, 
1060) 655825963, 
1061) 656528863, 
1062) 658829046, 
1063) 659397286, 
1064) 659483641, 
1065) 659553483, 
1066) 659900489, 
1067) 660651629, 
1068) 660689325, 
1069) 660697738, 
1070) 661303825, 
1071) 661338335, 
1072) 661389903, 
1073) 662021126, 
1074) 662789095, 
1075) 663048769, 
1076) 663704964, 
1077) 664392259, 
1078) 664596663, 
1079) 664620250, 
1080) 664728609, 
1081) 665597148, 
1082) 666490268, 
1083) 666745548, 
1084) 667318579, 
1085) 667753494, 
1086) 669342339, 
1087) 669786120, 
1088) 670401064, 
1089) 670756860, 
1090) 671811172, 
1091) 671927041, 
1092) 672363333, 
1093) 674254483, 
1094) 674788093, 
1095) 675459792, 
1096) 675628186, 
1097) 676663854, 
1098) 677827161, 
1099) 677832235, 
1100) 678024451, 
1101) 678233194, 
1102) 678743723, 
1103) 679998291, 
1104) 680198084, 
1105) 680533630, 
1106) 680585128, 
1107) 681177845, 
1108) 682755539, 
1109) 684011763, 
1110) 684434993, 
1111) 684833089, 
1112) 685925453, 
1113) 687120045, 
1114) 687232203, 
1115) 687626970, 
1116) 688480063, 
1117) 689412250, 
1118) 690542440, 
1119) 690977307, 
1120) 691892058, 
1121) 692385312, 
1122) 692971846, 
1123) 693332508, 
1124) 693346566, 
1125) 693631502, 
1126) 693689352, 
1127) 693782275, 
1128) 694032638, 
1129) 694163519, 
1130) 694937351, 
1131) 696012015, 
1132) 696101005, 
1133) 697341767, 
1134) 697451583, 
1135) 697813682, 
1136) 698697044, 
1137) 699297274, 
1138) 700761129, 
1139) 701376669, 
1140) 701400286, 
1141) 702064122, 
1142) 702774323, 
1143) 703269754, 
1144) 703307375, 
1145) 703408636, 
1146) 704096076, 
1147) 705225142, 
1148) 705275776, 
1149) 706051615, 
1150) 706750603, 
1151) 706764582, 
1152) 706942683, 
1153) 708131580, 
1154) 709024706, 
1155) 709432778, 
1156) 710568572, 
1157) 710927133, 
1158) 711356301, 
1159) 714904778, 
1160) 715061237, 
1161) 715348462, 
1162) 716252227, 
1163) 717002349, 
1164) 717622995, 
1165) 717735376, 
1166) 718684917, 
1167) 718704307, 
1168) 719215765, 
1169) 719562642, 
1170) 720111852, 
1171) 720750839, 
1172) 720950277, 
1173) 721073946, 
1174) 721284881, 
1175) 722787153, 
1176) 722883208, 
1177) 723407359, 
1178) 724106356, 
1179) 725457491, 
1180) 726384884, 
1181) 727368249, 
1182) 727446090, 
1183) 727510655, 
1184) 727687270, 
1185) 729090825, 
1186) 729563818, 
1187) 730465315, 
1188) 730696316, 
1189) 731668618, 
1190) 732496773, 
1191) 732610827, 
1192) 732845546, 
1193) 733456246, 
1194) 733842844, 
1195) 734421435, 
1196) 734444936, 
1197) 734615987, 
1198) 734758707, 
1199) 737052909, 
1200) 737150350, 
1201) 737271270, 
1202) 737330706, 
1203) 737927392, 
1204) 738287512, 
1205) 739993064, 
1206) 741090303, 
1207) 741609564, 
1208) 743024287, 
1209) 743347414, 
1210) 743750446, 
1211) 745110425, 
1212) 745120628, 
1213) 745500178, 
1214) 745939957, 
1215) 746021520, 
1216) 747815309, 
1217) 748023031, 
1218) 748322344, 
1219) 748415308, 
1220) 750030279, 
1221) 750236729, 
1222) 750574089, 
1223) 750609608, 
1224) 751202566, 
1225) 751303963, 
1226) 751711963, 
1227) 752273758, 
1228) 752331219, 
1229) 752939208, 
1230) 755102415, 
1231) 755315826, 
1232) 755517710, 
1233) 755620731, 
1234) 756212148, 
1235) 756523771, 
1236) 756718885, 
1237) 757823511, 
1238) 758216368, 
1239) 759885482, 
1240) 760221377, 
1241) 760909721, 
1242) 762142385, 
1243) 762543528, 
1244) 763063816, 
1245) 763632777, 
1246) 763997660, 
1247) 767351649, 
1248) 768227591, 
1249) 769354516, 
1250) 770488983, 
1251) 770576333, 
1252) 770607517, 
1253) 770846925, 
1254) 770869320, 
1255) 771499050, 
1256) 774183523, 
1257) 774477158, 
1258) 775415974, 
1259) 776358414, 
1260) 777232156, 
1261) 778183987, 
1262) 778683950, 
1263) 780246066, 
1264) 780999950, 
1265) 781470013, 
1266) 781756189, 
1267) 782848974, 
1268) 783465798, 
1269) 783721770, 
1270) 784544556, 
1271) 785710474, 
1272) 786110627, 
1273) 787818005, 
1274) 788228065, 
1275) 788584885, 
1276) 788660591, 
1277) 789577059, 
1278) 789802881, 
1279) 791115761, 
1280) 791512252, 
1281) 792335002, 
1282) 793272102, 
1283) 793595001, 
1284) 793796530, 
1285) 794335166, 
1286) 794750236, 
1287) 795186390, 
1288) 795264280, 
1289) 795614280, 
1290) 796537917, 
1291) 797023762, 
1292) 797095591, 
1293) 798273042, 
1294) 798735293, 
1295) 799058258, 
1296) 799728643, 
1297) 799803962, 
1298) 800172963, 
1299) 800363888, 
1300) 800489806, 
1301) 800854191, 
1302) 800992235, 
1303) 802445034, 
1304) 802465012, 
1305) 803145509, 
1306) 803244698, 
1307) 804379188, 
1308) 804637786, 
1309) 805048361, 
1310) 805150838, 
1311) 805380816, 
1312) 805384450, 
1313) 805870577, 
1314) 806942745, 
1315) 806986374, 
1316) 807006236, 
1317) 807365102, 
1318) 808072968, 
1319) 808316475, 
1320) 808547984, 
1321) 808647590, 
1322) 808770690, 
1323) 810390272, 
1324) 811625729, 
1325) 811897303, 
1326) 812105794, 
1327) 812979347, 
1328) 813049659, 
1329) 815400357, 
1330) 816508253, 
1331) 816659187, 
1332) 817090182, 
1333) 817706136, 
1334) 818272441, 
1335) 819605266, 
1336) 820250505, 
1337) 820859994, 
1338) 821782417, 
1339) 821811694, 
1340) 823309577, 
1341) 823826148, 
1342) 824802168, 
1343) 824802983, 
1344) 824804241, 
1345) 825226771, 
1346) 825256749, 
1347) 825517588, 
1348) 826979985, 
1349) 827097052, 
1350) 827615786, 
1351) 830605693, 
1352) 831877353, 
1353) 831916900, 
1354) 832169454, 
1355) 832665723, 
1356) 833006188, 
1357) 833257987, 
1358) 833680185, 
1359) 833887761, 
1360) 834053288, 
1361) 834649671, 
1362) 834937726, 
1363) 834942282, 
1364) 836232802, 
1365) 836558863, 
1366) 837052768, 
1367) 837804247, 
1368) 838519221, 
1369) 838657020, 
1370) 838739453, 
1371) 838795532, 
1372) 841415059, 
1373) 843213773, 
1374) 843765911, 
1375) 846323372, 
1376) 846455892, 
1377) 846465455, 
1378) 846720922, 
1379) 847427883, 
1380) 847694201, 
1381) 849095684, 
1382) 849679183, 
1383) 850364069, 
1384) 850475950, 
1385) 850607215, 
1386) 850824200, 
1387) 850911482, 
1388) 850990540, 
1389) 851454288, 
1390) 851802845, 
1391) 854165916, 
1392) 856260940, 
1393) 856522575, 
1394) 857169530, 
1395) 857458698, 
1396) 858001488, 
1397) 858299613, 
1398) 859519858, 
1399) 860011762, 
1400) 860067947, 
1401) 860863626, 
1402) 861149584, 
1403) 861216862, 
1404) 861848950, 
1405) 862172014, 
1406) 862933710, 
1407) 863405026, 
1408) 863766285, 
1409) 864304206, 
1410) 864616511, 
1411) 865166877, 
1412) 865187524, 
1413) 866324832, 
1414) 866443889, 
1415) 866790115, 
1416) 866965966, 
1417) 868255464, 
1418) 869090810, 
1419) 869257743, 
1420) 869599290, 
1421) 870414924, 
1422) 871161127, 
1423) 871586046, 
1424) 872304668, 
1425) 873166522, 
1426) 873217266, 
1427) 874370842, 
1428) 875120512, 
1429) 875633044, 
1430) 876047868, 
1431) 876338828, 
1432) 876751818, 
1433) 876987971, 
1434) 879594950, 
1435) 880037849, 
1436) 880362338, 
1437) 880429978, 
1438) 880989885, 
1439) 882109053, 
1440) 883538346, 
1441) 883592405, 
1442) 884361880, 
1443) 884526225, 
1444) 885266047, 
1445) 885454909, 
1446) 886380775, 
1447) 887444220, 
1448) 887466814, 
1449) 887787450, 
1450) 887813361, 
1451) 888101803, 
1452) 888615051, 
1453) 888886097, 
1454) 888913412, 
1455) 890976852, 
1456) 891843168, 
1457) 892367191, 
1458) 892885432, 
1459) 893753122, 
1460) 894055135, 
1461) 894200249, 
1462) 894431480, 
1463) 894535221, 
1464) 894595300, 
1465) 894957529, 
1466) 895408413, 
1467) 895799111, 
1468) 897744082, 
1469) 898499571, 
1470) 898526592, 
1471) 898834043, 
1472) 898934889, 
1473) 900079425, 
1474) 901058524, 
1475) 903181551, 
1476) 903299434, 
1477) 903572565, 
1478) 903760907, 
1479) 903817641, 
1480) 903862586, 
1481) 904044398, 
1482) 904049318, 
1483) 904057545, 
1484) 905068766, 
1485) 905808898, 
1486) 905954506, 
1487) 906187186, 
1488) 906785626, 
1489) 907090922, 
1490) 907592380, 
1491) 907595714, 
1492) 908232675, 
1493) 908241735, 
1494) 909427008, 
1495) 909697175, 
1496) 910455562, 
1497) 910552987, 
1498) 910567997, 
1499) 911027145, 
1500) 912920110, 
1501) 912999117, 
1502) 913118886, 
1503) 914320608, 
1504) 915355196, 
1505) 915609236, 
1506) 916067825, 
1507) 916744051, 
1508) 916962621, 
1509) 916988234, 
1510) 917159354, 
1511) 918545475, 
1512) 918566247, 
1513) 918580564, 
1514) 920969137, 
1515) 921188198, 
1516) 921209052, 
1517) 922005437, 
1518) 922224604, 
1519) 923031474, 
1520) 923441199, 
1521) 923938961, 
1522) 924099594, 
1523) 925849496, 
1524) 927495798, 
1525) 927830380, 
1526) 930163646, 
1527) 930705013, 
1528) 930740821, 
1529) 930786120, 
1530) 931128522, 
1531) 931611973, 
1532) 932087600, 
1533) 934584699, 
1534) 934930539, 
1535) 935461963, 
1536) 935992324, 
1537) 936184702, 
1538) 936386065, 
1539) 937288760, 
1540) 937903370, 
1541) 938707455, 
1542) 939825188, 
1543) 940450107, 
1544) 940908305, 
1545) 941773841, 
1546) 942377880, 
1547) 942428638, 
1548) 942826146, 
1549) 942871721, 
1550) 943468223, 
1551) 943982112, 
1552) 944427514, 
1553) 944900028, 
1554) 945589534, 
1555) 945739727, 
1556) 945828386, 
1557) 945837124, 
1558) 946310308, 
1559) 947298065, 
1560) 947799689, 
1561) 947885225, 
1562) 949098303, 
1563) 951129175, 
1564) 951825235, 
1565) 951879331, 
1566) 952016029, 
1567) 954364792, 
1568) 954954679, 
1569) 955851470, 
1570) 958555548, 
1571) 959094453, 
1572) 959181317, 
1573) 959266699, 
1574) 959539535, 
1575) 959672915, 
1576) 959707148, 
1577) 960878463, 
1578) 961550548, 
1579) 961619626, 
1580) 962297111, 
1581) 962610371, 
1582) 962685208, 
1583) 963191809, 
1584) 963505491, 
1585) 963938844, 
1586) 965558481, 
1587) 967574662, 
1588) 968255173, 
1589) 968646726, 
1590) 968689492, 
1591) 968748656, 
1592) 968812127, 
1593) 969086668, 
1594) 969843159, 
1595) 970432520, 
1596) 971132627, 
1597) 971218083, 
1598) 971780043, 
1599) 971863371, 
1600) 972738145, 
1601) 973586428, 
1602) 973659496, 
1603) 974937907, 
1604) 975096370, 
1605) 975635558, 
1606) 977166195, 
1607) 977378425, 
1608) 977502224, 
1609) 977925791, 
1610) 978537452, 
1611) 978672175, 
1612) 978927755, 
1613) 979457984, 
1614) 980246761, 
1615) 980896933, 
1616) 981461907, 
1617) 981613911, 
1618) 981616680, 
1619) 981974074, 
1620) 982197219, 
1621) 982774859, 
1622) 982807269, 
1623) 983542796, 
1624) 983946236, 
1625) 984130474, 
1626) 985140064, 
1627) 985258238, 
1628) 985842470, 
1629) 986215574, 
1630) 986788693, 
1631) 989003404, 
1632) 990528136, 
1633) 990556223, 
1634) 992256777, 
1635) 993029054, 
1636) 993284703, 
1637) 993315994, 
1638) 993504366, 
1639) 994045940, 
1640) 994095440, 
1641) 994684276, 
1642) 994703769, 
1643) 995129900, 
1644) 995137210, 
1645) 996114927, 
1646) 996794929, 
1647) 997099597, 
1648) 997611847, 
1649) 997739787, 
1650) 998967681, 
1651) 999059811, 
1652) 999146224, 
1653) 999308939, 
1654) 1000716118, 
1655) 1001007453, 
1656) 1002496218, 
1657) 1002705599, 
1658) 1003473998, 
1659) 1003691404, 
1660) 1004155387, 
1661) 1004899303, 
1662) 1005235624, 
1663) 1005333569, 
1664) 1005888503, 
1665) 1006465885, 
1666) 1006607551, 
1667) 1006964000, 
1668) 1007218296, 
1669) 1008040847, 
1670) 1008140018, 
1671) 1008317139, 
1672) 1009381200, 
1673) 1009812758, 
1674) 1010141086, 
1675) 1011328727, 
1676) 1011425625, 
1677) 1011588004, 
1678) 1011779654, 
1679) 1012172856, 
1680) 1012664407, 
1681) 1013188732, 
1682) 1017232589, 
1683) 1017922131, 
1684) 1018891024, 
1685) 1019118372, 
1686) 1019786605, 
1687) 1020866176, 
1688) 1022236825, 
1689) 1023243120, 
1690) 1023398412, 
1691) 1023923939, 
1692) 1024004417, 
1693) 1024304185, 
1694) 1025345219, 
1695) 1027149982, 
1696) 1028286271, 
1697) 1028380758, 
1698) 1028580871, 
1699) 1029869331, 
1700) 1030904012, 
1701) 1031032110, 
1702) 1031306112, 
1703) 1032092935, 
1704) 1032578641, 
1705) 1033143721, 
1706) 1033454841, 
1707) 1033849855, 
1708) 1034126569, 
1709) 1034645977, 
1710) 1035529905, 
1711) 1036802365, 
1712) 1037269195, 
1713) 1037367186, 
1714) 1038359994, 
1715) 1040112160, 
1716) 1040415660, 
1717) 1040846598, 
1718) 1041047849, 
1719) 1042392094, 
1720) 1043051966, 
1721) 1043211632, 
1722) 1043622764, 
1723) 1044862209, 
1724) 1045778161, 
1725) 1046656056, 
1726) 1046906131, 
1727) 1047087015, 
1728) 1047435450, 
1729) 1047758009, 
1730) 1047829964, 
1731) 1048149177, 
1732) 1048251024, 
1733) 1049377031, 
1734) 1051523566, 
1735) 1052663754, 
1736) 1053000302, 
1737) 1053686180, 
1738) 1054080461, 
1739) 1054562457, 
1740) 1054837665, 
1741) 1055410086, 
1742) 1056262985, 
1743) 1056484778, 
1744) 1056622972, 
1745) 1056900655, 
1746) 1056952690, 
1747) 1057083000, 
1748) 1057315310, 
1749) 1057613933, 
1750) 1057764736, 
1751) 1058769066, 
1752) 1058807805, 
1753) 1059691568, 
1754) 1060378300, 
1755) 1060570468, 
1756) 1060708535, 
1757) 1061074982, 
1758) 1061617049, 
1759) 1062796940, 
1760) 1063111677, 
1761) 1063114751, 
1762) 1063464655, 
1763) 1064546050, 
1764) 1065922655, 
1765) 1067130497, 
1766) 1067561505, 
1767) 1067708933, 
1768) 1067962362, 
1769) 1068727039, 
1770) 1068963340, 
1771) 1069299407, 
1772) 1070624651, 
1773) 1070655156, 
1774) 1070676879, 
1775) 1070751768, 
1776) 1071294064, 
1777) 1071364701, 
1778) 1071521585, 
1779) 1071819163, 
1780) 1072026706, 
1781) 1072321271, 
1782) 1072901238, 
1783) 1073030554, 
1784) 1073054584, 
1785) 1073245580, 
1786) 1073388479, 
1787) 1074620360, 
1788) 1075687911, 
1789) 1076145301, 
1790) 1076774231, 
1791) 1076855812, 
1792) 1077288639, 
1793) 1078329484, 
1794) 1079209575, 
1795) 1079635959, 
1796) 1080247723, 
1797) 1080384473, 
1798) 1082020788, 
1799) 1082610135, 
1800) 1082887107, 
1801) 1083234881, 
1802) 1084717912, 
1803) 1084858007, 
1804) 1085513938, 
1805) 1086569102, 
1806) 1088173014, 
1807) 1088688606, 
1808) 1089082853, 
1809) 1089232895, 
1810) 1089265127, 
1811) 1089651899, 
1812) 1090128376, 
1813) 1090261026, 
1814) 1090709771, 
1815) 1092412742, 
1816) 1092759793, 
1817) 1093488633, 
1818) 1096543952, 
1819) 1096977757, 
1820) 1097424959, 
1821) 1098751084, 
1822) 1099733017, 
1823) 1099897442, 
1824) 1100349327, 
1825) 1100568154, 
1826) 1101212251, 
1827) 1101539742, 
1828) 1101637006, 
1829) 1101639360, 
1830) 1103250296, 
1831) 1103948305, 
1832) 1104367771, 
1833) 1104682244, 
1834) 1104846335, 
1835) 1106625247, 
1836) 1107369233, 
1837) 1107723818, 
1838) 1108048357, 
1839) 1109525246, 
1840) 1110091382, 
1841) 1110150287, 
1842) 1110423745, 
1843) 1110611398, 
1844) 1112024181, 
1845) 1113104954, 
1846) 1114102121, 
1847) 1114234459, 
1848) 1114642829, 
1849) 1115115226, 
1850) 1115823006, 
1851) 1116889665, 
1852) 1116915733, 
1853) 1116950169, 
1854) 1117361106, 
1855) 1117416144, 
1856) 1118251419, 
1857) 1118620283, 
1858) 1118973494, 
1859) 1119509952, 
1860) 1119665615, 
1861) 1119994610, 
1862) 1120487276, 
1863) 1120786326, 
1864) 1121010072, 
1865) 1121411737, 
1866) 1121530812, 
1867) 1121691469, 
1868) 1122156096, 
1869) 1123400897, 
1870) 1124106153, 
1871) 1124838333, 
1872) 1124891893, 
1873) 1125739788, 
1874) 1125850103, 
1875) 1126926772, 
1876) 1127403371, 
1877) 1127511877, 
1878) 1127798605, 
1879) 1128006949, 
1880) 1128662069, 
1881) 1129546206, 
1882) 1129837048, 
1883) 1130025329, 
1884) 1130714836, 
1885) 1131886677, 
1886) 1134030663, 
1887) 1134640635, 
1888) 1134872698, 
1889) 1135211725, 
1890) 1135524321, 
1891) 1135527203, 
1892) 1135657584, 
1893) 1136519749, 
1894) 1136679574, 
1895) 1137179718, 
1896) 1137255406, 
1897) 1138462692, 
1898) 1138938036, 
1899) 1139116269, 
1900) 1139221263, 
1901) 1140673366, 
1902) 1140940343, 
1903) 1141013522, 
1904) 1141281045, 
1905) 1141298139, 
1906) 1141436032, 
1907) 1141590923, 
1908) 1141646588, 
1909) 1141708569, 
1910) 1143856825, 
1911) 1144630783, 
1912) 1145738778, 
1913) 1146425820, 
1914) 1146718327, 
1915) 1146806965, 
1916) 1147326888, 
1917) 1147701479, 
1918) 1148828928, 
1919) 1149359802, 
1920) 1150002422, 
1921) 1150171337, 
1922) 1150290974, 
1923) 1150442630, 
1924) 1151432099, 
1925) 1151454326, 
1926) 1153199969, 
1927) 1153248795, 
1928) 1153482165, 
1929) 1153520047, 
1930) 1154401941, 
1931) 1154577806, 
1932) 1156711140, 
1933) 1156783295, 
1934) 1157253850, 
1935) 1157289089, 
1936) 1157704628, 
1937) 1158318548, 
1938) 1158662852, 
1939) 1159278116, 
1940) 1159767530, 
1941) 1160147102, 
1942) 1162243938, 
1943) 1162315185, 
1944) 1162789105, 
1945) 1163093145, 
1946) 1163673953, 
1947) 1164345574, 
1948) 1164739582, 
1949) 1164911614, 
1950) 1165107493, 
1951) 1165229812, 
1952) 1166549978, 
1953) 1167672746, 
1954) 1167779945, 
1955) 1167791081, 
1956) 1168858966, 
1957) 1169237811, 
1958) 1169725843, 
1959) 1170137139, 
1960) 1170540621, 
1961) 1170616963, 
1962) 1171914057, 
1963) 1172253110, 
1964) 1176407412, 
1965) 1176759094, 
1966) 1178791952, 
1967) 1179098764, 
1968) 1179245492, 
1969) 1179353484, 
1970) 1179485304, 
1971) 1180629914, 
1972) 1181369564, 
1973) 1182037881, 
1974) 1182425727, 
1975) 1182617319, 
1976) 1182932657, 
1977) 1182977361, 
1978) 1183559371, 
1979) 1184201830, 
1980) 1184354466, 
1981) 1184518031, 
1982) 1185521091, 
1983) 1185539278, 
1984) 1186072742, 
1985) 1187708007, 
1986) 1188311992, 
1987) 1188754265, 
1988) 1189227908, 
1989) 1189946951, 
1990) 1190019563, 
1991) 1190186109, 
1992) 1190332310, 
1993) 1190771290, 
1994) 1193157114, 
1995) 1193325209, 
1996) 1193472931, 
1997) 1194876750, 
1998) 1195140786, 
1999) 1195356484, 
2000) 1196869514, 
2001) 1197221726, 
2002) 1197640912, 
2003) 1198443724, 
2004) 1198800136, 
2005) 1199899418, 
2006) 1200029942, 
2007) 1200226618, 
2008) 1200555076, 
2009) 1202047313, 
2010) 1202648926, 
2011) 1202722129, 
2012) 1202827618, 
2013) 1202956404, 
2014) 1203160288, 
2015) 1204235596, 
2016) 1204667348, 
2017) 1204702785, 
2018) 1204733411, 
2019) 1204756250, 
2020) 1205207008, 
2021) 1205267301, 
2022) 1205965502, 
2023) 1206112862, 
2024) 1206288087, 
2025) 1206635726, 
2026) 1206900366, 
2027) 1208664222, 
2028) 1208664423, 
2029) 1209238612, 
2030) 1209426887, 
2031) 1209549118, 
2032) 1211447658, 
2033) 1211634882, 
2034) 1211719841, 
2035) 1212473929, 
2036) 1212809648, 
2037) 1213106754, 
2038) 1213624770, 
2039) 1213667532, 
2040) 1214105513, 
2041) 1214749092, 
2042) 1217992045, 
2043) 1218369517, 
2044) 1220262370, 
2045) 1220922664, 
2046) 1222314153, 
2047) 1227146159, 
2048) 1227372635, 
2049) 1228026898, 
2050) 1228788006, 
2051) 1229016468, 
2052) 1229666223, 
2053) 1230516921, 
2054) 1231187062, 
2055) 1231591092, 
2056) 1232269744, 
2057) 1232686385, 
2058) 1232973213, 
2059) 1233295735, 
2060) 1234163846, 
2061) 1235216301, 
2062) 1235960205, 
2063) 1236039001, 
2064) 1236949219, 
2065) 1237348906, 
2066) 1237850635, 
2067) 1238314412, 
2068) 1238551908, 
2069) 1239257016, 
2070) 1239872207, 
2071) 1240159035, 
2072) 1240287987, 
2073) 1240531556, 
2074) 1241851876, 
2075) 1242243795, 
2076) 1242830810, 
2077) 1243205865, 
2078) 1244751202, 
2079) 1246130822, 
2080) 1246969129, 
2081) 1247043777, 
2082) 1248157387, 
2083) 1248816930, 
2084) 1250158122, 
2085) 1250548631, 
2086) 1251773610, 
2087) 1252000700, 
2088) 1253216054, 
2089) 1253233541, 
2090) 1253269696, 
2091) 1253335559, 
2092) 1254559149, 
2093) 1254802014, 
2094) 1254916462, 
2095) 1256459208, 
2096) 1257197045, 
2097) 1257756459, 
2098) 1258509148, 
2099) 1259147270, 
2100) 1259548390, 
2101) 1259871052, 
2102) 1260482227, 
2103) 1260572716, 
2104) 1261362266, 
2105) 1261604931, 
2106) 1261942813, 
2107) 1262750590, 
2108) 1263004201, 
2109) 1263565184, 
2110) 1264012212, 
2111) 1265072121, 
2112) 1265820930, 
2113) 1265991384, 
2114) 1266108352, 
2115) 1266883752, 
2116) 1267198812, 
2117) 1268178297, 
2118) 1268946832, 
2119) 1269574753, 
2120) 1270001357, 
2121) 1270018843, 
2122) 1273844308, 
2123) 1274360083, 
2124) 1274387231, 
2125) 1275472866, 
2126) 1275905502, 
2127) 1276427344, 
2128) 1277316922, 
2129) 1277603686, 
2130) 1278453294, 
2131) 1278511166, 
2132) 1279616957, 
2133) 1279954779, 
2134) 1280208734, 
2135) 1280533948, 
2136) 1280559700, 
2137) 1280689754, 
2138) 1281101717, 
2139) 1281810359, 
2140) 1282072739, 
2141) 1282617881, 
2142) 1283000709, 
2143) 1283340595, 
2144) 1283454908, 
2145) 1283529863, 
2146) 1284637414, 
2147) 1284737736, 
2148) 1284920054, 
2149) 1285416576, 
2150) 1285484906, 
2151) 1285908090, 
2152) 1286152708, 
2153) 1286779760, 
2154) 1287028121, 
2155) 1287987508, 
2156) 1288364842, 
2157) 1289221058, 
2158) 1290315739, 
2159) 1290984421, 
2160) 1291015712, 
2161) 1292070370, 
2162) 1292833440, 
2163) 1293821219, 
2164) 1294512898, 
2165) 1295424177, 
2166) 1295451079, 
2167) 1295645597, 
2168) 1296352307, 
2169) 1298393323, 
2170) 1298657140, 
2171) 1298715760, 
2172) 1299515288, 
2173) 1299524209, 
2174) 1300192891, 
2175) 1300258818, 
2176) 1301515133, 
2177) 1301618524, 
2178) 1301698208, 
2179) 1302669347, 
2180) 1303066575, 
2181) 1303890737, 
2182) 1304822962, 
2183) 1305215628, 
2184) 1306495416, 
2185) 1306670577, 
2186) 1306703451, 
2187) 1306925267, 
2188) 1307479301, 
2189) 1307602951, 
2190) 1308341264, 
2191) 1308537804, 
2192) 1310392487, 
2193) 1310550087, 
2194) 1311249745, 
2195) 1311711089, 
2196) 1312198957, 
2197) 1312342791, 
2198) 1312585039, 
2199) 1313463144, 
2200) 1315387219, 
2201) 1316881611, 
2202) 1317076077, 
2203) 1318013991, 
2204) 1318040961, 
2205) 1318375808, 
2206) 1319831876, 
2207) 1320135866, 
2208) 1320148908, 
2209) 1320693474, 
2210) 1321710453, 
2211) 1322488579, 
2212) 1322531051, 
2213) 1323148775, 
2214) 1323593100, 
2215) 1323683769, 
2216) 1324250518, 
2217) 1324939501, 
2218) 1327245564, 
2219) 1328052206, 
2220) 1328617450, 
2221) 1328903009, 
2222) 1330581795, 
2223) 1330701603, 
2224) 1330757176, 
2225) 1330984410, 
2226) 1331211157, 
2227) 1331649393, 
2228) 1331963076, 
2229) 1333407166, 
2230) 1333439849, 
2231) 1333627574, 
2232) 1333715430, 
2233) 1333727970, 
2234) 1334153087, 
2235) 1334319625, 
2236) 1335513668, 
2237) 1337643989, 
2238) 1337762752, 
2239) 1337831149, 
2240) 1338707843, 
2241) 1338896844, 
2242) 1339175785, 
2243) 1339941360, 
2244) 1340136699, 
2245) 1341171782, 
2246) 1342603354, 
2247) 1342980640, 
2248) 1343570156, 
2249) 1343713640, 
2250) 1344113266, 
2251) 1344200734, 
2252) 1345002141, 
2253) 1345854608, 
2254) 1346067742, 
2255) 1346514012, 
2256) 1346922250, 
2257) 1347518360, 
2258) 1347870023, 
2259) 1348187748, 
2260) 1348704893, 
2261) 1348811890, 
2262) 1349083724, 
2263) 1349494459, 
2264) 1350062668, 
2265) 1350426799, 
2266) 1350722080, 
2267) 1352082997, 
2268) 1353426235, 
2269) 1353634678, 
2270) 1353791659, 
2271) 1354426603, 
2272) 1355587447, 
2273) 1355835915, 
2274) 1356962706, 
2275) 1357100973, 
2276) 1357841046, 
2277) 1358067991, 
2278) 1358462219, 
2279) 1358624036, 
2280) 1359315561, 
2281) 1360073491, 
2282) 1362228731, 
2283) 1362288568, 
2284) 1362909520, 
2285) 1363562193, 
2286) 1363978589, 
2287) 1364700393, 
2288) 1365141766, 
2289) 1365694035, 
2290) 1366965445, 
2291) 1367887862, 
2292) 1367929586, 
2293) 1368678674, 
2294) 1370984568, 
2295) 1371290644, 
2296) 1372994290, 
2297) 1373997124, 
2298) 1374264148, 
2299) 1374481546, 
2300) 1374571550, 
2301) 1374747474, 
2302) 1375294421, 
2303) 1376020045, 
2304) 1376359975, 
2305) 1376437449, 
2306) 1377316577, 
2307) 1377513352, 
2308) 1378444301, 
2309) 1379354595, 
2310) 1379444980, 
2311) 1381267459, 
2312) 1382281761, 
2313) 1384918700, 
2314) 1384959682, 
2315) 1385212018, 
2316) 1385528494, 
2317) 1386581597, 
2318) 1388094700, 
2319) 1389219047, 
2320) 1389740524, 
2321) 1390071656, 
2322) 1390349473, 
2323) 1390819622, 
2324) 1394248809, 
2325) 1394811310, 
2326) 1395098988, 
2327) 1395325209, 
2328) 1395725525, 
2329) 1395962295, 
2330) 1396692453, 
2331) 1397586907, 
2332) 1398160909, 
2333) 1398195365, 
2334) 1398819073, 
2335) 1399732969, 
2336) 1399775204, 
2337) 1399775423, 
2338) 1400776900, 
2339) 1401173439, 
2340) 1401419896, 
2341) 1401762077, 
2342) 1401867154, 
2343) 1402340600, 
2344) 1402421480, 
2345) 1403563726, 
2346) 1403670044, 
2347) 1404392455, 
2348) 1405187157, 
2349) 1405800789, 
2350) 1406535332, 
2351) 1406763256, 
2352) 1407354299, 
2353) 1410326676, 
2354) 1410872693, 
2355) 1412213944, 
2356) 1413027552, 
2357) 1413036153, 
2358) 1413455795, 
2359) 1414678396, 
2360) 1414758253, 
2361) 1415156880, 
2362) 1417662012, 
2363) 1418394224, 
2364) 1418927312, 
2365) 1419825808, 
2366) 1420637218, 
2367) 1422347090, 
2368) 1422364446, 
2369) 1422433688, 
2370) 1422903225, 
2371) 1423241264, 
2372) 1423505598, 
2373) 1423651907, 
2374) 1423946986, 
2375) 1424467689, 
2376) 1424503687, 
2377) 1425903545, 
2378) 1426438308, 
2379) 1426789237, 
2380) 1427037859, 
2381) 1427309818, 
2382) 1428662209, 
2383) 1428788380, 
2384) 1429480902, 
2385) 1430177862, 
2386) 1431940256, 
2387) 1432063438, 
2388) 1432191150, 
2389) 1432478383, 
2390) 1433619514, 
2391) 1433883750, 
2392) 1433999353, 
2393) 1434396351, 
2394) 1435385666, 
2395) 1435843352, 
2396) 1436527048, 
2397) 1436646265, 
2398) 1437331701, 
2399) 1437730313, 
2400) 1438467474, 
2401) 1440750180, 
2402) 1440993407, 
2403) 1442209015, 
2404) 1442404527, 
2405) 1442877396, 
2406) 1443226287, 
2407) 1444157160, 
2408) 1445986074, 
2409) 1445995903, 
2410) 1446859381, 
2411) 1447798197, 
2412) 1448096421, 
2413) 1448786899, 
2414) 1449422392, 
2415) 1449553257, 
2416) 1451203850, 
2417) 1452127009, 
2418) 1452170755, 
2419) 1452658994, 
2420) 1454174242, 
2421) 1455703291, 
2422) 1456092847, 
2423) 1457598369, 
2424) 1457712785, 
2425) 1458303263, 
2426) 1458624406, 
2427) 1459520914, 
2428) 1461869819, 
2429) 1462131328, 
2430) 1465624408, 
2431) 1465647119, 
2432) 1465943532, 
2433) 1465963699, 
2434) 1466097656, 
2435) 1466432440, 
2436) 1466508341, 
2437) 1467126563, 
2438) 1467173442, 
2439) 1467418797, 
2440) 1467592182, 
2441) 1468961041, 
2442) 1469122082, 
2443) 1469140545, 
2444) 1469276451, 
2445) 1470654257, 
2446) 1470755958, 
2447) 1471493833, 
2448) 1471550203, 
2449) 1471904726, 
2450) 1472415548, 
2451) 1472890632, 
2452) 1473716918, 
2453) 1473743996, 
2454) 1473777213, 
2455) 1473877156, 
2456) 1474080046, 
2457) 1474938866, 
2458) 1475155660, 
2459) 1475845482, 
2460) 1476239737, 
2461) 1477027274, 
2462) 1477640777, 
2463) 1477987466, 
2464) 1479380103, 
2465) 1479425445, 
2466) 1480065130, 
2467) 1480907011, 
2468) 1481202589, 
2469) 1481997784, 
2470) 1482395531, 
2471) 1482441488, 
2472) 1484114680, 
2473) 1484938190, 
2474) 1485203630, 
2475) 1485657526, 
2476) 1487235834, 
2477) 1487745042, 
2478) 1487970832, 
2479) 1488183934, 
2480) 1489260862, 
2481) 1489340580, 
2482) 1489830254, 
2483) 1490003698, 
2484) 1490477615, 
2485) 1490837053, 
2486) 1491035056, 
2487) 1491215450, 
2488) 1491497391, 
2489) 1492093988, 
2490) 1493043928, 
2491) 1493935670, 
2492) 1494161696, 
2493) 1494699711, 
2494) 1494853240, 
2495) 1495105916, 
2496) 1495284545, 
2497) 1496904870, 
2498) 1498644194, 
2499) 1498731056, 
2500) 1500022558, 
2501) 1500269370, 
2502) 1500708051, 
2503) 1500890352, 
2504) 1500972178, 
2505) 1501045311, 
2506) 1501404907, 
2507) 1502513978, 
2508) 1503105810, 
2509) 1503469098, 
2510) 1504113729, 
2511) 1504941785, 
2512) 1506240317, 
2513) 1507537448, 
2514) 1509276255, 
2515) 1509808232, 
2516) 1510178064, 
2517) 1510804167, 
2518) 1511006812, 
2519) 1511094939, 
2520) 1511416979, 
2521) 1511672766, 
2522) 1512542247, 
2523) 1513615621, 
2524) 1514103403, 
2525) 1514237881, 
2526) 1514595665, 
2527) 1515320461, 
2528) 1518330013, 
2529) 1518649146, 
2530) 1519237688, 
2531) 1519384782, 
2532) 1519549135, 
2533) 1519623382, 
2534) 1519673371, 
2535) 1520029667, 
2536) 1520312581, 
2537) 1520471607, 
2538) 1520631099, 
2539) 1520837969, 
2540) 1520862285, 
2541) 1521303704, 
2542) 1521681261, 
2543) 1521906262, 
2544) 1523946392, 
2545) 1524274035, 
2546) 1526339276, 
2547) 1526972391, 
2548) 1527546493, 
2549) 1529054022, 
2550) 1529112455, 
2551) 1529518169, 
2552) 1529838158, 
2553) 1530275726, 
2554) 1530357690, 
2555) 1530678802, 
2556) 1530732211, 
2557) 1531081842, 
2558) 1531359294, 
2559) 1531360620, 
2560) 1532166813, 
2561) 1532290653, 
2562) 1533940196, 
2563) 1533969994, 
2564) 1534954089, 
2565) 1535329935, 
2566) 1536817948, 
2567) 1537148251, 
2568) 1537355817, 
2569) 1537784325, 
2570) 1539034622, 
2571) 1539427083, 
2572) 1539596741, 
2573) 1539809041, 
2574) 1540360151, 
2575) 1540588791, 
2576) 1540692758, 
2577) 1541081801, 
2578) 1542509225, 
2579) 1542631555, 
2580) 1542831407, 
2581) 1543118039, 
2582) 1543229526, 
2583) 1543621365, 
2584) 1544070556, 
2585) 1545819594, 
2586) 1546864171, 
2587) 1547472765, 
2588) 1547696857, 
2589) 1548517902, 
2590) 1548622640, 
2591) 1548669474, 
2592) 1549664337, 
2593) 1549873560, 
2594) 1550706559, 
2595) 1550901402, 
2596) 1550969645, 
2597) 1551037022, 
2598) 1551057503, 
2599) 1551654479, 
2600) 1553145576, 
2601) 1553652980, 
2602) 1554035853, 
2603) 1554169799, 
2604) 1554589845, 
2605) 1554655966, 
2606) 1556153473, 
2607) 1556467761, 
2608) 1557407020, 
2609) 1557560324, 
2610) 1557720241, 
2611) 1558200882, 
2612) 1558234834, 
2613) 1558415311, 
2614) 1559350672, 
2615) 1559752216, 
2616) 1560748892, 
2617) 1561182831, 
2618) 1561489160, 
2619) 1561691952, 
2620) 1562484425, 
2621) 1562918388, 
2622) 1564044486, 
2623) 1565225614, 
2624) 1565311111, 
2625) 1565654742, 
2626) 1565783483, 
2627) 1566609404, 
2628) 1567914121, 
2629) 1568681713, 
2630) 1568793407, 
2631) 1571361872, 
2632) 1571913358, 
2633) 1572059526, 
2634) 1573032002, 
2635) 1573348994, 
2636) 1574195884, 
2637) 1575088901, 
2638) 1575723806, 
2639) 1576028421, 
2640) 1576860645, 
2641) 1576933501, 
2642) 1577143208, 
2643) 1577277753, 
2644) 1577708207, 
2645) 1577980705, 
2646) 1578517546, 
2647) 1578758657, 
2648) 1579368619, 
2649) 1579470268, 
2650) 1580248104, 
2651) 1581190089, 
2652) 1582132506, 
2653) 1582750816, 
2654) 1582951088, 
2655) 1583009626, 
2656) 1583010825, 
2657) 1583159998, 
2658) 1583401945, 
2659) 1583510759, 
2660) 1583652392, 
2661) 1583872106, 
2662) 1584271339, 
2663) 1584653742, 
2664) 1585948241, 
2665) 1586157254, 
2666) 1586196350, 
2667) 1586737115, 
2668) 1588475264, 
2669) 1589308027, 
2670) 1589514086, 
2671) 1590183089, 
2672) 1590199645, 
2673) 1590705570, 
2674) 1591702388, 
2675) 1591752341, 
2676) 1592222104, 
2677) 1592344884, 
2678) 1593258019, 
2679) 1593662661, 
2680) 1594195117, 
2681) 1594236206, 
2682) 1594252113, 
2683) 1594398135, 
2684) 1594783273, 
2685) 1595412913, 
2686) 1595515455, 
2687) 1595840962, 
2688) 1596121485, 
2689) 1597171887, 
2690) 1597530526, 
2691) 1597828751, 
2692) 1598285780, 
2693) 1600337576, 
2694) 1600739943, 
2695) 1600915453, 
2696) 1601398308, 
2697) 1601482340, 
2698) 1601538290, 
2699) 1602802143, 
2700) 1603202300, 
2701) 1603598158, 
2702) 1603757711, 
2703) 1603780021, 
2704) 1604239398, 
2705) 1605270292, 
2706) 1605382234, 
2707) 1605737086, 
2708) 1605795124, 
2709) 1605933578, 
2710) 1606482612, 
2711) 1607609686, 
2712) 1608782635, 
2713) 1610068006, 
2714) 1610095668, 
2715) 1611078955, 
2716) 1611225784, 
2717) 1612139988, 
2718) 1613385533, 
2719) 1614356312, 
2720) 1615745796, 
2721) 1615866583, 
2722) 1616119163, 
2723) 1616386645, 
2724) 1616743093, 
2725) 1617125898, 
2726) 1618102255, 
2727) 1619708148, 
2728) 1622233863, 
2729) 1622744994, 
2730) 1623221882, 
2731) 1623648711, 
2732) 1625116798, 
2733) 1625270338, 
2734) 1625833863, 
2735) 1626322045, 
2736) 1630533984, 
2737) 1630635384, 
2738) 1631058425, 
2739) 1631439080, 
2740) 1632051904, 
2741) 1632628294, 
2742) 1633192130, 
2743) 1634193004, 
2744) 1635016930, 
2745) 1636299856, 
2746) 1637463652, 
2747) 1638084601, 
2748) 1638598725, 
2749) 1639142108, 
2750) 1639353501, 
2751) 1639764078, 
2752) 1640433491, 
2753) 1640749403, 
2754) 1641065564, 
2755) 1641289120, 
2756) 1641403737, 
2757) 1642597654, 
2758) 1643532454, 
2759) 1643570668, 
2760) 1644341060, 
2761) 1644731913, 
2762) 1645387583, 
2763) 1646195641, 
2764) 1646508627, 
2765) 1647011468, 
2766) 1648963623, 
2767) 1649981696, 
2768) 1651295467, 
2769) 1653709838, 
2770) 1654327397, 
2771) 1654397257, 
2772) 1654414858, 
2773) 1654663431, 
2774) 1655039799, 
2775) 1655242723, 
2776) 1655895967, 
2777) 1656003194, 
2778) 1656109310, 
2779) 1657921661, 
2780) 1658340720, 
2781) 1658509049, 
2782) 1658574735, 
2783) 1658601959, 
2784) 1659104053, 
2785) 1660082307, 
2786) 1660388790, 
2787) 1660471433, 
2788) 1660629328, 
2789) 1661721265, 
2790) 1661964289, 
2791) 1662267422, 
2792) 1662353301, 
2793) 1663464944, 
2794) 1664281228, 
2795) 1665227987, 
2796) 1665799143, 
2797) 1665840268, 
2798) 1667186703, 
2799) 1667852587, 
2800) 1668454333, 
2801) 1670065417, 
2802) 1670374755, 
2803) 1670718513, 
2804) 1671756829, 
2805) 1672786049, 
2806) 1673686127, 
2807) 1673714211, 
2808) 1673979031, 
2809) 1674823854, 
2810) 1674861971, 
2811) 1674902677, 
2812) 1674905553, 
2813) 1675564718, 
2814) 1676453065, 
2815) 1677279869, 
2816) 1677513691, 
2817) 1677845642, 
2818) 1678196352, 
2819) 1679223785, 
2820) 1679723240, 
2821) 1679979988, 
2822) 1680203681, 
2823) 1680799071, 
2824) 1680961399, 
2825) 1682008935, 
2826) 1682965276, 
2827) 1683117243, 
2828) 1683491638, 
2829) 1683914919, 
2830) 1684033082, 
2831) 1684361413, 
2832) 1686108339, 
2833) 1686898111, 
2834) 1687063256, 
2835) 1688733015, 
2836) 1688826380, 
2837) 1689154777, 
2838) 1689223666, 
2839) 1690142440, 
2840) 1692247580, 
2841) 1692249245, 
2842) 1692684669, 
2843) 1694175170, 
2844) 1694338893, 
2845) 1694557997, 
2846) 1695516576, 
2847) 1697055699, 
2848) 1697853775, 
2849) 1698418767, 
2850) 1698890809, 
2851) 1699426854, 
2852) 1699706048, 
2853) 1700161602, 
2854) 1701110262, 
2855) 1701220222, 
2856) 1701996353, 
2857) 1703074896, 
2858) 1703255271, 
2859) 1703951663, 
2860) 1704262554, 
2861) 1704562145, 
2862) 1705124943, 
2863) 1705141683, 
2864) 1706301658, 
2865) 1706696342, 
2866) 1706945940, 
2867) 1708846249, 
2868) 1710023409, 
2869) 1710407208, 
2870) 1710733189, 
2871) 1710749036, 
2872) 1711492579, 
2873) 1711937753, 
2874) 1712317613, 
2875) 1712802048, 
2876) 1713019023, 
2877) 1713221228, 
2878) 1713521165, 
2879) 1714042359, 
2880) 1714200436, 
2881) 1714443309, 
2882) 1714458948, 
2883) 1714623390, 
2884) 1714908059, 
2885) 1716084899, 
2886) 1716354423, 
2887) 1716551824, 
2888) 1716662690, 
2889) 1716720593, 
2890) 1717016656, 
2891) 1717403101, 
2892) 1717704398, 
2893) 1719075415, 
2894) 1719227604, 
2895) 1719256179, 
2896) 1719362725, 
2897) 1720423893, 
2898) 1722470685, 
2899) 1723980745, 
2900) 1724028627, 
2901) 1724226665, 
2902) 1724406321, 
2903) 1724790664, 
2904) 1725562706, 
2905) 1726080175, 
2906) 1726802668, 
2907) 1727789828, 
2908) 1728275040, 
2909) 1728631957, 
2910) 1729167765, 
2911) 1729646549, 
2912) 1731106137, 
2913) 1731350930, 
2914) 1731858735, 
2915) 1732199808, 
2916) 1732213511, 
2917) 1732394905, 
2918) 1732460975, 
2919) 1732681739, 
2920) 1732745960, 
2921) 1732810244, 
2922) 1733088638, 
2923) 1733828988, 
2924) 1734096758, 
2925) 1734582087, 
2926) 1734599180, 
2927) 1735038907, 
2928) 1736291097, 
2929) 1737357938, 
2930) 1737618321, 
2931) 1738315077, 
2932) 1739250034, 
2933) 1739309407, 
2934) 1739361374, 
2935) 1740116324, 
2936) 1740337176, 
2937) 1741169140, 
2938) 1741342908, 
2939) 1741855821, 
2940) 1741929271, 
2941) 1742237853, 
2942) 1742504270, 
2943) 1742635909, 
2944) 1744655724, 
2945) 1745121014, 
2946) 1745168572, 
2947) 1745386437, 
2948) 1747053496, 
2949) 1747913312, 
2950) 1748941081, 
2951) 1749064492, 
2952) 1749498349, 
2953) 1750878974, 
2954) 1751207978, 
2955) 1752382350, 
2956) 1752999896, 
2957) 1753417656, 
2958) 1753590975, 
2959) 1753665853, 
2960) 1754869958, 
2961) 1757004810, 
2962) 1757285342, 
2963) 1757491114, 
2964) 1757610201, 
2965) 1760590586, 
2966) 1761007136, 
2967) 1762178640, 
2968) 1762500464, 
2969) 1762543096, 
2970) 1762789398, 
2971) 1763044388, 
2972) 1763550594, 
2973) 1765283176, 
2974) 1766075609, 
2975) 1767086824, 
2976) 1767567991, 
2977) 1768486860, 
2978) 1768687043, 
2979) 1769638130, 
2980) 1769950211, 
2981) 1770136415, 
2982) 1770346224, 
2983) 1770567767, 
2984) 1771786105, 
2985) 1772421363, 
2986) 1772422592, 
2987) 1772704707, 
2988) 1774218677, 
2989) 1774580051, 
2990) 1774784790, 
2991) 1775054251, 
2992) 1776257746, 
2993) 1776583327, 
2994) 1776700132, 
2995) 1777615044, 
2996) 1777734654, 
2997) 1778417300, 
2998) 1778424258, 
2999) 1778511287, 
3000) 1778605032, 
3001) 1779700714, 
3002) 1780273515, 
3003) 1780308548, 
3004) 1780594108, 
3005) 1781051211, 
3006) 1781106907, 
3007) 1781815617, 
3008) 1782737178, 
3009) 1782977348, 
3010) 1783298068, 
3011) 1783379153, 
3012) 1783472386, 
3013) 1783869573, 
3014) 1785043266, 
3015) 1785313750, 
3016) 1785352404, 
3017) 1786052478, 
3018) 1786340325, 
3019) 1786433867, 
3020) 1786626721, 
3021) 1788875510, 
3022) 1789097734, 
3023) 1790031645, 
3024) 1790100919, 
3025) 1790106386, 
3026) 1790281701, 
3027) 1790674183, 
3028) 1790901710, 
3029) 1791758292, 
3030) 1791873997, 
3031) 1792542070, 
3032) 1792712705, 
3033) 1793308620, 
3034) 1793698531, 
3035) 1793773999, 
3036) 1794080552, 
3037) 1794578108, 
3038) 1794883477, 
3039) 1794928812, 
3040) 1795338462, 
3041) 1795387023, 
3042) 1796272563, 
3043) 1797915319, 
3044) 1801899863, 
3045) 1802054726, 
3046) 1803153492, 
3047) 1804351116, 
3048) 1805006205, 
3049) 1806487021, 
3050) 1808625109, 
3051) 1809026076, 
3052) 1810287747, 
3053) 1810357364, 
3054) 1810980238, 
3055) 1811257013, 
3056) 1811887709, 
3057) 1812376105, 
3058) 1812447678, 
3059) 1813437129, 
3060) 1814764590, 
3061) 1815350449, 
3062) 1817113380, 
3063) 1817756549, 
3064) 1818930128, 
3065) 1819628282, 
3066) 1819638805, 
3067) 1819879610, 
3068) 1820252439, 
3069) 1821326030, 
3070) 1821664135, 
3071) 1823046947, 
3072) 1823624684, 
3073) 1824365433, 
3074) 1825185095, 
3075) 1825815950, 
3076) 1825938640, 
3077) 1826044830, 
3078) 1826945181, 
3079) 1827088261, 
3080) 1827261266, 
3081) 1828041548, 
3082) 1828959067, 
3083) 1829402445, 
3084) 1829722748, 
3085) 1831351076, 
3086) 1831357699, 
3087) 1831643909, 
3088) 1832353441, 
3089) 1832408058, 
3090) 1832840383, 
3091) 1832913760, 
3092) 1834607848, 
3093) 1834716677, 
3094) 1834781523, 
3095) 1834985835, 
3096) 1835028098, 
3097) 1835058716, 
3098) 1838782761, 
3099) 1839049425, 
3100) 1839429344, 
3101) 1840143382, 
3102) 1840372686, 
3103) 1842231726, 
3104) 1842243688, 
3105) 1842527832, 
3106) 1842584123, 
3107) 1842875993, 
3108) 1843392320, 
3109) 1843988997, 
3110) 1844837429, 
3111) 1845928305, 
3112) 1846565411, 
3113) 1847137356, 
3114) 1847920360, 
3115) 1848034494, 
3116) 1848145792, 
3117) 1848652965, 
3118) 1848951204, 
3119) 1849472141, 
3120) 1850079140, 
3121) 1850147390, 
3122) 1850628292, 
3123) 1850897856, 
3124) 1851074094, 
3125) 1851727502, 
3126) 1853532164, 
3127) 1853586016, 
3128) 1853871322, 
3129) 1854318314, 
3130) 1855647268, 
3131) 1856795460, 
3132) 1856944694, 
3133) 1857045866, 
3134) 1857058577, 
3135) 1859760930, 
3136) 1860331484, 
3137) 1860432583, 
3138) 1860553046, 
3139) 1860806087, 
3140) 1860964775, 
3141) 1861927398, 
3142) 1862422449, 
3143) 1862481105, 
3144) 1864204750, 
3145) 1867046962, 
3146) 1867630014, 
3147) 1867791796, 
3148) 1868032274, 
3149) 1868960774, 
3150) 1869282498, 
3151) 1869326580, 
3152) 1870182451, 
3153) 1871042956, 
3154) 1872402216, 
3155) 1872716277, 
3156) 1872925087, 
3157) 1873319305, 
3158) 1873480018, 
3159) 1873574052, 
3160) 1873908555, 
3161) 1874278085, 
3162) 1874317166, 
3163) 1875425757, 
3164) 1875557947, 
3165) 1875892681, 
3166) 1875960526, 
3167) 1876261033, 
3168) 1876799935, 
3169) 1877078460, 
3170) 1877323599, 
3171) 1877636889, 
3172) 1877648738, 
3173) 1878541580, 
3174) 1878809188, 
3175) 1879920422, 
3176) 1882281559, 
3177) 1882365717, 
3178) 1882469084, 
3179) 1882628490, 
3180) 1882712478, 
3181) 1883489778, 
3182) 1883622718, 
3183) 1883707756, 
3184) 1883779706, 
3185) 1883854923, 
3186) 1884579941, 
3187) 1885917549, 
3188) 1886070331, 
3189) 1887326035, 
3190) 1888203024, 
3191) 1890785075, 
3192) 1890872478, 
3193) 1891226211, 
3194) 1892046834, 
3195) 1892377501, 
3196) 1892657655, 
3197) 1893335923, 
3198) 1893402635, 
3199) 1893764547, 
3200) 1894582427, 
3201) 1894615847, 
3202) 1894666391, 
3203) 1894996832, 
3204) 1895172697, 
3205) 1895732351, 
3206) 1895856929, 
3207) 1896410177, 
3208) 1896415407, 
3209) 1897000982, 
3210) 1897375818, 
3211) 1897612815, 
3212) 1897981404, 
3213) 1898198972, 
3214) 1898326895, 
3215) 1898351594, 
3216) 1898482576, 
3217) 1898672632, 
3218) 1899207121, 
3219) 1899228802, 
3220) 1899354821, 
3221) 1899587658, 
3222) 1900342955, 
3223) 1900521367, 
3224) 1901316151, 
3225) 1901840502, 
3226) 1901975569, 
3227) 1903855509, 
3228) 1903862693, 
3229) 1903926959, 
3230) 1904528340, 
3231) 1906206117, 
3232) 1906735886, 
3233) 1906756592, 
3234) 1907216928, 
3235) 1907683512, 
3236) 1907927410, 
3237) 1908116272, 
3238) 1908678703, 
3239) 1909275811, 
3240) 1910172671, 
3241) 1910560331, 
3242) 1910802147, 
3243) 1911120062, 
3244) 1911437776, 
3245) 1911796502, 
3246) 1911897425, 
3247) 1912364793, 
3248) 1913104200, 
3249) 1914502078, 
3250) 1915166112, 
3251) 1915356667, 
3252) 1916209018, 
3253) 1917321698, 
3254) 1917438520, 
3255) 1917582592, 
3256) 1918127465, 
3257) 1918587699, 
3258) 1920131694, 
3259) 1920134802, 
3260) 1920269876, 
3261) 1921138204, 
3262) 1921888445, 
3263) 1922299994, 
3264) 1923373490, 
3265) 1923431073, 
3266) 1923444142, 
3267) 1927478345, 
3268) 1929248672, 
3269) 1929699912, 
3270) 1931026011, 
3271) 1931261730, 
3272) 1932067159, 
3273) 1933031258, 
3274) 1933036713, 
3275) 1934177993, 
3276) 1935528864, 
3277) 1935583810, 
3278) 1936196109, 
3279) 1937115920, 
3280) 1937644494, 
3281) 1940480037, 
3282) 1940708022, 
3283) 1941081028, 
3284) 1941454867, 
3285) 1942433279, 
3286) 1943018713, 
3287) 1943781041, 
3288) 1943918672, 
3289) 1943994671, 
3290) 1944566842, 
3291) 1945947475, 
3292) 1946266365, 
3293) 1946672027, 
3294) 1946694351, 
3295) 1947165646, 
3296) 1947353268, 
3297) 1947568135, 
3298) 1947599300, 
3299) 1947613012, 
3300) 1948274801, 
3301) 1949726597, 
3302) 1949743569, 
3303) 1951652873, 
3304) 1951977508, 
3305) 1952453915, 
3306) 1953626091, 
3307) 1953699540, 
3308) 1954240730, 
3309) 1954814131, 
3310) 1955031459, 
3311) 1955619246, 
3312) 1955687156, 
3313) 1955770125, 
3314) 1955915343, 
3315) 1957131720, 
3316) 1957218800, 
3317) 1957652546, 
3318) 1957741529, 
3319) 1957854431, 
3320) 1959244372, 
3321) 1959330152, 
3322) 1959396183, 
3323) 1959597574, 
3324) 1959895310, 
3325) 1960102588, 
3326) 1960192413, 
3327) 1961690486, 
3328) 1961694867, 
3329) 1962428473, 
3330) 1962679743, 
3331) 1962815022, 
3332) 1963032380, 
3333) 1963114474, 
3334) 1963433856, 
3335) 1963561140, 
3336) 1963688208, 
3337) 1965083264, 
3338) 1965587834, 
3339) 1966025110, 
3340) 1966307391, 
3341) 1967772797, 
3342) 1967947468, 
3343) 1969544504, 
3344) 1969795390, 
3345) 1970213677, 
3346) 1971105231, 
3347) 1971224828, 
3348) 1971896498, 
3349) 1972111160, 
3350) 1972111187, 
3351) 1973287177, 
3352) 1973667839, 
3353) 1974411152, 
3354) 1974916742, 
3355) 1975589261, 
3356) 1975816650, 
3357) 1975858773, 
3358) 1975917328, 
3359) 1976680530, 
3360) 1977831458, 
3361) 1978348267, 
3362) 1978428191, 
3363) 1978844743, 
3364) 1979190899, 
3365) 1979302166, 
3366) 1979551830, 
3367) 1979623340, 
3368) 1979640381, 
3369) 1981529886, 
3370) 1982436853, 
3371) 1982768045, 
3372) 1982817224, 
3373) 1983294954, 
3374) 1983314715, 
3375) 1983831320, 
3376) 1985185814, 
3377) 1986515873, 
3378) 1986596547, 
3379) 1987029007, 
3380) 1987129551, 
3381) 1987484244, 
3382) 1987855301, 
3383) 1988532645, 
3384) 1989565173, 
3385) 1989584282, 
3386) 1989903440, 
3387) 1990068086, 
3388) 1990073258, 
3389) 1990255389, 
3390) 1991302867, 
3391) 1991579609, 
3392) 1993137497, 
3393) 1993929902, 
3394) 1994034729, 
3395) 1995315272, 
3396) 1997778527, 
3397) 1998082457, 
3398) 1998401513, 
3399) 1998403009, 
3400) 2000378674, 
3401) 2000690947, 
3402) 2001235825, 
3403) 2002033042, 
3404) 2002812785, 
3405) 2003151464, 
3406) 2003253377, 
3407) 2003398456, 
3408) 2003864713, 
3409) 2004275040, 
3410) 2004402922, 
3411) 2004599985, 
3412) 2005637881, 
3413) 2006386915, 
3414) 2007021248, 
3415) 2007159703, 
3416) 2007933210, 
3417) 2008029170, 
3418) 2010012506, 
3419) 2011906996, 
3420) 2012965724, 
3421) 2014093998, 
3422) 2015072564, 
3423) 2017177264, 
3424) 2020146127, 
3425) 2021211345, 
3426) 2021259483, 
3427) 2022229984, 
3428) 2022375751, 
3429) 2023380408, 
3430) 2024151598, 
3431) 2024262119, 
3432) 2024646477, 
3433) 2025515731, 
3434) 2025688799, 
3435) 2026423140, 
3436) 2026765854, 
3437) 2027534241, 
3438) 2028228569, 
3439) 2029056519, 
3440) 2030996912, 
3441) 2032196865, 
3442) 2032227701, 
3443) 2033497150, 
3444) 2033650567, 
3445) 2034565941, 
3446) 2035046647, 
3447) 2035886146, 
3448) 2036178730, 
3449) 2036272893, 
3450) 2036833167, 
3451) 2037497849, 
3452) 2037503860, 
3453) 2037858510, 
3454) 2038041777, 
3455) 2038424542, 
3456) 2038955977, 
3457) 2039005353, 
3458) 2039585834, 
3459) 2041171951, 
3460) 2041393676, 
3461) 2042598138, 
3462) 2043705136, 
3463) 2044167192, 
3464) 2044191248, 
3465) 2044580916, 
3466) 2045009032, 
3467) 2045483156, 
3468) 2046633437, 
3469) 2047283800, 
3470) 2048476814, 
3471) 2049537753, 
3472) 2051357797, 
3473) 2051485887, 
3474) 2052762916, 
3475) 2053393101, 
3476) 2053704811, 
3477) 2053951433, 
3478) 2054022408, 
3479) 2055881890, 
3480) 2057122240, 
3481) 2057833467, 
3482) 2059146605, 
3483) 2059291236, 
3484) 2059384843, 
3485) 2059408655, 
3486) 2059695097, 
3487) 2059718242, 
3488) 2060813456, 
3489) 2061154299, 
3490) 2061723650, 
3491) 2062066699, 
3492) 2062651650, 
3493) 2062664184, 
3494) 2064261600, 
3495) 2065159930, 
3496) 2065335414, 
3497) 2065668306, 
3498) 2066947385, 
3499) 2067081871, 
3500) 2067685879, 
3501) 2068052887, 
3502) 2068872418, 
3503) 2069424741, 
3504) 2071069381, 
3505) 2071805406, 
3506) 2072012367, 
3507) 2072293915, 
3508) 2072759945, 
3509) 2073411942, 
3510) 2075050465, 
3511) 2075574239, 
3512) 2076493361, 
3513) 2078137645, 
3514) 2078849321, 
3515) 2079375989, 
3516) 2079539845, 
3517) 2079776615, 
3518) 2079983100, 
3519) 2080068028, 
3520) 2080184950, 
3521) 2080551908, 
3522) 2080705692, 
3523) 2081115262, 
3524) 2081785509, 
3525) 2081897268, 
3526) 2082062583, 
3527) 2082291660, 
3528) 2082404252, 
3529) 2082750888, 
3530) 2083706764, 
3531) 2085489009, 
3532) 2085923178, 
3533) 2086615885, 
3534) 2087407816, 
3535) 2087787653, 
3536) 2088039748, 
3537) 2088463422, 
3538) 2088505741, 
3539) 2088642549, 
3540) 2089417526, 
3541) 2090968198, 
3542) 2091743083, 
3543) 2091781974, 
3544) 2092114091, 
3545) 2093265773, 
3546) 2093896684, 
3547) 2094343152, 
3548) 2094966254, 
3549) 2095828738, 
3550) 2096119761, 
3551) 2098091386, 
3552) 2098311968, 
3553) 2099327374, 
3554) 2099667261, 
3555) 2099741601, 
3556) 2100939540, 
3557) 2101455861, 
3558) 2101739898, 
3559) 2102382350, 
3560) 2103288977, 
3561) 2103720810, 
3562) 2103821326, 
3563) 2104389047, 
3564) 2105571663, 
3565) 2108642950, 
3566) 2109351834, 
3567) 2109606520, 
3568) 2109725100, 
3569) 2109877609, 
3570) 2109900421, 
3571) 2110910909, 
3572) 2110969293, 
3573) 2111628845, 
3574) 2112099805, 
3575) 2113019790, 
3576) 2113544615, 
3577) 2113570217, 
3578) 2114196494, 
3579) 2114875980, 
3580) 2115574790, 
3581) 2115681040, 
3582) 2115868346, 
3583) 2115968859, 
3584) 2116058763, 
3585) 2117367181, 
3586) 2118467831, 
3587) 2118636506, 
3588) 2119423023, 
3589) 2119792960, 
3590) 2120321043, 
3591) 2121026077, 
3592) 2121307638, 
3593) 2122941265, 
3594) 2123822064, 
3595) 2124912099, 
3596) 2126237955, 
3597) 2127077355, 
3598) 2127206355, 
3599) 2127620943, 
3600) 2128004408, 
3601) 2128290867, 
3602) 2130402690, 
3603) 2130728457, 
3604) 2131056830, 
3605) 2131060128, 
3606) 2131477150, 
3607) 2131805191, 
3608) 2132036211, 
3609) 2132783540, 
3610) 2133005787, 
3611) 2133439768, 
3612) 2133636093, 
3613) 2136363625, 
3614) 2137495260, 
3615) 2138489704, 
3616) 2139320586, 
3617) 2140051637, 
3618) 2142860783, 
3619) 2143408768, 
3620) 2143800762, 
3621) 2144585520, 
3622) 2145089567, 
3623) 2145567086, 
3624) 2145767165, 
3625) 2146016248, 
3626) 2146063406, 
3627) 2148803170, 
3628) 2149402859, 
3629) 2149638362, 
3630) 2150183310, 
3631) 2150329971, 
3632) 2150664181, 
3633) 2151080875, 
3634) 2153060345, 
3635) 2153203194, 
3636) 2153726532, 
3637) 2153793538, 
3638) 2154712533, 
3639) 2155187209, 
3640) 2155290142, 
3641) 2155747809, 
3642) 2156933540, 
3643) 2157688647, 
3644) 2158665133, 
3645) 2159535263, 
3646) 2159785481, 
3647) 2159904851, 
3648) 2160293519, 
3649) 2160607805, 
3650) 2161406572, 
3651) 2161517471, 
3652) 2161595396, 
3653) 2162499052, 
3654) 2163363338, 
3655) 2164089481, 
3656) 2165324409, 
3657) 2165428400, 
3658) 2166274919, 
3659) 2166733325, 
3660) 2167694766, 
3661) 2168411444, 
3662) 2168697587, 
3663) 2169127574, 
3664) 2169590008, 
3665) 2170405878, 
3666) 2170584250, 
3667) 2170620745, 
3668) 2170632098, 
3669) 2172277388, 
3670) 2172598389, 
3671) 2172736275, 
3672) 2172739322, 
3673) 2173560161, 
3674) 2174644437, 
3675) 2175263151, 
3676) 2175355775, 
3677) 2175470129, 
3678) 2177065567, 
3679) 2177087501, 
3680) 2177911175, 
3681) 2177958939, 
3682) 2178234963, 
3683) 2179429811, 
3684) 2179600128, 
3685) 2179656684, 
3686) 2180318564, 
3687) 2182104413, 
3688) 2182163480, 
3689) 2182817291, 
3690) 2183388882, 
3691) 2184304059, 
3692) 2184415391, 
3693) 2184617034, 
3694) 2184642322, 
3695) 2184880649, 
3696) 2185516186, 
3697) 2187009504, 
3698) 2187893193, 
3699) 2188437997, 
3700) 2189503208, 
3701) 2189941096, 
3702) 2190131892, 
3703) 2190688167, 
3704) 2190830490, 
3705) 2191071818, 
3706) 2191282055, 
3707) 2191457230, 
3708) 2191459213, 
3709) 2192725280, 
3710) 2192805811, 
3711) 2193149640, 
3712) 2193967397, 
3713) 2194226480, 
3714) 2197173293, 
3715) 2197528923, 
3716) 2197916199, 
3717) 2198220387, 
3718) 2198316383, 
3719) 2198383178, 
3720) 2198460709, 
3721) 2198806038, 
3722) 2201339711, 
3723) 2202207834, 
3724) 2203433881, 
3725) 2204145333, 
3726) 2204199749, 
3727) 2205068322, 
3728) 2205232315, 
3729) 2205370332, 
3730) 2205849177, 
3731) 2206144833, 
3732) 2206163023, 
3733) 2207297766, 
3734) 2207666259, 
3735) 2207730968, 
3736) 2208709448, 
3737) 2209000720, 
3738) 2209442581, 
3739) 2210298394, 
3740) 2211310344, 
3741) 2211808353, 
3742) 2212007068, 
3743) 2212110871, 
3744) 2214195870, 
3745) 2214667738, 
3746) 2214850600, 
3747) 2217092260, 
3748) 2217099793, 
3749) 2217103339, 
3750) 2218732707, 
3751) 2218791223, 
3752) 2218959005, 
3753) 2219106241, 
3754) 2219368014, 
3755) 2220007956, 
3756) 2220954474, 
3757) 2221144648, 
3758) 2222369892, 
3759) 2222437159, 
3760) 2222543715, 
3761) 2223810828, 
3762) 2224951263, 
3763) 2225579964, 
3764) 2225647448, 
3765) 2227455441, 
3766) 2227954781, 
3767) 2228873312, 
3768) 2229018766, 
3769) 2229275260, 
3770) 2230173681, 
3771) 2230792608, 
3772) 2231359963, 
3773) 2231816274, 
3774) 2231914927, 
3775) 2232749276, 
3776) 2233568002, 
3777) 2234139696, 
3778) 2234241788, 
3779) 2235634839, 
3780) 2235750116, 
3781) 2236221060, 
3782) 2236382973, 
3783) 2238504899, 
3784) 2239066191, 
3785) 2239224732, 
3786) 2239888850, 
3787) 2240620378, 
3788) 2242191347, 
3789) 2242228148, 
3790) 2243322777, 
3791) 2243670500, 
3792) 2243681352, 
3793) 2244573410, 
3794) 2244967107, 
3795) 2245054855, 
3796) 2247470282, 
3797) 2247545365, 
3798) 2247725905, 
3799) 2248186218, 
3800) 2248641307, 
3801) 2249828951, 
3802) 2249830686, 
3803) 2249953611, 
3804) 2251481868, 
3805) 2251768227, 
3806) 2252064954, 
3807) 2252359133, 
3808) 2252506449, 
3809) 2252973664, 
3810) 2253171189, 
3811) 2254759149, 
3812) 2255038634, 
3813) 2255721837, 
3814) 2257425608, 
3815) 2259249567, 
3816) 2259622544, 
3817) 2260119145, 
3818) 2260234384, 
3819) 2260693638, 
3820) 2260921356, 
3821) 2261247627, 
3822) 2263208263, 
3823) 2263251696, 
3824) 2264076789, 
3825) 2264175123, 
3826) 2265130429, 
3827) 2265892837, 
3828) 2266426579, 
3829) 2266891581, 
3830) 2268786008, 
3831) 2268947349, 
3832) 2269083723, 
3833) 2269612470, 
3834) 2270565262, 
3835) 2270603180, 
3836) 2271363174, 
3837) 2271719872, 
3838) 2272463956, 
3839) 2273402429, 
3840) 2273445427, 
3841) 2275019289, 
3842) 2275256905, 
3843) 2275885598, 
3844) 2276405583, 
3845) 2276518436, 
3846) 2276634536, 
3847) 2276645899, 
3848) 2279269860, 
3849) 2280951657, 
3850) 2280997783, 
3851) 2282094676, 
3852) 2282377391, 
3853) 2282455323, 
3854) 2283200677, 
3855) 2283927727, 
3856) 2284101017, 
3857) 2284590932, 
3858) 2284943960, 
3859) 2285669662, 
3860) 2285891696, 
3861) 2286716094, 
3862) 2287891567, 
3863) 2287960972, 
3864) 2288704707, 
3865) 2288705268, 
3866) 2288756447, 
3867) 2288919102, 
3868) 2291001334, 
3869) 2291293546, 
3870) 2291320413, 
3871) 2291996878, 
3872) 2292092851, 
3873) 2292417887, 
3874) 2292435114, 
3875) 2292598856, 
3876) 2294773043, 
3877) 2294988532, 
3878) 2296645741, 
3879) 2297146776, 
3880) 2298165677, 
3881) 2298239877, 
3882) 2299516924, 
3883) 2299930621, 
3884) 2300441427, 
3885) 2301124086, 
3886) 2301494696, 
3887) 2302004511, 
3888) 2302090836, 
3889) 2302308601, 
3890) 2303249044, 
3891) 2303285548, 
3892) 2303668542, 
3893) 2303954799, 
3894) 2304002596, 
3895) 2305716093, 
3896) 2305961419, 
3897) 2305992493, 
3898) 2306185285, 
3899) 2306963885, 
3900) 2307942354, 
3901) 2308331495, 
3902) 2308407244, 
3903) 2309451862, 
3904) 2310640085, 
3905) 2311367224, 
3906) 2311825169, 
3907) 2312676931, 
3908) 2314247914, 
3909) 2314931582, 
3910) 2316058415, 
3911) 2316365966, 
3912) 2316540840, 
3913) 2316612258, 
3914) 2317205810, 
3915) 2319150430, 
3916) 2319207545, 
3917) 2319550156, 
3918) 2320027586, 
3919) 2320357413, 
3920) 2320923724, 
3921) 2321088697, 
3922) 2321215334, 
3923) 2321258310, 
3924) 2321482364, 
3925) 2324045216, 
3926) 2324050639, 
3927) 2324066653, 
3928) 2324239827, 
3929) 2324822701, 
3930) 2325415204, 
3931) 2326043496, 
3932) 2326515740, 
3933) 2327931118, 
3934) 2329654689, 
3935) 2330369876, 
3936) 2330665897, 
3937) 2331388052, 
3938) 2332355286, 
3939) 2333148703, 
3940) 2334336052, 
3941) 2334458109, 
3942) 2336213281, 
3943) 2336339204, 
3944) 2337947982, 
3945) 2338339642, 
3946) 2338549775, 
3947) 2339458837, 
3948) 2339484631, 
3949) 2340135622, 
3950) 2341521628, 
3951) 2341555660, 
3952) 2341962174, 
3953) 2342800207, 
3954) 2343976853, 
3955) 2345327326, 
3956) 2345706601, 
3957) 2345831765, 
3958) 2345946816, 
3959) 2346060115, 
3960) 2346319504, 
3961) 2347347173, 
3962) 2348509723, 
3963) 2349033346, 
3964) 2349710164, 
3965) 2350064147, 
3966) 2350717940, 
3967) 2350857214, 
3968) 2353492669, 
3969) 2354385769, 
3970) 2356645483, 
3971) 2357485951, 
3972) 2357606661, 
3973) 2357830237, 
3974) 2358470480, 
3975) 2359261001, 
3976) 2359332569, 
3977) 2359409771, 
3978) 2360705876, 
3979) 2362041115, 
3980) 2363030566, 
3981) 2363186015, 
3982) 2363190383, 
3983) 2363371770, 
3984) 2363520210, 
3985) 2363888336, 
3986) 2364291930, 
3987) 2364923518, 
3988) 2366842185, 
3989) 2367140541, 
3990) 2367502646, 
3991) 2367705156, 
3992) 2368832179, 
3993) 2368969631, 
3994) 2369781924, 
3995) 2369861770, 
3996) 2370100982, 
3997) 2370327549, 
3998) 2370926614, 
3999) 2373439525, 
4000) 2374234342, 
4001) 2376416576, 
4002) 2377463914, 
4003) 2378075306, 
4004) 2378485999, 
4005) 2378610248, 
4006) 2379841517, 
4007) 2380760306, 
4008) 2380959833, 
4009) 2381048507, 
4010) 2382888387, 
4011) 2382893816, 
4012) 2383192546, 
4013) 2383217985, 
4014) 2384512928, 
4015) 2384593909, 
4016) 2386001360, 
4017) 2386723048, 
4018) 2387437859, 
4019) 2387714839, 
4020) 2387715992, 
4021) 2388247861, 
4022) 2388970401, 
4023) 2389841488, 
4024) 2391203071, 
4025) 2391901056, 
4026) 2391924984, 
4027) 2392236490, 
4028) 2392459212, 
4029) 2393574884, 
4030) 2393962997, 
4031) 2395112751, 
4032) 2396191735, 
4033) 2396471238, 
4034) 2396507553, 
4035) 2397805565, 
4036) 2398259697, 
4037) 2398681034, 
4038) 2399081632, 
4039) 2400066402, 
4040) 2402684174, 
4041) 2402710907, 
4042) 2402773933, 
4043) 2403127846, 
4044) 2403360893, 
4045) 2403593484, 
4046) 2404124527, 
4047) 2404521353, 
4048) 2404830560, 
4049) 2405002854, 
4050) 2406299405, 
4051) 2406506498, 
4052) 2407056926, 
4053) 2407586629, 
4054) 2408866693, 
4055) 2411326613, 
4056) 2413426193, 
4057) 2414251604, 
4058) 2414819267, 
4059) 2415570302, 
4060) 2416140782, 
4061) 2416385397, 
4062) 2416410614, 
4063) 2418937772, 
4064) 2420375593, 
4065) 2420675378, 
4066) 2422294700, 
4067) 2422425306, 
4068) 2422571317, 
4069) 2423597658, 
4070) 2424292407, 
4071) 2424497801, 
4072) 2424846350, 
4073) 2425137763, 
4074) 2427700408, 
4075) 2428195328, 
4076) 2428542909, 
4077) 2431570031, 
4078) 2432315766, 
4079) 2432489388, 
4080) 2432660777, 
4081) 2433609682, 
4082) 2434185642, 
4083) 2434915292, 
4084) 2435442060, 
4085) 2437397577, 
4086) 2439620947, 
4087) 2440111733, 
4088) 2440123331, 
4089) 2440536344, 
4090) 2440571916, 
4091) 2441181360, 
4092) 2441510539, 
4093) 2441532162, 
4094) 2442407593, 
4095) 2443591890, 
4096) 2444467791, 
4097) 2444893310, 
4098) 2445869109, 
4099) 2446781641, 
4100) 2447750678, 
4101) 2447807059, 
4102) 2447972014, 
4103) 2448348351, 
4104) 2448582765, 
4105) 2449253125, 
4106) 2449557021, 
4107) 2450987762, 
4108) 2451133787, 
4109) 2452703387, 
4110) 2452861577, 
4111) 2453022744, 
4112) 2453117103, 
4113) 2453688388, 
4114) 2453732017, 
4115) 2454124459, 
4116) 2454220147, 
4117) 2454452188, 
4118) 2455295971, 
4119) 2456038138, 
4120) 2456643834, 
4121) 2457239210, 
4122) 2457691150, 
4123) 2458829131, 
4124) 2458911161, 
4125) 2459071436, 
4126) 2459463228, 
4127) 2459712621, 
4128) 2459804090, 
4129) 2460459702, 
4130) 2460477643, 
4131) 2460638571, 
4132) 2461272250, 
4133) 2461720227, 
4134) 2462072427, 
4135) 2462420095, 
4136) 2462422766, 
4137) 2462861735, 
4138) 2464455926, 
4139) 2465380217, 
4140) 2465539084, 
4141) 2466379372, 
4142) 2468277774, 
4143) 2468805728, 
4144) 2469542872, 
4145) 2470407326, 
4146) 2470758294, 
4147) 2471309713, 
4148) 2471545915, 
4149) 2471904289, 
4150) 2472185618, 
4151) 2473194228, 
4152) 2473623030, 
4153) 2473917338, 
4154) 2474305282, 
4155) 2474414934, 
4156) 2474496883, 
4157) 2474673037, 
4158) 2475599360, 
4159) 2476202820, 
4160) 2476220758, 
4161) 2476283853, 
4162) 2477078935, 
4163) 2477208390, 
4164) 2477436452, 
4165) 2477693107, 
4166) 2477917716, 
4167) 2478052572, 
4168) 2478070295, 
4169) 2479609160, 
4170) 2479660161, 
4171) 2479816529, 
4172) 2480027950, 
4173) 2480303763, 
4174) 2480940586, 
4175) 2481711247, 
4176) 2482688932, 
4177) 2482766899, 
4178) 2483106361, 
4179) 2484432254, 
4180) 2484519327, 
4181) 2484815710, 
4182) 2485568447, 
4183) 2485835401, 
4184) 2486292761, 
4185) 2486486249, 
4186) 2487255380, 
4187) 2487461545, 
4188) 2488142986, 
4189) 2489017879, 
4190) 2489791289, 
4191) 2489965849, 
4192) 2491005975, 
4193) 2491088386, 
4194) 2491094169, 
4195) 2491335919, 
4196) 2491674593, 
4197) 2492241500, 
4198) 2492428125, 
4199) 2493833774, 
4200) 2494873136, 
4201) 2496607383, 
4202) 2496954185, 
4203) 2500940194, 
4204) 2501345911, 
4205) 2501653222, 
4206) 2503621153, 
4207) 2503911399, 
4208) 2504207033, 
4209) 2504570811, 
4210) 2504603701, 
4211) 2504862061, 
4212) 2506755355, 
4213) 2507888378, 
4214) 2508594373, 
4215) 2508756459, 
4216) 2510126329, 
4217) 2510474608, 
4218) 2510595835, 
4219) 2511278007, 
4220) 2512239163, 
4221) 2512829116, 
4222) 2512882954, 
4223) 2513061959, 
4224) 2513118708, 
4225) 2513460547, 
4226) 2513628737, 
4227) 2514415600, 
4228) 2515632063, 
4229) 2515637383, 
4230) 2516559455, 
4231) 2516622558, 
4232) 2516963408, 
4233) 2517118490, 
4234) 2517315830, 
4235) 2517813090, 
4236) 2518368852, 
4237) 2519153956, 
4238) 2519280708, 
4239) 2521033192, 
4240) 2522473914, 
4241) 2523607667, 
4242) 2524247574, 
4243) 2524506155, 
4244) 2524724485, 
4245) 2525183687, 
4246) 2525738169, 
4247) 2526408956, 
4248) 2526702304, 
4249) 2526804107, 
4250) 2527573614, 
4251) 2527782240, 
4252) 2529490993, 
4253) 2530336292, 
4254) 2531055279, 
4255) 2531233905, 
4256) 2532489002, 
4257) 2532662520, 
4258) 2534788960, 
4259) 2535305828, 
4260) 2535644914, 
4261) 2536165492, 
4262) 2536189428, 
4263) 2536680960, 
4264) 2536749841, 
4265) 2536786868, 
4266) 2537814705, 
4267) 2538258860, 
4268) 2540586371, 
4269) 2541090181, 
4270) 2541093736, 
4271) 2541933800, 
4272) 2543075620, 
4273) 2543467509, 
4274) 2544330680, 
4275) 2544454726, 
4276) 2546345063, 
4277) 2546994651, 
4278) 2548261118, 
4279) 2549721194, 
4280) 2551879770, 
4281) 2552140193, 
4282) 2552223075, 
4283) 2552421256, 
4284) 2552479589, 
4285) 2552719800, 
4286) 2553444029, 
4287) 2553781589, 
4288) 2555474861, 
4289) 2555566183, 
4290) 2555707507, 
4291) 2557319992, 
4292) 2557546665, 
4293) 2557942762, 
4294) 2558514451, 
4295) 2559171950, 
4296) 2559388590, 
4297) 2560385324, 
4298) 2560478082, 
4299) 2560930443, 
4300) 2561809165, 
4301) 2562927609, 
4302) 2563836337, 
4303) 2563848992, 
4304) 2564273703, 
4305) 2564388143, 
4306) 2564478898, 
4307) 2565037504, 
4308) 2566247800, 
4309) 2566540427, 
4310) 2567301009, 
4311) 2568769789, 
4312) 2568902642, 
4313) 2568991090, 
4314) 2569859002, 
4315) 2570037095, 
4316) 2570303856, 
4317) 2570837888, 
4318) 2570862890, 
4319) 2571023610, 
4320) 2571215227, 
4321) 2571736778, 
4322) 2574180762, 
4323) 2574716223, 
4324) 2574771717, 
4325) 2575531517, 
4326) 2575613443, 
4327) 2576259224, 
4328) 2576322070, 
4329) 2576908312, 
4330) 2577320969, 
4331) 2578132000, 
4332) 2578455487, 
4333) 2579032120, 
4334) 2579574471, 
4335) 2580002902, 
4336) 2580092315, 
4337) 2582877877, 
4338) 2582938354, 
4339) 2584425766, 
4340) 2584662511, 
4341) 2586325914, 
4342) 2586510478, 
4343) 2586633197, 
4344) 2586716960, 
4345) 2587298076, 
4346) 2588222532, 
4347) 2589470192, 
4348) 2590745284, 
4349) 2592510870, 
4350) 2592907578, 
4351) 2593171347, 
4352) 2593713272, 
4353) 2593783390, 
4354) 2594203050, 
4355) 2595555986, 
4356) 2596274811, 
4357) 2596878742, 
4358) 2596947878, 
4359) 2597209438, 
4360) 2597509950, 
4361) 2597750439, 
4362) 2597883333, 
4363) 2598309232, 
4364) 2598632432, 
4365) 2599212929, 
4366) 2600174408, 
4367) 2600266832, 
4368) 2600817419, 
4369) 2601111399, 
4370) 2602474800, 
4371) 2602494689, 
4372) 2602670922, 
4373) 2602900121, 
4374) 2602911843, 
4375) 2603278815, 
4376) 2603497334, 
4377) 2603761037, 
4378) 2604072300, 
4379) 2604608268, 
4380) 2604612329, 
4381) 2604847895, 
4382) 2605783580, 
4383) 2607900923, 
4384) 2608291391, 
4385) 2609134169, 
4386) 2609436884, 
4387) 2610193543, 
4388) 2610200185, 
4389) 2611122128, 
4390) 2612041081, 
4391) 2614230799, 
4392) 2615122324, 
4393) 2617149052, 
4394) 2619300716, 
4395) 2619324589, 
4396) 2620041584, 
4397) 2620678602, 
4398) 2622185659, 
4399) 2622201835, 
4400) 2624751089, 
4401) 2625670338, 
4402) 2626150000, 
4403) 2626511686, 
4404) 2627562045, 
4405) 2627900952, 
4406) 2628183436, 
4407) 2628278182, 
4408) 2629594042, 
4409) 2630471730, 
4410) 2630766808, 
4411) 2633011611, 
4412) 2633023848, 
4413) 2635036904, 
4414) 2635655544, 
4415) 2636852339, 
4416) 2637811358, 
4417) 2638138715, 
4418) 2638589729, 
4419) 2639107990, 
4420) 2639384446, 
4421) 2639589140, 
4422) 2639695309, 
4423) 2640142351, 
4424) 2640589727, 
4425) 2640757222, 
4426) 2642707072, 
4427) 2642871857, 
4428) 2643761553, 
4429) 2645083098, 
4430) 2645238911, 
4431) 2645877396, 
4432) 2646301738, 
4433) 2646398664, 
4434) 2648419526, 
4435) 2648914103, 
4436) 2649020832, 
4437) 2649171368, 
4438) 2650893172, 
4439) 2650897674, 
4440) 2651614357, 
4441) 2651622001, 
4442) 2653242452, 
4443) 2654317681, 
4444) 2654606316, 
4445) 2654609806, 
4446) 2654882108, 
4447) 2656155953, 
4448) 2656780099, 
4449) 2657455636, 
4450) 2658616325, 
4451) 2658716517, 
4452) 2658974815, 
4453) 2658995587, 
4454) 2659997936, 
4455) 2660425731, 
4456) 2660760764, 
4457) 2662983983, 
4458) 2663724030, 
4459) 2664439974, 
4460) 2666239297, 
4461) 2666944207, 
4462) 2668845727, 
4463) 2669013440, 
4464) 2669552817, 
4465) 2669553900, 
4466) 2669890392, 
4467) 2674416966, 
4468) 2674445631, 
4469) 2675197957, 
4470) 2675789594, 
4471) 2675819760, 
4472) 2676787815, 
4473) 2679144489, 
4474) 2679360332, 
4475) 2679799299, 
4476) 2680955206, 
4477) 2681320864, 
4478) 2681455692, 
4479) 2683212062, 
4480) 2683249190, 
4481) 2684291173, 
4482) 2684496322, 
4483) 2684516832, 
4484) 2684743680, 
4485) 2685135475, 
4486) 2686840018, 
4487) 2687200583, 
4488) 2688564293, 
4489) 2688643746, 
4490) 2689342485, 
4491) 2691759920, 
4492) 2691850057, 
4493) 2692196707, 
4494) 2693797555, 
4495) 2695113281, 
4496) 2696642962, 
4497) 2696857315, 
4498) 2697371074, 
4499) 2697379915, 
4500) 2697746103, 
4501) 2697876969, 
4502) 2698261747, 
4503) 2698443510, 
4504) 2698646982, 
4505) 2698950261, 
4506) 2698997080, 
4507) 2699897024, 
4508) 2700221687, 
4509) 2700371019, 
4510) 2700708350, 
4511) 2702188451, 
4512) 2702580996, 
4513) 2702630583, 
4514) 2703612430, 
4515) 2703617873, 
4516) 2704667188, 
4517) 2704795305, 
4518) 2706085753, 
4519) 2707347945, 
4520) 2707917458, 
4521) 2710337804, 
4522) 2710492078, 
4523) 2710518427, 
4524) 2710882420, 
4525) 2711760023, 
4526) 2712571217, 
4527) 2713045533, 
4528) 2713336005, 
4529) 2713373040, 
4530) 2715724315, 
4531) 2715763659, 
4532) 2716203633, 
4533) 2716267960, 
4534) 2716879021, 
4535) 2717056214, 
4536) 2717137460, 
4537) 2717299541, 
4538) 2717630302, 
4539) 2717693502, 
4540) 2718139633, 
4541) 2718816761, 
4542) 2719837182, 
4543) 2721678920, 
4544) 2722619153, 
4545) 2723072501, 
4546) 2723353565, 
4547) 2723751459, 
4548) 2724674874, 
4549) 2725030703, 
4550) 2726641506, 
4551) 2726698039, 
4552) 2727775988, 
4553) 2727935886, 
4554) 2728084409, 
4555) 2729063507, 
4556) 2729498203, 
4557) 2729706257, 
4558) 2730041402, 
4559) 2730290745, 
4560) 2730581866, 
4561) 2730613164, 
4562) 2731426113, 
4563) 2732350135, 
4564) 2732597605, 
4565) 2732717756, 
4566) 2733837645, 
4567) 2734122499, 
4568) 2734523326, 
4569) 2734981350, 
4570) 2736846979, 
4571) 2737725257, 
4572) 2738626942, 
4573) 2738878439, 
4574) 2739072448, 
4575) 2739156031, 
4576) 2740459271, 
4577) 2740948150, 
4578) 2741254929, 
4579) 2741935824, 
4580) 2743292392, 
4581) 2743455749, 
4582) 2743710544, 
4583) 2744020231, 
4584) 2746280241, 
4585) 2747196618, 
4586) 2749369935, 
4587) 2750289965, 
4588) 2750429405, 
4589) 2750533908, 
4590) 2750983207, 
4591) 2751113893, 
4592) 2751753372, 
4593) 2752784987, 
4594) 2752862991, 
4595) 2753016311, 
4596) 2754126355, 
4597) 2754941643, 
4598) 2755637258, 
4599) 2757375325, 
4600) 2757613396, 
4601) 2758702501, 
4602) 2758822644, 
4603) 2761455925, 
4604) 2762520777, 
4605) 2762743923, 
4606) 2763549600, 
4607) 2763713950, 
4608) 2765089032, 
4609) 2765619222, 
4610) 2767852198, 
4611) 2768341553, 
4612) 2769423999, 
4613) 2769585433, 
4614) 2770653075, 
4615) 2771830926, 
4616) 2771847583, 
4617) 2772203182, 
4618) 2772248937, 
4619) 2772405069, 
4620) 2773108267, 
4621) 2773132215, 
4622) 2773221191, 
4623) 2774226028, 
4624) 2774709484, 
4625) 2774845771, 
4626) 2775253249, 
4627) 2775300110, 
4628) 2775439087, 
4629) 2775792141, 
4630) 2776069851, 
4631) 2776618384, 
4632) 2777257590, 
4633) 2778058179, 
4634) 2778283359, 
4635) 2778379419, 
4636) 2778475181, 
4637) 2778717686, 
4638) 2778765268, 
4639) 2779023670, 
4640) 2779569350, 
4641) 2779748757, 
4642) 2780301523, 
4643) 2781656336, 
4644) 2782144205, 
4645) 2782966685, 
4646) 2783019987, 
4647) 2785012216, 
4648) 2785502348, 
4649) 2785805779, 
4650) 2786164078, 
4651) 2786953818, 
4652) 2788504063, 
4653) 2789335457, 
4654) 2789713863, 
4655) 2789882313, 
4656) 2790307607, 
4657) 2791123997, 
4658) 2794049602, 
4659) 2794448589, 
4660) 2795167477, 
4661) 2796518664, 
4662) 2796773796, 
4663) 2797187226, 
4664) 2797229462, 
4665) 2798447914, 
4666) 2799968535, 
4667) 2801099456, 
4668) 2801255190, 
4669) 2802354259, 
4670) 2804664145, 
4671) 2805457041, 
4672) 2805843771, 
4673) 2807193933, 
4674) 2807498074, 
4675) 2807558667, 
4676) 2808540257, 
4677) 2808967811, 
4678) 2810188620, 
4679) 2810364933, 
4680) 2811894971, 
4681) 2812559250, 
4682) 2814404567, 
4683) 2815388297, 
4684) 2815394484, 
4685) 2816229801, 
4686) 2816273780, 
4687) 2816842455, 
4688) 2817500575, 
4689) 2818656838, 
4690) 2818927618, 
4691) 2819290732, 
4692) 2819453142, 
4693) 2819704643, 
4694) 2820582783, 
4695) 2820754582, 
4696) 2820994409, 
4697) 2821007294, 
4698) 2822114553, 
4699) 2822517632, 
4700) 2824296772, 
4701) 2824638005, 
4702) 2825869320, 
4703) 2826101623, 
4704) 2827270972, 
4705) 2827757075, 
4706) 2828444162, 
4707) 2828763761, 
4708) 2830194313, 
4709) 2830744717, 
4710) 2830959471, 
4711) 2831573179, 
4712) 2831615265, 
4713) 2832044495, 
4714) 2832220141, 
4715) 2832690497, 
4716) 2833660052, 
4717) 2834549868, 
4718) 2834880628, 
4719) 2835690703, 
4720) 2835818223, 
4721) 2836801283, 
4722) 2836812441, 
4723) 2837071414, 
4724) 2837098706, 
4725) 2838264338, 
4726) 2838889162, 
4727) 2839760153, 
4728) 2840710659, 
4729) 2841483391, 
4730) 2843164003, 
4731) 2843292780, 
4732) 2843355979, 
4733) 2844132631, 
4734) 2844597647, 
4735) 2844788242, 
4736) 2845885853, 
4737) 2847423702, 
4738) 2847597589, 
4739) 2850448440, 
4740) 2850975687, 
4741) 2852697149, 
4742) 2852884210, 
4743) 2853004401, 
4744) 2853386286, 
4745) 2853697413, 
4746) 2853848395, 
4747) 2854084175, 
4748) 2854559588, 
4749) 2854930654, 
4750) 2855624731, 
4751) 2856516039, 
4752) 2857703386, 
4753) 2857846746, 
4754) 2858277726, 
4755) 2859926281, 
4756) 2860211894, 
4757) 2860735572, 
4758) 2861105970, 
4759) 2861380310, 
4760) 2861781457, 
4761) 2862042751, 
4762) 2862045333, 
4763) 2862215775, 
4764) 2862988232, 
4765) 2863053809, 
4766) 2863855678, 
4767) 2864148904, 
4768) 2864536716, 
4769) 2865564237, 
4770) 2866693787, 
4771) 2867138314, 
4772) 2867184612, 
4773) 2867213011, 
4774) 2867360173, 
4775) 2867454155, 
4776) 2868188333, 
4777) 2870010920, 
4778) 2870032201, 
4779) 2870182189, 
4780) 2870217434, 
4781) 2870264448, 
4782) 2870721846, 
4783) 2871781807, 
4784) 2871947164, 
4785) 2872740115, 
4786) 2873226411, 
4787) 2878623195, 
4788) 2879150098, 
4789) 2879750671, 
4790) 2879956177, 
4791) 2881019267, 
4792) 2881195735, 
4793) 2881286508, 
4794) 2881343523, 
4795) 2882383281, 
4796) 2882814213, 
4797) 2883256110, 
4798) 2883687263, 
4799) 2883886601, 
4800) 2884402246, 
4801) 2885761116, 
4802) 2885860364, 
4803) 2887090418, 
4804) 2887267668, 
4805) 2887327910, 
4806) 2887356273, 
4807) 2889003945, 
4808) 2889484522, 
4809) 2890344732, 
4810) 2891262806, 
4811) 2891980173, 
4812) 2892866036, 
4813) 2893231643, 
4814) 2893475883, 
4815) 2897271608, 
4816) 2897288048, 
4817) 2897448212, 
4818) 2897449801, 
4819) 2897764371, 
4820) 2898208291, 
4821) 2898344583, 
4822) 2898677339, 
4823) 2898890952, 
4824) 2899039045, 
4825) 2899209181, 
4826) 2899664098, 
4827) 2899770327, 
4828) 2899890178, 
4829) 2900666405, 
4830) 2901646124, 
4831) 2902362564, 
4832) 2902640713, 
4833) 2902652543, 
4834) 2902669509, 
4835) 2902763980, 
4836) 2903270326, 
4837) 2904005521, 
4838) 2904219614, 
4839) 2905331791, 
4840) 2905390221, 
4841) 2906625666, 
4842) 2906959506, 
4843) 2907052451, 
4844) 2908419377, 
4845) 2909946233, 
4846) 2910222926, 
4847) 2911988051, 
4848) 2912384172, 
4849) 2912796682, 
4850) 2912809065, 
4851) 2913179742, 
4852) 2913456657, 
4853) 2914647598, 
4854) 2914921999, 
4855) 2915731433, 
4856) 2915762768, 
4857) 2916509006, 
4858) 2916803316, 
4859) 2917425654, 
4860) 2918043204, 
4861) 2918449478, 
4862) 2920265711, 
4863) 2921021037, 
4864) 2922325769, 
4865) 2922389618, 
4866) 2922930630, 
4867) 2925060497, 
4868) 2925142362, 
4869) 2925971844, 
4870) 2926149829, 
4871) 2926405023, 
4872) 2928271656, 
4873) 2929726722, 
4874) 2930307868, 
4875) 2930489648, 
4876) 2930516171, 
4877) 2930645772, 
4878) 2931416855, 
4879) 2932791738, 
4880) 2933083186, 
4881) 2933459005, 
4882) 2934036930, 
4883) 2934321334, 
4884) 2934703703, 
4885) 2937209489, 
4886) 2937279626, 
4887) 2937372843, 
4888) 2938878307, 
4889) 2940075618, 
4890) 2941107572, 
4891) 2941368379, 
4892) 2941727519, 
4893) 2941821854, 
4894) 2943571453, 
4895) 2943595757, 
4896) 2943829474, 
4897) 2944080161, 
4898) 2944505776, 
4899) 2944613529, 
4900) 2945693630, 
4901) 2946060214, 
4902) 2946732591, 
4903) 2947344537, 
4904) 2948190685, 
4905) 2948517447, 
4906) 2948561285, 
4907) 2948643359, 
4908) 2950007358, 
4909) 2950030328, 
4910) 2950455529, 
4911) 2950788321, 
4912) 2951955530, 
4913) 2952546495, 
4914) 2953216365, 
4915) 2953660445, 
4916) 2953868687, 
4917) 2956353424, 
4918) 2956405380, 
4919) 2956829247, 
4920) 2956890148, 
4921) 2956918239, 
4922) 2957240812, 
4923) 2957662126, 
4924) 2958399113, 
4925) 2958651063, 
4926) 2959390186, 
4927) 2959963977, 
4928) 2960442286, 
4929) 2961660295, 
4930) 2961727768, 
4931) 2961785332, 
4932) 2962429641, 
4933) 2963147249, 
4934) 2964114112, 
4935) 2964575143, 
4936) 2965889347, 
4937) 2966224110, 
4938) 2966695528, 
4939) 2967095721, 
4940) 2967362652, 
4941) 2967965399, 
4942) 2968613296, 
4943) 2968901445, 
4944) 2970285066, 
4945) 2970347710, 
4946) 2970437646, 
4947) 2971238394, 
4948) 2971274719, 
4949) 2973087243, 
4950) 2973431812, 
4951) 2974263478, 
4952) 2974471171, 
4953) 2975497579, 
4954) 2975828401, 
4955) 2976093695, 
4956) 2976270366, 
4957) 2976348281, 
4958) 2976391284, 
4959) 2976484962, 
4960) 2977074901, 
4961) 2977103151, 
4962) 2977224429, 
4963) 2977341333, 
4964) 2978139952, 
4965) 2979524260, 
4966) 2979901392, 
4967) 2980182999, 
4968) 2980529703, 
4969) 2982392968, 
4970) 2983454036, 
4971) 2983533319, 
4972) 2984620875, 
4973) 2984670467, 
4974) 2986060135, 
4975) 2986124927, 
4976) 2987200607, 
4977) 2989780814, 
4978) 2989962495, 
4979) 2990413808, 
4980) 2990678814, 
4981) 2991160179, 
4982) 2991298260, 
4983) 2991329516, 
4984) 2991877242, 
4985) 2992313459, 
4986) 2994550371, 
4987) 2994768090, 
4988) 2994793483, 
4989) 2995405862, 
4990) 2996145838, 
4991) 2996322267, 
4992) 2996964467, 
4993) 2998179886, 
4994) 2999163995, 
4995) 2999200992, 
4996) 2999254940, 
4997) 2999446445, 
4998) 2999556679, 
4999) 2999566014, 
