Number of elements is 1000
Type of array is rendomized
Sorting algorithm - insert
Running time of sorting algorithm is 999ms
0) 2758214, 
1) 3278690, 
2) 11507652, 
3) 12779103, 
4) 14766769, 
5) 18491279, 
6) 21568956, 
7) 22313669, 
8) 22785566, 
9) 24066716, 
10) 25776210, 
11) 28013525, 
12) 28442205, 
13) 30214741, 
14) 31082738, 
15) 36576604, 
16) 36952961, 
17) 45927042, 
18) 50649275, 
19) 53826487, 
20) 54796800, 
21) 56053772, 
22) 60922761, 
23) 61160787, 
24) 61556478, 
25) 63026198, 
26) 65898702, 
27) 72039621, 
28) 78932628, 
29) 80286190, 
30) 81537036, 
31) 96993676, 
32) 113382445, 
33) 113893099, 
34) 113922823, 
35) 118133007, 
36) 118483542, 
37) 119970423, 
38) 121464618, 
39) 124292167, 
40) 124661456, 
41) 124706308, 
42) 127975769, 
43) 131349748, 
44) 133758325, 
45) 135824055, 
46) 137397746, 
47) 140739501, 
48) 141432058, 
49) 146538425, 
50) 154493791, 
51) 154883813, 
52) 155400644, 
53) 155672180, 
54) 157438650, 
55) 159610648, 
56) 160020583, 
57) 163714271, 
58) 164668677, 
59) 166745619, 
60) 167364247, 
61) 168967190, 
62) 169915538, 
63) 172917903, 
64) 178580703, 
65) 180879600, 
66) 182553824, 
67) 184035597, 
68) 192934995, 
69) 193599448, 
70) 195426227, 
71) 195513986, 
72) 195952636, 
73) 199676219, 
74) 204880014, 
75) 209970068, 
76) 212939026, 
77) 215030089, 
78) 217144994, 
79) 220275041, 
80) 221879819, 
81) 223111741, 
82) 224991026, 
83) 226091795, 
84) 230037718, 
85) 230835438, 
86) 232251243, 
87) 235764205, 
88) 250335412, 
89) 255086474, 
90) 255143931, 
91) 255691769, 
92) 259215461, 
93) 263830816, 
94) 266243614, 
95) 266827620, 
96) 268420059, 
97) 271751403, 
98) 274005973, 
99) 280917460, 
100) 287505827, 
101) 290629834, 
102) 292940767, 
103) 293278489, 
104) 295014147, 
105) 297463837, 
106) 299200132, 
107) 301005218, 
108) 301957531, 
109) 302249236, 
110) 304544734, 
111) 305030175, 
112) 306156681, 
113) 307411630, 
114) 312409983, 
115) 313854374, 
116) 314891797, 
117) 318394808, 
118) 320242606, 
119) 323802261, 
120) 334388751, 
121) 338018078, 
122) 338781598, 
123) 343620381, 
124) 346257122, 
125) 346855775, 
126) 348418371, 
127) 361477713, 
128) 366478044, 
129) 371985465, 
130) 373157585, 
131) 373747145, 
132) 382157822, 
133) 382888321, 
134) 385030657, 
135) 386415845, 
136) 387958540, 
137) 388566641, 
138) 392566819, 
139) 394373615, 
140) 396533005, 
141) 397281783, 
142) 405836974, 
143) 406874136, 
144) 412256970, 
145) 415379777, 
146) 416561579, 
147) 420421986, 
148) 421248522, 
149) 422081541, 
150) 422424201, 
151) 429827684, 
152) 435990216, 
153) 438450366, 
154) 441577856, 
155) 456518935, 
156) 459601091, 
157) 463955138, 
158) 465325276, 
159) 465790867, 
160) 478354408, 
161) 478480713, 
162) 484982846, 
163) 486715681, 
164) 495520786, 
165) 498987559, 
166) 500610674, 
167) 506376367, 
168) 506751467, 
169) 511271664, 
170) 512072113, 
171) 514007171, 
172) 515483535, 
173) 516149536, 
174) 518367636, 
175) 519924773, 
176) 522247454, 
177) 523734933, 
178) 531853999, 
179) 536055034, 
180) 540546073, 
181) 541381675, 
182) 541704115, 
183) 544995133, 
184) 546973867, 
185) 549791100, 
186) 551384893, 
187) 553326287, 
188) 561058238, 
189) 561223420, 
190) 565153409, 
191) 570779621, 
192) 574746985, 
193) 585548617, 
194) 590219392, 
195) 596156529, 
196) 600779676, 
197) 605806385, 
198) 615637104, 
199) 618812057, 
200) 618868307, 
201) 619735040, 
202) 622593928, 
203) 623417289, 
204) 630366868, 
205) 639287076, 
206) 640426990, 
207) 644260861, 
208) 647375743, 
209) 651901247, 
210) 661572708, 
211) 672790379, 
212) 676738792, 
213) 677696478, 
214) 678379195, 
215) 682698047, 
216) 694152394, 
217) 694614221, 
218) 695648682, 
219) 696200569, 
220) 697104575, 
221) 698200451, 
222) 699410586, 
223) 701953955, 
224) 706674003, 
225) 707015614, 
226) 710117983, 
227) 716543033, 
228) 720641699, 
229) 724728097, 
230) 730037328, 
231) 738510669, 
232) 744041335, 
233) 745819826, 
234) 746063999, 
235) 746448989, 
236) 747734608, 
237) 749672375, 
238) 750349777, 
239) 755307597, 
240) 760929175, 
241) 765063979, 
242) 765695325, 
243) 766320519, 
244) 772310737, 
245) 774355856, 
246) 776416996, 
247) 776635203, 
248) 780541332, 
249) 781047580, 
250) 783479983, 
251) 785035960, 
252) 785828145, 
253) 787952302, 
254) 796118298, 
255) 798810885, 
256) 801469118, 
257) 804808838, 
258) 806100461, 
259) 808314059, 
260) 808387907, 
261) 809846151, 
262) 810357958, 
263) 818796678, 
264) 832869908, 
265) 833989361, 
266) 835479092, 
267) 835529123, 
268) 836553222, 
269) 837537380, 
270) 838178204, 
271) 838962944, 
272) 843235675, 
273) 844221648, 
274) 844355518, 
275) 844974944, 
276) 847182608, 
277) 847268000, 
278) 848811771, 
279) 849749571, 
280) 853668121, 
281) 856161169, 
282) 856580523, 
283) 859036098, 
284) 863497498, 
285) 864726644, 
286) 868911029, 
287) 877357536, 
288) 880326481, 
289) 881674556, 
290) 881693439, 
291) 885797859, 
292) 886276883, 
293) 887218645, 
294) 890544953, 
295) 895348702, 
296) 896392429, 
297) 900179812, 
298) 901570512, 
299) 903991258, 
300) 904187028, 
301) 908705023, 
302) 911885827, 
303) 916727771, 
304) 931310115, 
305) 931775356, 
306) 941878411, 
307) 941963733, 
308) 943966720, 
309) 946128818, 
310) 946487384, 
311) 947366389, 
312) 954931359, 
313) 956786862, 
314) 959782415, 
315) 960776242, 
316) 962683032, 
317) 965104068, 
318) 968524547, 
319) 968654129, 
320) 970976342, 
321) 974967900, 
322) 979761189, 
323) 981806787, 
324) 983030160, 
325) 985330126, 
326) 985348344, 
327) 993109165, 
328) 994337148, 
329) 997200769, 
330) 998281969, 
331) 999451227, 
332) 1002874853, 
333) 1008904693, 
334) 1013816340, 
335) 1018443467, 
336) 1019325470, 
337) 1033220785, 
338) 1033245930, 
339) 1035823338, 
340) 1043122608, 
341) 1047195192, 
342) 1047676476, 
343) 1048677442, 
344) 1058229452, 
345) 1061215838, 
346) 1061284938, 
347) 1065503948, 
348) 1066852835, 
349) 1072186240, 
350) 1072536527, 
351) 1073250375, 
352) 1075189224, 
353) 1075247490, 
354) 1076461330, 
355) 1081528998, 
356) 1081684197, 
357) 1082210489, 
358) 1085577871, 
359) 1088786854, 
360) 1089677942, 
361) 1091217536, 
362) 1092076049, 
363) 1093857222, 
364) 1096129936, 
365) 1099100221, 
366) 1099995574, 
367) 1100600769, 
368) 1105012660, 
369) 1107366405, 
370) 1110171145, 
371) 1113443899, 
372) 1116433104, 
373) 1135443673, 
374) 1142637808, 
375) 1144809329, 
376) 1151273117, 
377) 1154282914, 
378) 1154408246, 
379) 1160278555, 
380) 1160539142, 
381) 1162801260, 
382) 1166536838, 
383) 1166875125, 
384) 1168492568, 
385) 1169247389, 
386) 1186025564, 
387) 1187459475, 
388) 1194912021, 
389) 1203628084, 
390) 1204333684, 
391) 1207797859, 
392) 1217289736, 
393) 1218780256, 
394) 1220311984, 
395) 1220485571, 
396) 1222229550, 
397) 1222856059, 
398) 1223449205, 
399) 1227509165, 
400) 1228926083, 
401) 1233651071, 
402) 1239454680, 
403) 1248857005, 
404) 1249307015, 
405) 1250376136, 
406) 1251472985, 
407) 1253190959, 
408) 1254578015, 
409) 1265080740, 
410) 1279479475, 
411) 1279565693, 
412) 1279585466, 
413) 1285476698, 
414) 1292633674, 
415) 1293542948, 
416) 1295539656, 
417) 1299250069, 
418) 1303521975, 
419) 1304275764, 
420) 1314460877, 
421) 1327678888, 
422) 1333746065, 
423) 1334910629, 
424) 1335858380, 
425) 1335976983, 
426) 1337436043, 
427) 1339048592, 
428) 1339082582, 
429) 1346942386, 
430) 1356056136, 
431) 1360271168, 
432) 1362613278, 
433) 1362706923, 
434) 1364309396, 
435) 1364792624, 
436) 1365246108, 
437) 1368870360, 
438) 1369792220, 
439) 1376679348, 
440) 1377290883, 
441) 1377398727, 
442) 1378458743, 
443) 1382299535, 
444) 1382626054, 
445) 1382840132, 
446) 1384036543, 
447) 1385575485, 
448) 1386693581, 
449) 1387740768, 
450) 1388345653, 
451) 1389716602, 
452) 1393861801, 
453) 1397559998, 
454) 1400980184, 
455) 1401250595, 
456) 1402045960, 
457) 1402590820, 
458) 1408916936, 
459) 1409970005, 
460) 1410280140, 
461) 1412117801, 
462) 1415126471, 
463) 1415516371, 
464) 1425279167, 
465) 1425756390, 
466) 1427345560, 
467) 1430796564, 
468) 1430952409, 
469) 1436335158, 
470) 1440116909, 
471) 1440137936, 
472) 1440935976, 
473) 1460980619, 
474) 1464931448, 
475) 1465001028, 
476) 1465797710, 
477) 1466076497, 
478) 1466391823, 
479) 1470835277, 
480) 1470929802, 
481) 1472892221, 
482) 1475628464, 
483) 1480809956, 
484) 1486321179, 
485) 1489090401, 
486) 1489395491, 
487) 1492497651, 
488) 1505751968, 
489) 1507724017, 
490) 1510175664, 
491) 1510375922, 
492) 1510794116, 
493) 1514313573, 
494) 1519391296, 
495) 1523686030, 
496) 1524045011, 
497) 1525633929, 
498) 1526144295, 
499) 1529053988, 
500) 1535518992, 
501) 1541236419, 
502) 1549127364, 
503) 1555706912, 
504) 1555858835, 
505) 1558604680, 
506) 1559652122, 
507) 1564886772, 
508) 1566396009, 
509) 1568159402, 
510) 1573169116, 
511) 1575276141, 
512) 1575908915, 
513) 1576131754, 
514) 1576363469, 
515) 1579679854, 
516) 1583855848, 
517) 1585471919, 
518) 1586760051, 
519) 1596892602, 
520) 1600309116, 
521) 1600809192, 
522) 1607598637, 
523) 1608961255, 
524) 1609536707, 
525) 1612073444, 
526) 1618466106, 
527) 1625209042, 
528) 1626335205, 
529) 1627970099, 
530) 1633697702, 
531) 1642138271, 
532) 1643594605, 
533) 1644544254, 
534) 1648068121, 
535) 1651368316, 
536) 1654448963, 
537) 1655273008, 
538) 1658484765, 
539) 1660031663, 
540) 1660264639, 
541) 1662636541, 
542) 1663470979, 
543) 1664805175, 
544) 1671835727, 
545) 1671998415, 
546) 1678417392, 
547) 1678537933, 
548) 1678897811, 
549) 1680555239, 
550) 1682545781, 
551) 1685521631, 
552) 1687035566, 
553) 1688086208, 
554) 1692008471, 
555) 1697036544, 
556) 1699014673, 
557) 1702706807, 
558) 1703689865, 
559) 1703823418, 
560) 1705111018, 
561) 1705971092, 
562) 1707986230, 
563) 1709953495, 
564) 1719552470, 
565) 1721229135, 
566) 1726134955, 
567) 1729867473, 
568) 1732240681, 
569) 1735383309, 
570) 1736727513, 
571) 1737775655, 
572) 1738679979, 
573) 1739280315, 
574) 1739558957, 
575) 1745928075, 
576) 1746376170, 
577) 1747691315, 
578) 1748943411, 
579) 1750494087, 
580) 1757184860, 
581) 1758665037, 
582) 1760215473, 
583) 1765163257, 
584) 1766773308, 
585) 1767481518, 
586) 1768465339, 
587) 1774646194, 
588) 1776067670, 
589) 1784445316, 
590) 1787491049, 
591) 1788625065, 
592) 1794115047, 
593) 1803399836, 
594) 1804600813, 
595) 1808887734, 
596) 1809092723, 
597) 1818235483, 
598) 1819496876, 
599) 1820128070, 
600) 1823992575, 
601) 1829035959, 
602) 1830313498, 
603) 1832128325, 
604) 1833536063, 
605) 1833602868, 
606) 1835506232, 
607) 1838787873, 
608) 1842323210, 
609) 1843343522, 
610) 1843888730, 
611) 1844771510, 
612) 1846716841, 
613) 1847198858, 
614) 1850593758, 
615) 1851590386, 
616) 1852810375, 
617) 1856235946, 
618) 1858476634, 
619) 1859048953, 
620) 1866123780, 
621) 1867044710, 
622) 1867513039, 
623) 1876300402, 
624) 1881761846, 
625) 1885396116, 
626) 1885679014, 
627) 1894822013, 
628) 1897681202, 
629) 1899311757, 
630) 1900872492, 
631) 1901183152, 
632) 1903599504, 
633) 1909910021, 
634) 1910995996, 
635) 1911471912, 
636) 1914748199, 
637) 1918164354, 
638) 1921589954, 
639) 1923412103, 
640) 1925560061, 
641) 1935783349, 
642) 1937077005, 
643) 1941750900, 
644) 1943180752, 
645) 1943612930, 
646) 1943620900, 
647) 1944937612, 
648) 1947745199, 
649) 1947775576, 
650) 1952581944, 
651) 1953351141, 
652) 1960460615, 
653) 1961639762, 
654) 1962461549, 
655) 1965972285, 
656) 1973115459, 
657) 1975956703, 
658) 1978777507, 
659) 1981854363, 
660) 1982598027, 
661) 1982838335, 
662) 1983908926, 
663) 1991785748, 
664) 1994337194, 
665) 1997394089, 
666) 2001115123, 
667) 2002763689, 
668) 2004260883, 
669) 2005786419, 
670) 2006875360, 
671) 2009509799, 
672) 2014998274, 
673) 2015666855, 
674) 2020010309, 
675) 2021255749, 
676) 2022568643, 
677) 2022910267, 
678) 2023226901, 
679) 2025226485, 
680) 2031754844, 
681) 2036440920, 
682) 2038263634, 
683) 2038346761, 
684) 2038582683, 
685) 2040805850, 
686) 2040974655, 
687) 2041860954, 
688) 2058676530, 
689) 2058848034, 
690) 2059522915, 
691) 2062514092, 
692) 2064442873, 
693) 2067554246, 
694) 2069157730, 
695) 2074606147, 
696) 2083087997, 
697) 2086665572, 
698) 2089649092, 
699) 2090190812, 
700) 2099154798, 
701) 2103495956, 
702) 2106114891, 
703) 2109590267, 
704) 2109813743, 
705) 2110201338, 
706) 2110543000, 
707) 2111953357, 
708) 2118784884, 
709) 2119607094, 
710) 2121146542, 
711) 2130406422, 
712) 2132437209, 
713) 2133226416, 
714) 2134006943, 
715) 2139509884, 
716) 2140580518, 
717) 2141178272, 
718) 2143348357, 
719) 2150537503, 
720) 2151132765, 
721) 2154346666, 
722) 2155655334, 
723) 2157074683, 
724) 2158494022, 
725) 2171003030, 
726) 2172997248, 
727) 2174606781, 
728) 2182982951, 
729) 2188523540, 
730) 2192505381, 
731) 2193052947, 
732) 2200950649, 
733) 2206554178, 
734) 2209312161, 
735) 2211725136, 
736) 2213168026, 
737) 2214456568, 
738) 2214633280, 
739) 2215271949, 
740) 2216361234, 
741) 2218314362, 
742) 2219211841, 
743) 2219268786, 
744) 2223433426, 
745) 2224253063, 
746) 2225022397, 
747) 2226310710, 
748) 2227663671, 
749) 2228184250, 
750) 2237534259, 
751) 2240549009, 
752) 2245439693, 
753) 2247795541, 
754) 2248542771, 
755) 2249496590, 
756) 2250396930, 
757) 2255424782, 
758) 2257722136, 
759) 2262950465, 
760) 2266475359, 
761) 2266802945, 
762) 2267721448, 
763) 2268867083, 
764) 2270554769, 
765) 2271804986, 
766) 2279089638, 
767) 2280471323, 
768) 2282051449, 
769) 2284147837, 
770) 2285455227, 
771) 2288635323, 
772) 2294686545, 
773) 2294809740, 
774) 2295551378, 
775) 2297658419, 
776) 2297753446, 
777) 2297860420, 
778) 2300190892, 
779) 2307402941, 
780) 2308643548, 
781) 2310044122, 
782) 2314644072, 
783) 2318558284, 
784) 2327351223, 
785) 2327481869, 
786) 2328320310, 
787) 2328514904, 
788) 2328579673, 
789) 2332106992, 
790) 2333606346, 
791) 2333643833, 
792) 2335881363, 
793) 2337177905, 
794) 2338538588, 
795) 2343872448, 
796) 2347844324, 
797) 2354351658, 
798) 2356366963, 
799) 2358204622, 
800) 2364891237, 
801) 2369311261, 
802) 2379849605, 
803) 2388793778, 
804) 2391032677, 
805) 2402148374, 
806) 2410078984, 
807) 2412202298, 
808) 2412489859, 
809) 2413335288, 
810) 2414398071, 
811) 2420986778, 
812) 2423558651, 
813) 2428988439, 
814) 2431997495, 
815) 2432721432, 
816) 2436315745, 
817) 2450141900, 
818) 2450479637, 
819) 2451289820, 
820) 2451701040, 
821) 2452496621, 
822) 2453321855, 
823) 2454809761, 
824) 2458379614, 
825) 2460550577, 
826) 2469005628, 
827) 2474621664, 
828) 2475972523, 
829) 2476109409, 
830) 2485708215, 
831) 2489308559, 
832) 2489344953, 
833) 2490343194, 
834) 2493286317, 
835) 2494530412, 
836) 2509309793, 
837) 2509632170, 
838) 2510945894, 
839) 2511314951, 
840) 2511609521, 
841) 2517440762, 
842) 2517677708, 
843) 2524332251, 
844) 2538023741, 
845) 2539677556, 
846) 2542230608, 
847) 2545001091, 
848) 2554714383, 
849) 2565204638, 
850) 2566084576, 
851) 2567197227, 
852) 2567791664, 
853) 2568486045, 
854) 2568899013, 
855) 2569076461, 
856) 2573721804, 
857) 2574712302, 
858) 2578822581, 
859) 2582336153, 
860) 2586644661, 
861) 2587751976, 
862) 2588951065, 
863) 2591702319, 
864) 2595627388, 
865) 2598635216, 
866) 2599487026, 
867) 2599764983, 
868) 2601357191, 
869) 2609171235, 
870) 2616235667, 
871) 2622693032, 
872) 2626064846, 
873) 2626696328, 
874) 2633821252, 
875) 2636420111, 
876) 2643940511, 
877) 2647146285, 
878) 2647416856, 
879) 2647761799, 
880) 2652977537, 
881) 2658636786, 
882) 2667356935, 
883) 2677481554, 
884) 2679255654, 
885) 2685170938, 
886) 2685873127, 
887) 2691966005, 
888) 2692696558, 
889) 2693328878, 
890) 2694077296, 
891) 2701208777, 
892) 2701727161, 
893) 2702486112, 
894) 2705043353, 
895) 2705147552, 
896) 2705720139, 
897) 2709107306, 
898) 2709458418, 
899) 2710272903, 
900) 2715872534, 
901) 2720809362, 
902) 2727457851, 
903) 2727829020, 
904) 2736796211, 
905) 2737835713, 
906) 2741371620, 
907) 2750776240, 
908) 2758055392, 
909) 2758738061, 
910) 2761104586, 
911) 2765301342, 
912) 2767293028, 
913) 2774661224, 
914) 2776598242, 
915) 2778370257, 
916) 2789298500, 
917) 2797035582, 
918) 2800279152, 
919) 2800708956, 
920) 2803027171, 
921) 2806531361, 
922) 2818982548, 
923) 2820517540, 
924) 2824412038, 
925) 2827110857, 
926) 2834018301, 
927) 2834818347, 
928) 2845061715, 
929) 2845394611, 
930) 2848571320, 
931) 2851798838, 
932) 2855306023, 
933) 2855543929, 
934) 2858085748, 
935) 2863484449, 
936) 2864196096, 
937) 2866107914, 
938) 2873797628, 
939) 2877749825, 
940) 2884263219, 
941) 2884432837, 
942) 2888273396, 
943) 2888674497, 
944) 2888729004, 
945) 2889069222, 
946) 2889287244, 
947) 2889876179, 
948) 2890084874, 
949) 2891271253, 
950) 2891724230, 
951) 2892686389, 
952) 2899555437, 
953) 2903174440, 
954) 2905951367, 
955) 2907310060, 
956) 2909054866, 
957) 2910781217, 
958) 2912009084, 
959) 2912217549, 
960) 2919046784, 
961) 2921223999, 
962) 2924835236, 
963) 2924995462, 
964) 2925332792, 
965) 2929249159, 
966) 2932727087, 
967) 2933995311, 
968) 2935370078, 
969) 2938944177, 
970) 2941307493, 
971) 2942037145, 
972) 2943503759, 
973) 2943996113, 
974) 2949695905, 
975) 2950104397, 
976) 2952450670, 
977) 2952457894, 
978) 2955762134, 
979) 2956088834, 
980) 2960288091, 
981) 2964294733, 
982) 2966006979, 
983) 2967372361, 
984) 2967456093, 
985) 2972607055, 
986) 2974530343, 
987) 2976575500, 
988) 2978587123, 
989) 2979457992, 
990) 2981755779, 
991) 2982705450, 
992) 2982825370, 
993) 2987128835, 
994) 2993158503, 
995) 2994036816, 
996) 2994997766, 
997) 2997137230, 
998) 2999236965, 
999) 2999432893, 
