Number of elements is 100
Type of array is rendomized
Sorting algorithm - insert
Running time of sorting algorithm is 13ms
0) 125287814, 
1) 212379439, 
2) 297708911, 
3) 300918236, 
4) 333216417, 
5) 336050204, 
6) 407965701, 
7) 433317822, 
8) 490823209, 
9) 503454133, 
10) 522238272, 
11) 572308492, 
12) 595899984, 
13) 626195708, 
14) 674432668, 
15) 686854579, 
16) 710569417, 
17) 749316372, 
18) 754204658, 
19) 787749006, 
20) 842806665, 
21) 871922878, 
22) 896629563, 
23) 909616341, 
24) 915958532, 
25) 917970881, 
26) 944128310, 
27) 964950729, 
28) 986180431, 
29) 1002282309, 
30) 1010591567, 
31) 1019380737, 
32) 1060517147, 
33) 1079545105, 
34) 1101752232, 
35) 1122967745, 
36) 1125921165, 
37) 1185681781, 
38) 1207013428, 
39) 1208486096, 
40) 1239923468, 
41) 1255334020, 
42) 1305536138, 
43) 1313595347, 
44) 1315434847, 
45) 1317131193, 
46) 1347448406, 
47) 1434822630, 
48) 1448462825, 
49) 1507782125, 
50) 1574509397, 
51) 1587264422, 
52) 1647294792, 
53) 1675038587, 
54) 1684210051, 
55) 1689658809, 
56) 1735632911, 
57) 1737373050, 
58) 1747155723, 
59) 1775428090, 
60) 1819840626, 
61) 1845528745, 
62) 1869507175, 
63) 1872866765, 
64) 1876074483, 
65) 1916165729, 
66) 1925853788, 
67) 1928344184, 
68) 2004241007, 
69) 2043116206, 
70) 2051715696, 
71) 2060730558, 
72) 2124991472, 
73) 2174808832, 
74) 2188597828, 
75) 2198771993, 
76) 2232438655, 
77) 2290731887, 
78) 2295465525, 
79) 2297670060, 
80) 2332757794, 
81) 2335267795, 
82) 2357362061, 
83) 2386547172, 
84) 2417074876, 
85) 2419804026, 
86) 2430216435, 
87) 2458306186, 
88) 2475706893, 
89) 2485831609, 
90) 2492435787, 
91) 2545827880, 
92) 2707401826, 
93) 2711401428, 
94) 2742741355, 
95) 2759886552, 
96) 2785947913, 
97) 2849807257, 
98) 2961227562, 
99) 2992666225, 
