Number of elements is 100
Type of array is sorted
Sorting algorithm - insert
Running time of sorting algorithm is 0ms
0) 2129946, 
1) 28083319, 
2) 60560343, 
3) 88428002, 
4) 101392951, 
5) 112695802, 
6) 131678783, 
7) 139276066, 
8) 153222869, 
9) 158987640, 
10) 178128151, 
11) 195628298, 
12) 207956564, 
13) 218030333, 
14) 273641921, 
15) 289451571, 
16) 290204051, 
17) 299811067, 
18) 347614901, 
19) 412032271, 
20) 450702808, 
21) 472029392, 
22) 550705258, 
23) 580099797, 
24) 586509463, 
25) 605965729, 
26) 609345854, 
27) 687824206, 
28) 724055198, 
29) 731405544, 
30) 737102833, 
31) 738872164, 
32) 739779754, 
33) 827475809, 
34) 898809081, 
35) 908807479, 
36) 1002251943, 
37) 1013884515, 
38) 1017387528, 
39) 1017624240, 
40) 1028899217, 
41) 1055583979, 
42) 1080574451, 
43) 1099446902, 
44) 1127055030, 
45) 1133994697, 
46) 1140596694, 
47) 1183438114, 
48) 1184952044, 
49) 1204848769, 
50) 1222154172, 
51) 1229214721, 
52) 1244875689, 
53) 1267206867, 
54) 1361129537, 
55) 1375139467, 
56) 1411208000, 
57) 1459876273, 
58) 1481195849, 
59) 1503549009, 
60) 1555427589, 
61) 1579549954, 
62) 1608087731, 
63) 1647816493, 
64) 1680527510, 
65) 1809623758, 
66) 1896053838, 
67) 1910521468, 
68) 1916881631, 
69) 1951943556, 
70) 2007381812, 
71) 2039242975, 
72) 2068466069, 
73) 2069099799, 
74) 2090571882, 
75) 2199450823, 
76) 2203718303, 
77) 2313568881, 
78) 2327147500, 
79) 2364752043, 
80) 2412463422, 
81) 2443362452, 
82) 2464903137, 
83) 2493922329, 
84) 2499716107, 
85) 2507775857, 
86) 2528534866, 
87) 2667474074, 
88) 2751558155, 
89) 2778590610, 
90) 2780133502, 
91) 2825139517, 
92) 2844885015, 
93) 2856560095, 
94) 2928082836, 
95) 2933001560, 
96) 2960644754, 
97) 2978456968, 
98) 2987232703, 
99) 2989685255, 
