Number of elements is 1000
Type of array is rendomized
Sorting algorithm - quick
Running time of sorting algorithm is 115ms
0) 1220571, 
1) 1453938, 
2) 4512072, 
3) 5182217, 
4) 10172368, 
5) 12305883, 
6) 14444667, 
7) 22918135, 
8) 24040081, 
9) 27580822, 
10) 29000445, 
11) 32241545, 
12) 32285383, 
13) 32420694, 
14) 37091950, 
15) 37159687, 
16) 38331688, 
17) 42412173, 
18) 43097381, 
19) 51716826, 
20) 53631474, 
21) 55736753, 
22) 55852223, 
23) 61546052, 
24) 62231695, 
25) 62518982, 
26) 62706762, 
27) 63511005, 
28) 64601752, 
29) 70766912, 
30) 71036968, 
31) 73313786, 
32) 74921029, 
33) 77812662, 
34) 81338770, 
35) 87461950, 
36) 88172259, 
37) 90210857, 
38) 91491274, 
39) 91520635, 
40) 94766831, 
41) 95907669, 
42) 98084141, 
43) 98657322, 
44) 98873904, 
45) 112683206, 
46) 119994533, 
47) 123349772, 
48) 127927054, 
49) 130753681, 
50) 136499735, 
51) 145128319, 
52) 147438785, 
53) 149872418, 
54) 150716425, 
55) 153087455, 
56) 155061266, 
57) 156922128, 
58) 158759530, 
59) 162115267, 
60) 169659092, 
61) 170159778, 
62) 170634062, 
63) 171208059, 
64) 172798659, 
65) 177860079, 
66) 185067414, 
67) 188374922, 
68) 192659992, 
69) 194189621, 
70) 194466334, 
71) 198349488, 
72) 202994739, 
73) 205383222, 
74) 206480160, 
75) 209283333, 
76) 210485874, 
77) 211196025, 
78) 211968671, 
79) 214471356, 
80) 214523502, 
81) 214965379, 
82) 215785898, 
83) 221181931, 
84) 221724580, 
85) 222286885, 
86) 223907479, 
87) 224391512, 
88) 231661706, 
89) 236558847, 
90) 238516932, 
91) 242708208, 
92) 246965208, 
93) 248789864, 
94) 249053942, 
95) 254396148, 
96) 257747129, 
97) 258829320, 
98) 259083274, 
99) 260440515, 
100) 262138997, 
101) 264545688, 
102) 266102568, 
103) 270082975, 
104) 283210591, 
105) 285631799, 
106) 286483458, 
107) 294177820, 
108) 299610628, 
109) 300097576, 
110) 312953897, 
111) 313159248, 
112) 315712266, 
113) 318008075, 
114) 319552455, 
115) 319838853, 
116) 329512041, 
117) 329910467, 
118) 332884813, 
119) 334026881, 
120) 336144076, 
121) 338878255, 
122) 340142184, 
123) 342841927, 
124) 342934735, 
125) 346938357, 
126) 351885950, 
127) 355339559, 
128) 355534397, 
129) 356557951, 
130) 358851722, 
131) 360525136, 
132) 367485498, 
133) 368034161, 
134) 368879991, 
135) 373664546, 
136) 379607185, 
137) 381190689, 
138) 381281114, 
139) 382895936, 
140) 383545389, 
141) 383644536, 
142) 385994986, 
143) 388457823, 
144) 394853106, 
145) 398346975, 
146) 408259676, 
147) 409791592, 
148) 411381629, 
149) 415350288, 
150) 417934749, 
151) 419081678, 
152) 422537881, 
153) 425942859, 
154) 429554856, 
155) 433400087, 
156) 438627288, 
157) 441839481, 
158) 445191548, 
159) 447813822, 
160) 448853512, 
161) 452583586, 
162) 454538104, 
163) 462622083, 
164) 463812588, 
165) 466303853, 
166) 467776141, 
167) 468666239, 
168) 472643770, 
169) 474838723, 
170) 475610084, 
171) 482252942, 
172) 491053678, 
173) 497271613, 
174) 497425645, 
175) 499483328, 
176) 502471166, 
177) 503057005, 
178) 503453152, 
179) 503584322, 
180) 510210027, 
181) 513814948, 
182) 513893190, 
183) 514624626, 
184) 516494461, 
185) 517883683, 
186) 520658289, 
187) 520943876, 
188) 525888544, 
189) 528030489, 
190) 530663698, 
191) 532506169, 
192) 532873892, 
193) 536861465, 
194) 538680168, 
195) 540628847, 
196) 542907643, 
197) 543850087, 
198) 546522847, 
199) 547962767, 
200) 549050612, 
201) 549098238, 
202) 550373498, 
203) 551116015, 
204) 553041248, 
205) 554413011, 
206) 554513051, 
207) 556971857, 
208) 558706039, 
209) 561009858, 
210) 562640591, 
211) 567980800, 
212) 568175520, 
213) 568975999, 
214) 569273952, 
215) 569666609, 
216) 571354123, 
217) 572601957, 
218) 583945514, 
219) 586845003, 
220) 588548796, 
221) 591237710, 
222) 601729363, 
223) 606100505, 
224) 608705701, 
225) 609134177, 
226) 615410982, 
227) 616482985, 
228) 618694898, 
229) 619426236, 
230) 621201610, 
231) 622293988, 
232) 623945904, 
233) 624538962, 
234) 629174451, 
235) 634028692, 
236) 634080347, 
237) 651640280, 
238) 654889324, 
239) 657995004, 
240) 658711530, 
241) 668901945, 
242) 669258256, 
243) 676940506, 
244) 679857076, 
245) 685223589, 
246) 690221172, 
247) 691225511, 
248) 698015575, 
249) 712183360, 
250) 712327001, 
251) 719841755, 
252) 724176259, 
253) 731454311, 
254) 735388773, 
255) 739598336, 
256) 740892868, 
257) 743315794, 
258) 744390769, 
259) 745037873, 
260) 745750569, 
261) 745974974, 
262) 751520824, 
263) 760945636, 
264) 763192859, 
265) 764415906, 
266) 764813657, 
267) 774577989, 
268) 775944572, 
269) 780283986, 
270) 781403519, 
271) 781681337, 
272) 784039408, 
273) 788818885, 
274) 789153535, 
275) 792195299, 
276) 794110363, 
277) 796478331, 
278) 800378254, 
279) 800518579, 
280) 802286921, 
281) 802987406, 
282) 804490140, 
283) 806234723, 
284) 807355617, 
285) 809482935, 
286) 812469397, 
287) 813091224, 
288) 815116911, 
289) 823322058, 
290) 825130403, 
291) 832640164, 
292) 834173477, 
293) 837035293, 
294) 837167931, 
295) 837689416, 
296) 844559575, 
297) 844670467, 
298) 846121739, 
299) 851711471, 
300) 853351745, 
301) 854490311, 
302) 856455307, 
303) 860974931, 
304) 865665535, 
305) 873069544, 
306) 876365799, 
307) 885480160, 
308) 900061904, 
309) 900398281, 
310) 903241998, 
311) 903784590, 
312) 903792567, 
313) 904290179, 
314) 908435668, 
315) 912243038, 
316) 913834425, 
317) 916201152, 
318) 919329067, 
319) 919992855, 
320) 921726839, 
321) 924326890, 
322) 924469679, 
323) 925338484, 
324) 928104462, 
325) 930932267, 
326) 932760560, 
327) 934137245, 
328) 938229104, 
329) 938574201, 
330) 939789447, 
331) 941228791, 
332) 943164423, 
333) 949290948, 
334) 949861943, 
335) 950576628, 
336) 953270878, 
337) 953343212, 
338) 959784048, 
339) 959914648, 
340) 961328896, 
341) 971239950, 
342) 971805733, 
343) 979716444, 
344) 982254759, 
345) 983023726, 
346) 984146154, 
347) 992898191, 
348) 995980418, 
349) 997396700, 
350) 1000955331, 
351) 1006787292, 
352) 1011614791, 
353) 1023548440, 
354) 1023832916, 
355) 1035655883, 
356) 1039520993, 
357) 1041845467, 
358) 1043138406, 
359) 1045196985, 
360) 1045860389, 
361) 1048733874, 
362) 1058818051, 
363) 1061745658, 
364) 1071408268, 
365) 1072982379, 
366) 1074287024, 
367) 1077002754, 
368) 1078031071, 
369) 1078995133, 
370) 1084337135, 
371) 1090162034, 
372) 1090857005, 
373) 1091292711, 
374) 1092774920, 
375) 1099153779, 
376) 1106207190, 
377) 1112567116, 
378) 1113092249, 
379) 1118353816, 
380) 1120237411, 
381) 1121986218, 
382) 1122478047, 
383) 1124111088, 
384) 1124316750, 
385) 1126704176, 
386) 1126970154, 
387) 1134756421, 
388) 1135651140, 
389) 1137816834, 
390) 1138995509, 
391) 1143111249, 
392) 1145488521, 
393) 1145797360, 
394) 1148121539, 
395) 1149721953, 
396) 1151193465, 
397) 1151432102, 
398) 1151809092, 
399) 1156489074, 
400) 1157397314, 
401) 1161650821, 
402) 1162335478, 
403) 1162544660, 
404) 1165609027, 
405) 1168137553, 
406) 1172511950, 
407) 1175375916, 
408) 1177331299, 
409) 1180872045, 
410) 1184182212, 
411) 1184886013, 
412) 1186896883, 
413) 1187857408, 
414) 1190994330, 
415) 1195769946, 
416) 1200900392, 
417) 1204394209, 
418) 1206546774, 
419) 1207000891, 
420) 1207214177, 
421) 1212781141, 
422) 1212943905, 
423) 1219409894, 
424) 1220092186, 
425) 1226995696, 
426) 1231855699, 
427) 1232351979, 
428) 1232923624, 
429) 1235528599, 
430) 1237684394, 
431) 1238866274, 
432) 1240015513, 
433) 1241972656, 
434) 1243147170, 
435) 1244198607, 
436) 1246835038, 
437) 1247876153, 
438) 1249426520, 
439) 1250958841, 
440) 1251300416, 
441) 1251531197, 
442) 1255848340, 
443) 1258210666, 
444) 1262296733, 
445) 1272734256, 
446) 1274952466, 
447) 1287994686, 
448) 1289653489, 
449) 1291187349, 
450) 1297974255, 
451) 1299786928, 
452) 1300743141, 
453) 1303760054, 
454) 1313846676, 
455) 1315498784, 
456) 1316181474, 
457) 1322917248, 
458) 1325165818, 
459) 1325236345, 
460) 1328605780, 
461) 1329670782, 
462) 1333678491, 
463) 1336259480, 
464) 1339416204, 
465) 1344223942, 
466) 1345315735, 
467) 1346992184, 
468) 1348061047, 
469) 1354690948, 
470) 1355128048, 
471) 1356064426, 
472) 1367318022, 
473) 1368255949, 
474) 1371780945, 
475) 1372395908, 
476) 1372896889, 
477) 1374478087, 
478) 1380901945, 
479) 1384039773, 
480) 1384572418, 
481) 1391476225, 
482) 1397354142, 
483) 1398404293, 
484) 1399076777, 
485) 1401208605, 
486) 1404856883, 
487) 1407201185, 
488) 1408727490, 
489) 1411911231, 
490) 1412348349, 
491) 1413475129, 
492) 1418059924, 
493) 1419651845, 
494) 1426642853, 
495) 1434279185, 
496) 1438804876, 
497) 1440154030, 
498) 1445453787, 
499) 1448963495, 
500) 1450988592, 
501) 1452595717, 
502) 1453301872, 
503) 1455809076, 
504) 1459035378, 
505) 1463215959, 
506) 1463426321, 
507) 1464173567, 
508) 1470902870, 
509) 1474576298, 
510) 1478308797, 
511) 1479087509, 
512) 1480053023, 
513) 1485973341, 
514) 1487761337, 
515) 1488056977, 
516) 1492652755, 
517) 1492977913, 
518) 1494417055, 
519) 1494660940, 
520) 1494792220, 
521) 1495956549, 
522) 1498163665, 
523) 1500157083, 
524) 1500935093, 
525) 1501646869, 
526) 1504644454, 
527) 1509590713, 
528) 1511579920, 
529) 1512885272, 
530) 1517981892, 
531) 1522397830, 
532) 1529352090, 
533) 1532439570, 
534) 1534241163, 
535) 1536200991, 
536) 1537343769, 
537) 1538240740, 
538) 1539619746, 
539) 1540973933, 
540) 1554287000, 
541) 1554523627, 
542) 1556270440, 
543) 1557769743, 
544) 1558510046, 
545) 1561189116, 
546) 1570624797, 
547) 1574929373, 
548) 1580964138, 
549) 1591723791, 
550) 1593427389, 
551) 1594181814, 
552) 1596472676, 
553) 1598716720, 
554) 1600062432, 
555) 1601626612, 
556) 1604390484, 
557) 1606267652, 
558) 1610571236, 
559) 1610678872, 
560) 1613443706, 
561) 1630571034, 
562) 1642346062, 
563) 1646937512, 
564) 1650413564, 
565) 1650588834, 
566) 1651643773, 
567) 1651850497, 
568) 1656905367, 
569) 1663700351, 
570) 1674140083, 
571) 1678503695, 
572) 1688462836, 
573) 1692396784, 
574) 1693619579, 
575) 1695076436, 
576) 1695664308, 
577) 1698403099, 
578) 1700573925, 
579) 1701126293, 
580) 1702613713, 
581) 1703594183, 
582) 1705661543, 
583) 1712463865, 
584) 1720862450, 
585) 1721991190, 
586) 1722318966, 
587) 1727985110, 
588) 1729203466, 
589) 1731439439, 
590) 1732839033, 
591) 1733376534, 
592) 1734047700, 
593) 1741616717, 
594) 1743776680, 
595) 1746316352, 
596) 1748158261, 
597) 1749002825, 
598) 1751261698, 
599) 1752300062, 
600) 1757401295, 
601) 1765360425, 
602) 1767467836, 
603) 1768501178, 
604) 1776674148, 
605) 1777428302, 
606) 1780616694, 
607) 1782905507, 
608) 1787213452, 
609) 1788643585, 
610) 1789160262, 
611) 1792870789, 
612) 1795779073, 
613) 1799424974, 
614) 1801198879, 
615) 1802938612, 
616) 1804077071, 
617) 1804688875, 
618) 1805515618, 
619) 1816818464, 
620) 1816929078, 
621) 1819783499, 
622) 1820289142, 
623) 1835126831, 
624) 1835514997, 
625) 1835521035, 
626) 1840714772, 
627) 1841937199, 
628) 1844194094, 
629) 1848886153, 
630) 1851604247, 
631) 1854823876, 
632) 1856488721, 
633) 1869069167, 
634) 1870940409, 
635) 1872213670, 
636) 1872269781, 
637) 1885584518, 
638) 1889983771, 
639) 1897688977, 
640) 1898982980, 
641) 1907630506, 
642) 1908525384, 
643) 1908549166, 
644) 1915274333, 
645) 1915583077, 
646) 1922253951, 
647) 1923563134, 
648) 1923657505, 
649) 1933516250, 
650) 1933557321, 
651) 1935398057, 
652) 1936406258, 
653) 1946199852, 
654) 1954441250, 
655) 1959051652, 
656) 1961653552, 
657) 1964265455, 
658) 1965275777, 
659) 1966485062, 
660) 1969980068, 
661) 1971279638, 
662) 1971460205, 
663) 1971636626, 
664) 1972800346, 
665) 1973415799, 
666) 1976501903, 
667) 1977899745, 
668) 1980831150, 
669) 1980887751, 
670) 1987363830, 
671) 1999798871, 
672) 2008654524, 
673) 2011560681, 
674) 2013287675, 
675) 2016635880, 
676) 2019002757, 
677) 2026750238, 
678) 2030785190, 
679) 2031388726, 
680) 2033815887, 
681) 2034152463, 
682) 2037036423, 
683) 2037262999, 
684) 2037712683, 
685) 2049968158, 
686) 2052025348, 
687) 2055528841, 
688) 2056462192, 
689) 2057432363, 
690) 2059124227, 
691) 2066524276, 
692) 2067140937, 
693) 2068233088, 
694) 2078735186, 
695) 2080237196, 
696) 2087098649, 
697) 2087615145, 
698) 2088236682, 
699) 2102181427, 
700) 2103255474, 
701) 2105233509, 
702) 2105714528, 
703) 2106441382, 
704) 2113418127, 
705) 2113942172, 
706) 2116328404, 
707) 2118566532, 
708) 2118610553, 
709) 2119749921, 
710) 2121962886, 
711) 2123197453, 
712) 2125852763, 
713) 2130859214, 
714) 2134929931, 
715) 2140219662, 
716) 2142978976, 
717) 2152368768, 
718) 2154380103, 
719) 2154519624, 
720) 2157439861, 
721) 2157654868, 
722) 2158047100, 
723) 2164809272, 
724) 2165113137, 
725) 2172422578, 
726) 2174477260, 
727) 2175542367, 
728) 2188659166, 
729) 2193542574, 
730) 2193620793, 
731) 2194094144, 
732) 2196222600, 
733) 2199432663, 
734) 2202315434, 
735) 2206412090, 
736) 2211618410, 
737) 2215604379, 
738) 2220862746, 
739) 2228684051, 
740) 2229482023, 
741) 2232036604, 
742) 2235332785, 
743) 2238255295, 
744) 2242958260, 
745) 2244340469, 
746) 2250197127, 
747) 2253646125, 
748) 2258655565, 
749) 2259969009, 
750) 2260552075, 
751) 2260747030, 
752) 2266280859, 
753) 2270902356, 
754) 2272428272, 
755) 2272815532, 
756) 2275916202, 
757) 2280276176, 
758) 2283202537, 
759) 2285390794, 
760) 2288742057, 
761) 2289236477, 
762) 2289342491, 
763) 2290899515, 
764) 2291267799, 
765) 2302835853, 
766) 2309101779, 
767) 2310248996, 
768) 2312050223, 
769) 2314142878, 
770) 2314614687, 
771) 2317559220, 
772) 2318161521, 
773) 2326235054, 
774) 2330711712, 
775) 2330774593, 
776) 2332771654, 
777) 2332859484, 
778) 2334627193, 
779) 2338485170, 
780) 2340214004, 
781) 2345100262, 
782) 2346748054, 
783) 2351233417, 
784) 2352585626, 
785) 2359401454, 
786) 2359643670, 
787) 2360825192, 
788) 2362544692, 
789) 2365825703, 
790) 2371324840, 
791) 2372219382, 
792) 2372978769, 
793) 2374585384, 
794) 2378284001, 
795) 2388026511, 
796) 2389130022, 
797) 2392589908, 
798) 2403870755, 
799) 2404386261, 
800) 2405873754, 
801) 2413895512, 
802) 2414269534, 
803) 2415408120, 
804) 2417099870, 
805) 2419368611, 
806) 2422960279, 
807) 2423839585, 
808) 2424714175, 
809) 2431551256, 
810) 2437713520, 
811) 2440429258, 
812) 2440469272, 
813) 2441365484, 
814) 2443325844, 
815) 2445688545, 
816) 2448171344, 
817) 2448605195, 
818) 2449650414, 
819) 2452100847, 
820) 2455109792, 
821) 2456472992, 
822) 2459640562, 
823) 2460629959, 
824) 2467026038, 
825) 2467648276, 
826) 2471886687, 
827) 2473689338, 
828) 2475850771, 
829) 2479491998, 
830) 2480494268, 
831) 2483654299, 
832) 2489555678, 
833) 2493740684, 
834) 2495919912, 
835) 2501816802, 
836) 2507024218, 
837) 2508634131, 
838) 2514321143, 
839) 2515876685, 
840) 2516632856, 
841) 2518180213, 
842) 2519970868, 
843) 2526632982, 
844) 2529061180, 
845) 2531796322, 
846) 2532171588, 
847) 2532320844, 
848) 2533186358, 
849) 2533519712, 
850) 2534845412, 
851) 2536877090, 
852) 2538588526, 
853) 2548888159, 
854) 2552380176, 
855) 2553532495, 
856) 2560945529, 
857) 2561927660, 
858) 2562660805, 
859) 2563886525, 
860) 2567392020, 
861) 2567480893, 
862) 2568116660, 
863) 2568364138, 
864) 2576665750, 
865) 2576952535, 
866) 2577546262, 
867) 2578412895, 
868) 2578737462, 
869) 2580335801, 
870) 2581940563, 
871) 2588110382, 
872) 2594057953, 
873) 2594728533, 
874) 2598413823, 
875) 2599342453, 
876) 2605254861, 
877) 2608926904, 
878) 2610378646, 
879) 2610551681, 
880) 2612465533, 
881) 2612509765, 
882) 2618739637, 
883) 2621066033, 
884) 2623735895, 
885) 2632288716, 
886) 2641359248, 
887) 2641489233, 
888) 2643138524, 
889) 2643654569, 
890) 2650700333, 
891) 2653373518, 
892) 2655619372, 
893) 2661257134, 
894) 2661413563, 
895) 2665452855, 
896) 2671849476, 
897) 2672265503, 
898) 2674211396, 
899) 2681326340, 
900) 2682975326, 
901) 2691124765, 
902) 2692516735, 
903) 2693549708, 
904) 2693764878, 
905) 2697118416, 
906) 2700747161, 
907) 2710639354, 
908) 2711430823, 
909) 2718192623, 
910) 2719481357, 
911) 2721278950, 
912) 2728491504, 
913) 2746440704, 
914) 2753887489, 
915) 2754441804, 
916) 2755866782, 
917) 2756992748, 
918) 2765491183, 
919) 2784288650, 
920) 2790092559, 
921) 2790299117, 
922) 2792447849, 
923) 2793617086, 
924) 2801900601, 
925) 2804969362, 
926) 2810276275, 
927) 2810698163, 
928) 2812286980, 
929) 2815175768, 
930) 2817000215, 
931) 2817537422, 
932) 2818864133, 
933) 2822783824, 
934) 2823275849, 
935) 2824038120, 
936) 2826318486, 
937) 2829740934, 
938) 2829985672, 
939) 2831191939, 
940) 2835709237, 
941) 2837107958, 
942) 2837341928, 
943) 2840292193, 
944) 2843799607, 
945) 2850994791, 
946) 2859471429, 
947) 2860187955, 
948) 2860469968, 
949) 2866393483, 
950) 2877060305, 
951) 2881627553, 
952) 2886219754, 
953) 2886898550, 
954) 2892116047, 
955) 2895659221, 
956) 2897584049, 
957) 2900040625, 
958) 2902069991, 
959) 2903721737, 
960) 2907425767, 
961) 2907769013, 
962) 2914301248, 
963) 2917337189, 
964) 2917792011, 
965) 2918364583, 
966) 2918778985, 
967) 2919148620, 
968) 2919168536, 
969) 2932239880, 
970) 2933456408, 
971) 2934607443, 
972) 2936349099, 
973) 2937889431, 
974) 2939086559, 
975) 2940227172, 
976) 2941460542, 
977) 2941628542, 
978) 2942298549, 
979) 2943681856, 
980) 2948052406, 
981) 2950277212, 
982) 2959575067, 
983) 2962862529, 
984) 2967632679, 
985) 2969116049, 
986) 2969648554, 
987) 2969902150, 
988) 2971357461, 
989) 2971731236, 
990) 2973710096, 
991) 2974043651, 
992) 2982756483, 
993) 2986889005, 
994) 2990794666, 
995) 2992645542, 
996) 2996709672, 
997) 2998204733, 
998) 2998328862, 
999) 2998615353, 
