Number of elements is 5000
Type of array is sorted
Sorting algorithm - quick
Running time of sorting algorithm is 217ms
0) 1354359, 
1) 1653802, 
2) 1748538, 
3) 1809094, 
4) 3947073, 
5) 4232377, 
6) 6640606, 
7) 7265828, 
8) 7358557, 
9) 7772032, 
10) 8950816, 
11) 9405594, 
12) 13510875, 
13) 14544709, 
14) 15663199, 
15) 16524880, 
16) 17405291, 
17) 17774600, 
18) 18689226, 
19) 21737844, 
20) 23051862, 
21) 24970980, 
22) 25381739, 
23) 25442010, 
24) 25761651, 
25) 25789142, 
26) 26619203, 
27) 27855867, 
28) 27864434, 
29) 27888153, 
30) 28027889, 
31) 28057694, 
32) 29509145, 
33) 29855688, 
34) 31041664, 
35) 31231806, 
36) 31620474, 
37) 32474790, 
38) 33060993, 
39) 33263154, 
40) 33959479, 
41) 35414505, 
42) 35841970, 
43) 36460273, 
44) 36741879, 
45) 37415114, 
46) 38441611, 
47) 38793085, 
48) 39891796, 
49) 40578083, 
50) 40876744, 
51) 41062150, 
52) 41455937, 
53) 42102485, 
54) 43098725, 
55) 43339643, 
56) 43833140, 
57) 45504098, 
58) 46089943, 
59) 46855895, 
60) 47173366, 
61) 47959528, 
62) 49852435, 
63) 49917852, 
64) 50073051, 
65) 51229077, 
66) 51602255, 
67) 52228951, 
68) 52754617, 
69) 53437692, 
70) 53502073, 
71) 54494495, 
72) 54562745, 
73) 54952294, 
74) 55696320, 
75) 56026259, 
76) 56102881, 
77) 57422084, 
78) 57433112, 
79) 58282086, 
80) 58397977, 
81) 59725406, 
82) 60250710, 
83) 60298306, 
84) 60558405, 
85) 60779537, 
86) 60795093, 
87) 61679573, 
88) 62022947, 
89) 62062204, 
90) 62721138, 
91) 63918815, 
92) 64669298, 
93) 65288608, 
94) 65430550, 
95) 65530953, 
96) 66393214, 
97) 66670178, 
98) 66791154, 
99) 67275295, 
100) 68243689, 
101) 68949676, 
102) 69340335, 
103) 69517568, 
104) 69643035, 
105) 71722127, 
106) 72488489, 
107) 73185602, 
108) 73495260, 
109) 74219177, 
110) 74848199, 
111) 75185179, 
112) 75233256, 
113) 75376344, 
114) 75459584, 
115) 76201331, 
116) 77644288, 
117) 78037069, 
118) 78987910, 
119) 79463958, 
120) 79799878, 
121) 80147920, 
122) 80546026, 
123) 81579467, 
124) 81899785, 
125) 82530246, 
126) 83833812, 
127) 83869452, 
128) 85236605, 
129) 85743389, 
130) 85893995, 
131) 86387582, 
132) 86797910, 
133) 86972864, 
134) 87965548, 
135) 88284723, 
136) 91385804, 
137) 91831680, 
138) 91949727, 
139) 92835009, 
140) 93357474, 
141) 93677656, 
142) 94428900, 
143) 94675471, 
144) 95613301, 
145) 95818137, 
146) 95889122, 
147) 96001260, 
148) 97592730, 
149) 98401233, 
150) 98791778, 
151) 99502132, 
152) 99801839, 
153) 100037834, 
154) 100064204, 
155) 100954520, 
156) 101114378, 
157) 101814322, 
158) 102271917, 
159) 102966085, 
160) 103767629, 
161) 104519376, 
162) 104699627, 
163) 104881968, 
164) 105339030, 
165) 105350972, 
166) 105567462, 
167) 105620207, 
168) 105673495, 
169) 106108694, 
170) 106156921, 
171) 106491116, 
172) 107689067, 
173) 108403036, 
174) 108537406, 
175) 108626941, 
176) 111404694, 
177) 111657865, 
178) 111885010, 
179) 112048821, 
180) 112401860, 
181) 113279829, 
182) 113399364, 
183) 113411050, 
184) 113646656, 
185) 113775154, 
186) 114969072, 
187) 115551146, 
188) 115660103, 
189) 116181985, 
190) 116505566, 
191) 117179433, 
192) 117397129, 
193) 117647207, 
194) 117859263, 
195) 118014199, 
196) 118425018, 
197) 118663939, 
198) 118769256, 
199) 119566941, 
200) 120547165, 
201) 121062245, 
202) 121977467, 
203) 122395043, 
204) 123261125, 
205) 123396713, 
206) 123474139, 
207) 123539965, 
208) 125056292, 
209) 125113142, 
210) 126160406, 
211) 126227124, 
212) 126534158, 
213) 127173322, 
214) 128341906, 
215) 129718644, 
216) 130622863, 
217) 131243672, 
218) 131931941, 
219) 131965749, 
220) 132907799, 
221) 134142110, 
222) 134853211, 
223) 134855329, 
224) 135644810, 
225) 135728143, 
226) 136217701, 
227) 138444625, 
228) 139544391, 
229) 140309359, 
230) 140482012, 
231) 140625747, 
232) 142603972, 
233) 144210906, 
234) 145001188, 
235) 145593775, 
236) 146356596, 
237) 147197559, 
238) 147510682, 
239) 147525346, 
240) 148300518, 
241) 149168914, 
242) 150092016, 
243) 150418750, 
244) 151389916, 
245) 151815410, 
246) 152560127, 
247) 153042248, 
248) 153553000, 
249) 154331587, 
250) 154827623, 
251) 155772108, 
252) 156316838, 
253) 156511401, 
254) 157256925, 
255) 158261271, 
256) 161712725, 
257) 163761190, 
258) 163880401, 
259) 165010055, 
260) 166015963, 
261) 166348533, 
262) 167047057, 
263) 167906255, 
264) 168162785, 
265) 169584296, 
266) 169840754, 
267) 170559415, 
268) 170589060, 
269) 171443294, 
270) 171561647, 
271) 174297361, 
272) 174617579, 
273) 176103997, 
274) 176992520, 
275) 178008025, 
276) 178102714, 
277) 181231769, 
278) 182002441, 
279) 182198403, 
280) 182611947, 
281) 183385985, 
282) 183977369, 
283) 184170335, 
284) 185113543, 
285) 186340026, 
286) 187372549, 
287) 188363536, 
288) 189761618, 
289) 190143023, 
290) 192100369, 
291) 192386020, 
292) 193267170, 
293) 193761190, 
294) 195550721, 
295) 195599813, 
296) 195843951, 
297) 196407706, 
298) 196863755, 
299) 197652511, 
300) 197903800, 
301) 198807528, 
302) 199716287, 
303) 200011335, 
304) 200442271, 
305) 200674844, 
306) 201813575, 
307) 202055758, 
308) 202118327, 
309) 202467688, 
310) 202987440, 
311) 203137873, 
312) 203271574, 
313) 204149047, 
314) 205474106, 
315) 205834988, 
316) 206629707, 
317) 206736141, 
318) 206822608, 
319) 206856506, 
320) 207309127, 
321) 207619524, 
322) 207735936, 
323) 208402313, 
324) 208820393, 
325) 208950064, 
326) 209336945, 
327) 210349260, 
328) 210769314, 
329) 211243760, 
330) 212322757, 
331) 216065378, 
332) 216091339, 
333) 216157958, 
334) 218390232, 
335) 218535700, 
336) 218608883, 
337) 218664090, 
338) 219035914, 
339) 219801612, 
340) 220040723, 
341) 223130543, 
342) 224108430, 
343) 225032416, 
344) 226579894, 
345) 227088578, 
346) 227347925, 
347) 227518588, 
348) 227906354, 
349) 228559440, 
350) 228696421, 
351) 229123440, 
352) 229160961, 
353) 229476459, 
354) 229498366, 
355) 229710246, 
356) 229751746, 
357) 231339337, 
358) 232877345, 
359) 232980424, 
360) 233686044, 
361) 233844854, 
362) 234585192, 
363) 234723474, 
364) 234810861, 
365) 235277286, 
366) 235426176, 
367) 235456836, 
368) 236071134, 
369) 237250094, 
370) 237716963, 
371) 238110625, 
372) 239572209, 
373) 240394316, 
374) 240730350, 
375) 240977170, 
376) 241366747, 
377) 242464644, 
378) 243377367, 
379) 243752860, 
380) 245019449, 
381) 245023136, 
382) 245440882, 
383) 245848942, 
384) 245877653, 
385) 246188513, 
386) 246467433, 
387) 247204712, 
388) 248313387, 
389) 248874418, 
390) 249694274, 
391) 249701486, 
392) 249872100, 
393) 249910416, 
394) 249917859, 
395) 251285850, 
396) 251433956, 
397) 251807398, 
398) 251836898, 
399) 252424133, 
400) 254065670, 
401) 254287748, 
402) 254630774, 
403) 255744652, 
404) 256089828, 
405) 256756734, 
406) 257321241, 
407) 257437630, 
408) 258503867, 
409) 259171772, 
410) 259239136, 
411) 259280832, 
412) 259394709, 
413) 259569704, 
414) 261504523, 
415) 261961942, 
416) 262004712, 
417) 262260382, 
418) 262688321, 
419) 262738291, 
420) 262819107, 
421) 262966986, 
422) 263804119, 
423) 263855488, 
424) 264600891, 
425) 266035164, 
426) 266048130, 
427) 266110072, 
428) 266349898, 
429) 266579709, 
430) 266935524, 
431) 266938992, 
432) 269701178, 
433) 269923247, 
434) 271248282, 
435) 271376945, 
436) 271431044, 
437) 271434864, 
438) 272907101, 
439) 273281459, 
440) 273509976, 
441) 273752981, 
442) 273870945, 
443) 274716400, 
444) 275136203, 
445) 275570472, 
446) 276415502, 
447) 276951973, 
448) 276978940, 
449) 277042745, 
450) 277640440, 
451) 278723277, 
452) 280037068, 
453) 280100892, 
454) 281201256, 
455) 281326435, 
456) 281372907, 
457) 281589783, 
458) 281944046, 
459) 282012120, 
460) 282119178, 
461) 283359046, 
462) 283735889, 
463) 284171518, 
464) 284272939, 
465) 284336169, 
466) 285246947, 
467) 285489586, 
468) 286845971, 
469) 289066609, 
470) 289343336, 
471) 289775588, 
472) 290377584, 
473) 290573562, 
474) 290759787, 
475) 292209164, 
476) 292212950, 
477) 292427741, 
478) 292938118, 
479) 293490709, 
480) 295409930, 
481) 296086262, 
482) 297003704, 
483) 297644485, 
484) 298496143, 
485) 299491516, 
486) 299926416, 
487) 299984759, 
488) 300004409, 
489) 300661375, 
490) 301174518, 
491) 302485301, 
492) 304677221, 
493) 306718347, 
494) 308954911, 
495) 310288119, 
496) 312309353, 
497) 313372554, 
498) 313530281, 
499) 315117581, 
500) 315294476, 
501) 315539552, 
502) 316352676, 
503) 316378497, 
504) 316418847, 
505) 317167075, 
506) 317292263, 
507) 318063039, 
508) 318100328, 
509) 318159684, 
510) 320361346, 
511) 321385008, 
512) 321843526, 
513) 324107292, 
514) 324458758, 
515) 324846920, 
516) 324874258, 
517) 324968117, 
518) 325664112, 
519) 326409801, 
520) 326506769, 
521) 327165852, 
522) 327520397, 
523) 327698075, 
524) 328854084, 
525) 329140729, 
526) 330366913, 
527) 330763003, 
528) 331630469, 
529) 332026275, 
530) 332689809, 
531) 332966394, 
532) 333595020, 
533) 334138377, 
534) 334469197, 
535) 334810147, 
536) 335066993, 
537) 335608070, 
538) 336402400, 
539) 336758976, 
540) 337267045, 
541) 337564609, 
542) 338792692, 
543) 339011310, 
544) 339378150, 
545) 339567149, 
546) 339934895, 
547) 340061697, 
548) 340316757, 
549) 341012656, 
550) 342915314, 
551) 343082570, 
552) 343412467, 
553) 343996642, 
554) 344116128, 
555) 344294274, 
556) 344629661, 
557) 347468692, 
558) 347512757, 
559) 348332709, 
560) 348849331, 
561) 348901148, 
562) 349300349, 
563) 349721547, 
564) 350425673, 
565) 350865043, 
566) 351322529, 
567) 351685919, 
568) 352883546, 
569) 352977724, 
570) 353257506, 
571) 353763675, 
572) 353809415, 
573) 354077696, 
574) 355003646, 
575) 355621094, 
576) 356348958, 
577) 356783148, 
578) 357294072, 
579) 357543539, 
580) 358002969, 
581) 359579499, 
582) 360532980, 
583) 360553745, 
584) 361701113, 
585) 361876666, 
586) 362015272, 
587) 364397565, 
588) 367016682, 
589) 367484472, 
590) 367883652, 
591) 367895158, 
592) 368289632, 
593) 369163111, 
594) 369735631, 
595) 369973343, 
596) 370527837, 
597) 370896508, 
598) 370949023, 
599) 371272490, 
600) 371282249, 
601) 371862481, 
602) 373048482, 
603) 373476082, 
604) 374347013, 
605) 374374172, 
606) 374400389, 
607) 374559070, 
608) 374959430, 
609) 375081711, 
610) 375695780, 
611) 376287193, 
612) 376729778, 
613) 376983095, 
614) 377081486, 
615) 378292761, 
616) 378407474, 
617) 380287461, 
618) 380841522, 
619) 381391002, 
620) 381604897, 
621) 381756555, 
622) 383807415, 
623) 383938082, 
624) 384320039, 
625) 384474421, 
626) 384984132, 
627) 385620911, 
628) 385757182, 
629) 387306738, 
630) 387580525, 
631) 388396773, 
632) 388711266, 
633) 388984528, 
634) 389434977, 
635) 389715242, 
636) 391048171, 
637) 391340572, 
638) 391469778, 
639) 392391828, 
640) 394695915, 
641) 394951904, 
642) 395923393, 
643) 396494806, 
644) 396873848, 
645) 397198174, 
646) 397223607, 
647) 397403040, 
648) 398040290, 
649) 398718843, 
650) 398943713, 
651) 399308810, 
652) 400665563, 
653) 401754419, 
654) 401824426, 
655) 402531028, 
656) 403054123, 
657) 403172221, 
658) 403450764, 
659) 403727060, 
660) 405142875, 
661) 405677292, 
662) 406599907, 
663) 407185766, 
664) 407907091, 
665) 408224393, 
666) 408642976, 
667) 408917341, 
668) 409267237, 
669) 410482470, 
670) 411485499, 
671) 411531980, 
672) 411591927, 
673) 411854095, 
674) 412663651, 
675) 413299744, 
676) 414495645, 
677) 414748467, 
678) 415724898, 
679) 416926721, 
680) 417160168, 
681) 417712970, 
682) 417924002, 
683) 419161026, 
684) 419627784, 
685) 420129024, 
686) 422279864, 
687) 422501399, 
688) 423031510, 
689) 423153316, 
690) 423571229, 
691) 424229241, 
692) 426082911, 
693) 426158497, 
694) 426538572, 
695) 426802935, 
696) 428268844, 
697) 428358288, 
698) 430214073, 
699) 430791968, 
700) 430863532, 
701) 430951546, 
702) 431603216, 
703) 431895516, 
704) 432758348, 
705) 433774339, 
706) 433833863, 
707) 433991162, 
708) 434682681, 
709) 436376955, 
710) 436851599, 
711) 436866362, 
712) 438974195, 
713) 439418465, 
714) 440134633, 
715) 441897433, 
716) 446230785, 
717) 446762243, 
718) 448287207, 
719) 448468941, 
720) 449611300, 
721) 449633814, 
722) 449782004, 
723) 450375575, 
724) 450439130, 
725) 450574341, 
726) 450838887, 
727) 452197860, 
728) 453324849, 
729) 453707271, 
730) 454282428, 
731) 455896302, 
732) 456288128, 
733) 456500059, 
734) 457720990, 
735) 457804530, 
736) 457854019, 
737) 458331504, 
738) 458417530, 
739) 459909371, 
740) 460857787, 
741) 461078733, 
742) 462943331, 
743) 463065941, 
744) 464417218, 
745) 465501927, 
746) 465753120, 
747) 466047893, 
748) 466263656, 
749) 468070210, 
750) 468219141, 
751) 468803712, 
752) 469233352, 
753) 469312941, 
754) 469670235, 
755) 469775280, 
756) 472392972, 
757) 473611952, 
758) 473833220, 
759) 473860016, 
760) 474533050, 
761) 474539560, 
762) 474710580, 
763) 475295701, 
764) 475703313, 
765) 475774646, 
766) 475949758, 
767) 476564710, 
768) 477388484, 
769) 477692126, 
770) 477934837, 
771) 478899709, 
772) 479555124, 
773) 479580561, 
774) 481352639, 
775) 481512226, 
776) 482316830, 
777) 482562006, 
778) 482863483, 
779) 482927854, 
780) 484032467, 
781) 484270444, 
782) 484494461, 
783) 485084750, 
784) 486184532, 
785) 486860757, 
786) 487037554, 
787) 487833315, 
788) 488344856, 
789) 488797702, 
790) 490993454, 
791) 492262455, 
792) 492273397, 
793) 492320251, 
794) 492798136, 
795) 493365503, 
796) 493404460, 
797) 494600104, 
798) 494918881, 
799) 495238549, 
800) 495806544, 
801) 495852398, 
802) 496190134, 
803) 496506944, 
804) 496795954, 
805) 497018357, 
806) 497193032, 
807) 497636004, 
808) 498292152, 
809) 498586289, 
810) 499161439, 
811) 499189356, 
812) 499190387, 
813) 499481675, 
814) 499922180, 
815) 499954518, 
816) 500900551, 
817) 500954169, 
818) 501010824, 
819) 502285180, 
820) 502295439, 
821) 503437648, 
822) 504186231, 
823) 504291364, 
824) 507911541, 
825) 508054839, 
826) 508222140, 
827) 508397928, 
828) 510563121, 
829) 510642068, 
830) 511700565, 
831) 512318558, 
832) 513073687, 
833) 513229232, 
834) 513892575, 
835) 515852887, 
836) 516497744, 
837) 517779374, 
838) 518855713, 
839) 519384332, 
840) 520235639, 
841) 520394108, 
842) 520456275, 
843) 520837081, 
844) 520980179, 
845) 522150592, 
846) 523276540, 
847) 523786812, 
848) 525328941, 
849) 525988632, 
850) 526116689, 
851) 526173777, 
852) 526711738, 
853) 527017320, 
854) 527061265, 
855) 527477632, 
856) 528389270, 
857) 528644649, 
858) 529113628, 
859) 529174810, 
860) 529643941, 
861) 530484201, 
862) 530613526, 
863) 530780928, 
864) 531643971, 
865) 531919313, 
866) 532452747, 
867) 533201389, 
868) 534437800, 
869) 534743371, 
870) 534802358, 
871) 535241570, 
872) 535958816, 
873) 536190144, 
874) 536269569, 
875) 536395719, 
876) 536525267, 
877) 536700205, 
878) 536942804, 
879) 538187872, 
880) 538341823, 
881) 539782851, 
882) 540140332, 
883) 540327117, 
884) 540979300, 
885) 541264174, 
886) 541977677, 
887) 542133814, 
888) 542522223, 
889) 543036615, 
890) 543268058, 
891) 543382238, 
892) 544039214, 
893) 544404724, 
894) 544837122, 
895) 545635664, 
896) 545694250, 
897) 546045472, 
898) 547616628, 
899) 548172949, 
900) 550260292, 
901) 550862071, 
902) 551512343, 
903) 551729808, 
904) 552183475, 
905) 552578046, 
906) 552735817, 
907) 554299380, 
908) 555090641, 
909) 555659246, 
910) 556410672, 
911) 556466060, 
912) 556789391, 
913) 556983745, 
914) 557728333, 
915) 558082833, 
916) 558135211, 
917) 558628565, 
918) 558734737, 
919) 558805042, 
920) 559639544, 
921) 560685426, 
922) 561173950, 
923) 561859743, 
924) 561871346, 
925) 562726711, 
926) 563120397, 
927) 563214520, 
928) 565463775, 
929) 567376426, 
930) 567528975, 
931) 568523938, 
932) 569123785, 
933) 569527495, 
934) 570784973, 
935) 572540157, 
936) 572660190, 
937) 572981522, 
938) 573168895, 
939) 573313223, 
940) 573407500, 
941) 574038570, 
942) 574207886, 
943) 574417901, 
944) 574621209, 
945) 574677355, 
946) 574800105, 
947) 575392560, 
948) 575554592, 
949) 575674763, 
950) 575920957, 
951) 576637906, 
952) 578641096, 
953) 578758951, 
954) 579375511, 
955) 579949027, 
956) 580297902, 
957) 580787378, 
958) 581565974, 
959) 581584200, 
960) 581960724, 
961) 582286742, 
962) 582348620, 
963) 582599245, 
964) 583679481, 
965) 584077044, 
966) 584204171, 
967) 585772891, 
968) 585890162, 
969) 586374193, 
970) 586736077, 
971) 587100821, 
972) 587248659, 
973) 587318911, 
974) 587528985, 
975) 587685519, 
976) 588199713, 
977) 588412257, 
978) 588463362, 
979) 589220137, 
980) 589905503, 
981) 590323565, 
982) 591211895, 
983) 591349406, 
984) 591812820, 
985) 592063106, 
986) 592262725, 
987) 592279906, 
988) 592457143, 
989) 592879317, 
990) 593600144, 
991) 594243608, 
992) 595100299, 
993) 598271815, 
994) 598452731, 
995) 598961479, 
996) 599316194, 
997) 599380723, 
998) 599396101, 
999) 599555105, 
1000) 600125720, 
1001) 600138995, 
1002) 600399974, 
1003) 600897470, 
1004) 601100395, 
1005) 601536750, 
1006) 602922621, 
1007) 605237892, 
1008) 605421259, 
1009) 605458820, 
1010) 606100070, 
1011) 606191748, 
1012) 607948511, 
1013) 609505848, 
1014) 609835404, 
1015) 609994527, 
1016) 610565108, 
1017) 611797215, 
1018) 611915530, 
1019) 612779512, 
1020) 613680268, 
1021) 614127905, 
1022) 614377382, 
1023) 614581686, 
1024) 615863983, 
1025) 617176833, 
1026) 617213603, 
1027) 617227754, 
1028) 617841765, 
1029) 617877893, 
1030) 617956825, 
1031) 619636143, 
1032) 620611141, 
1033) 620627559, 
1034) 620661001, 
1035) 621882044, 
1036) 622081997, 
1037) 622380236, 
1038) 623183561, 
1039) 624702460, 
1040) 625026212, 
1041) 625323640, 
1042) 626156383, 
1043) 626210694, 
1044) 626888162, 
1045) 627312960, 
1046) 628338276, 
1047) 629614260, 
1048) 630835967, 
1049) 631476227, 
1050) 632426295, 
1051) 634146515, 
1052) 634263381, 
1053) 636509174, 
1054) 636700655, 
1055) 637279618, 
1056) 638028474, 
1057) 638459285, 
1058) 638511573, 
1059) 639063315, 
1060) 639182335, 
1061) 639465113, 
1062) 639785875, 
1063) 640878029, 
1064) 642177298, 
1065) 643627300, 
1066) 644045774, 
1067) 644817046, 
1068) 646652238, 
1069) 646979809, 
1070) 647078738, 
1071) 647683140, 
1072) 648455580, 
1073) 648510705, 
1074) 648974833, 
1075) 649425307, 
1076) 650057838, 
1077) 651274603, 
1078) 651624916, 
1079) 651821293, 
1080) 651863486, 
1081) 653021007, 
1082) 653427693, 
1083) 653541076, 
1084) 654685607, 
1085) 655035266, 
1086) 655179867, 
1087) 655400822, 
1088) 655618142, 
1089) 655663308, 
1090) 655976274, 
1091) 656098756, 
1092) 657882946, 
1093) 660173850, 
1094) 660423411, 
1095) 661695395, 
1096) 661920608, 
1097) 662009127, 
1098) 662264787, 
1099) 662308799, 
1100) 663381385, 
1101) 663519296, 
1102) 663847085, 
1103) 665472205, 
1104) 667510506, 
1105) 667780070, 
1106) 668080430, 
1107) 668151254, 
1108) 668190213, 
1109) 668477081, 
1110) 668494837, 
1111) 668666535, 
1112) 669670607, 
1113) 669759530, 
1114) 671038031, 
1115) 671804636, 
1116) 672578542, 
1117) 672678177, 
1118) 673453644, 
1119) 674699750, 
1120) 674998875, 
1121) 675237174, 
1122) 676210781, 
1123) 676535533, 
1124) 677567780, 
1125) 678212461, 
1126) 678472226, 
1127) 679336925, 
1128) 679985321, 
1129) 681921825, 
1130) 682386660, 
1131) 682533580, 
1132) 682964169, 
1133) 683198036, 
1134) 683526835, 
1135) 683981086, 
1136) 685065216, 
1137) 685324738, 
1138) 686344720, 
1139) 687289488, 
1140) 687348513, 
1141) 687640628, 
1142) 690186798, 
1143) 690617467, 
1144) 691652525, 
1145) 691970801, 
1146) 692849086, 
1147) 694687371, 
1148) 694758381, 
1149) 695538772, 
1150) 696730733, 
1151) 696961812, 
1152) 696988267, 
1153) 697103067, 
1154) 697531699, 
1155) 697838542, 
1156) 699405507, 
1157) 699758668, 
1158) 701747760, 
1159) 704063042, 
1160) 704225853, 
1161) 704656510, 
1162) 705184255, 
1163) 706089424, 
1164) 706550173, 
1165) 706554800, 
1166) 707618451, 
1167) 709071906, 
1168) 709078983, 
1169) 709700301, 
1170) 710426871, 
1171) 712648261, 
1172) 712745440, 
1173) 713666222, 
1174) 714361317, 
1175) 714458963, 
1176) 714711273, 
1177) 715767265, 
1178) 715841775, 
1179) 717232652, 
1180) 717689351, 
1181) 718174871, 
1182) 718708608, 
1183) 718757586, 
1184) 719697475, 
1185) 720189761, 
1186) 720236598, 
1187) 720263437, 
1188) 720606246, 
1189) 721176009, 
1190) 723286055, 
1191) 723487919, 
1192) 723697392, 
1193) 724052047, 
1194) 724440030, 
1195) 724925280, 
1196) 725330015, 
1197) 725621303, 
1198) 725933106, 
1199) 726056125, 
1200) 726108530, 
1201) 726493342, 
1202) 727195923, 
1203) 727319547, 
1204) 728138279, 
1205) 728204574, 
1206) 728882364, 
1207) 728936637, 
1208) 729512843, 
1209) 730154040, 
1210) 730267392, 
1211) 731356703, 
1212) 732596398, 
1213) 732768004, 
1214) 733261319, 
1215) 734779324, 
1216) 734857826, 
1217) 735105608, 
1218) 735924244, 
1219) 736853718, 
1220) 736866228, 
1221) 737520052, 
1222) 737889614, 
1223) 738223012, 
1224) 738300574, 
1225) 738380323, 
1226) 740471369, 
1227) 740641819, 
1228) 740717217, 
1229) 740856388, 
1230) 741259789, 
1231) 742373506, 
1232) 742556513, 
1233) 743309920, 
1234) 743536973, 
1235) 743916366, 
1236) 745109965, 
1237) 745245006, 
1238) 745364975, 
1239) 745450838, 
1240) 746520083, 
1241) 748110551, 
1242) 749172282, 
1243) 750252597, 
1244) 750402451, 
1245) 751121786, 
1246) 751637245, 
1247) 752192142, 
1248) 752340359, 
1249) 754269535, 
1250) 754982901, 
1251) 755724108, 
1252) 755862242, 
1253) 756369056, 
1254) 756733990, 
1255) 756850964, 
1256) 757056504, 
1257) 757640956, 
1258) 758202130, 
1259) 760002400, 
1260) 761636264, 
1261) 762076319, 
1262) 762628099, 
1263) 762803340, 
1264) 762984857, 
1265) 763179041, 
1266) 763184225, 
1267) 763321225, 
1268) 763914307, 
1269) 765284055, 
1270) 765983451, 
1271) 766246152, 
1272) 766766204, 
1273) 767701605, 
1274) 768245407, 
1275) 768279521, 
1276) 768806462, 
1277) 769883374, 
1278) 770186969, 
1279) 770490695, 
1280) 771859794, 
1281) 772253633, 
1282) 772477131, 
1283) 772935601, 
1284) 773505465, 
1285) 773535089, 
1286) 773623792, 
1287) 774403329, 
1288) 774665511, 
1289) 775750797, 
1290) 777032332, 
1291) 777654244, 
1292) 777943668, 
1293) 778849696, 
1294) 780161179, 
1295) 780423861, 
1296) 780490920, 
1297) 781070483, 
1298) 781167667, 
1299) 781757418, 
1300) 783404534, 
1301) 785591883, 
1302) 787122647, 
1303) 787311817, 
1304) 787862352, 
1305) 788315878, 
1306) 789061487, 
1307) 789129965, 
1308) 789292070, 
1309) 791879835, 
1310) 792850404, 
1311) 793063029, 
1312) 793260339, 
1313) 793849111, 
1314) 795230951, 
1315) 795351386, 
1316) 795523559, 
1317) 795675534, 
1318) 795795508, 
1319) 796117095, 
1320) 796753754, 
1321) 797515571, 
1322) 797755503, 
1323) 798174569, 
1324) 798674671, 
1325) 799881972, 
1326) 800061117, 
1327) 801518127, 
1328) 802013921, 
1329) 802803143, 
1330) 802859415, 
1331) 803587561, 
1332) 804056186, 
1333) 804700722, 
1334) 805336078, 
1335) 805570802, 
1336) 805633489, 
1337) 805830940, 
1338) 806711330, 
1339) 806925184, 
1340) 807412632, 
1341) 808207044, 
1342) 809338886, 
1343) 809368069, 
1344) 809543154, 
1345) 809721206, 
1346) 810111375, 
1347) 810326525, 
1348) 810432417, 
1349) 810435288, 
1350) 810861328, 
1351) 811521145, 
1352) 811881068, 
1353) 813309875, 
1354) 813456766, 
1355) 814064729, 
1356) 814130542, 
1357) 814466843, 
1358) 815364588, 
1359) 815378403, 
1360) 815582817, 
1361) 816291181, 
1362) 816738126, 
1363) 817279965, 
1364) 817376305, 
1365) 818799254, 
1366) 819439842, 
1367) 819485856, 
1368) 820503063, 
1369) 821926642, 
1370) 822023863, 
1371) 822364124, 
1372) 822846627, 
1373) 823183608, 
1374) 823769126, 
1375) 824527952, 
1376) 825371648, 
1377) 825697200, 
1378) 826051679, 
1379) 826663825, 
1380) 827018881, 
1381) 828054623, 
1382) 828413412, 
1383) 828726819, 
1384) 828893846, 
1385) 828965638, 
1386) 829163604, 
1387) 829488193, 
1388) 829684975, 
1389) 829709131, 
1390) 831413792, 
1391) 831961504, 
1392) 833812037, 
1393) 834146703, 
1394) 835967994, 
1395) 836850350, 
1396) 836929143, 
1397) 837100568, 
1398) 837370325, 
1399) 839000289, 
1400) 840132965, 
1401) 840310129, 
1402) 840360641, 
1403) 840371591, 
1404) 840374872, 
1405) 840414378, 
1406) 842951239, 
1407) 843252528, 
1408) 843381635, 
1409) 843739096, 
1410) 843863370, 
1411) 844914273, 
1412) 845173139, 
1413) 847475602, 
1414) 848158344, 
1415) 848516195, 
1416) 849248151, 
1417) 850918980, 
1418) 851014783, 
1419) 851475608, 
1420) 853891098, 
1421) 854313918, 
1422) 854431614, 
1423) 854813991, 
1424) 856273127, 
1425) 858022815, 
1426) 858232318, 
1427) 858813576, 
1428) 858991798, 
1429) 859803950, 
1430) 860926331, 
1431) 861157348, 
1432) 862088199, 
1433) 862485772, 
1434) 862595426, 
1435) 862669022, 
1436) 863351232, 
1437) 863483709, 
1438) 864675860, 
1439) 864788044, 
1440) 865230147, 
1441) 865546877, 
1442) 865902760, 
1443) 865973623, 
1444) 867101245, 
1445) 867214771, 
1446) 867484297, 
1447) 868634132, 
1448) 868685625, 
1449) 869889989, 
1450) 870580456, 
1451) 870709330, 
1452) 871076791, 
1453) 872127993, 
1454) 872369633, 
1455) 872855875, 
1456) 872917369, 
1457) 873156326, 
1458) 874687641, 
1459) 875522973, 
1460) 875616289, 
1461) 875979510, 
1462) 879512256, 
1463) 879953479, 
1464) 880206283, 
1465) 880655956, 
1466) 880906746, 
1467) 882016946, 
1468) 883828078, 
1469) 883907604, 
1470) 884203179, 
1471) 884250884, 
1472) 884264850, 
1473) 884360230, 
1474) 884761621, 
1475) 885065838, 
1476) 885067163, 
1477) 886260795, 
1478) 886438170, 
1479) 887368501, 
1480) 890287331, 
1481) 890555273, 
1482) 890574160, 
1483) 891587455, 
1484) 891731427, 
1485) 893661249, 
1486) 894425874, 
1487) 894536222, 
1488) 894548467, 
1489) 895409296, 
1490) 895508363, 
1491) 895722968, 
1492) 896257783, 
1493) 896902868, 
1494) 897486902, 
1495) 897632294, 
1496) 898470096, 
1497) 898719890, 
1498) 898740626, 
1499) 899276333, 
1500) 899438921, 
1501) 899555871, 
1502) 899761976, 
1503) 900079465, 
1504) 900345155, 
1505) 900867731, 
1506) 901374289, 
1507) 902198709, 
1508) 902774746, 
1509) 903042893, 
1510) 903252458, 
1511) 903668771, 
1512) 903779850, 
1513) 903921805, 
1514) 904066388, 
1515) 904508921, 
1516) 904870010, 
1517) 906144197, 
1518) 906186201, 
1519) 906507566, 
1520) 906525812, 
1521) 906766469, 
1522) 907875435, 
1523) 907960566, 
1524) 908014754, 
1525) 908162244, 
1526) 908579093, 
1527) 908669667, 
1528) 910053650, 
1529) 910379394, 
1530) 911499223, 
1531) 911742446, 
1532) 912230176, 
1533) 913597591, 
1534) 914153283, 
1535) 914738426, 
1536) 916200793, 
1537) 916507071, 
1538) 916579979, 
1539) 918462144, 
1540) 918724353, 
1541) 919498330, 
1542) 919547569, 
1543) 921103549, 
1544) 921415930, 
1545) 921711037, 
1546) 924480109, 
1547) 924927238, 
1548) 926537757, 
1549) 926549336, 
1550) 926761032, 
1551) 927137733, 
1552) 927416655, 
1553) 927944661, 
1554) 928558780, 
1555) 928652447, 
1556) 928807294, 
1557) 929940744, 
1558) 931826361, 
1559) 932404258, 
1560) 932843228, 
1561) 933155741, 
1562) 933557928, 
1563) 933702796, 
1564) 933881591, 
1565) 934007083, 
1566) 936608114, 
1567) 937218009, 
1568) 937959801, 
1569) 940275324, 
1570) 940882796, 
1571) 942252089, 
1572) 942254314, 
1573) 942334530, 
1574) 942448162, 
1575) 944974476, 
1576) 946327654, 
1577) 946624726, 
1578) 947279239, 
1579) 947539435, 
1580) 948047736, 
1581) 948561612, 
1582) 949191399, 
1583) 949913733, 
1584) 950389286, 
1585) 951330570, 
1586) 952065265, 
1587) 952856342, 
1588) 953111970, 
1589) 953349820, 
1590) 955736093, 
1591) 956325373, 
1592) 957091811, 
1593) 957647720, 
1594) 958792420, 
1595) 959840964, 
1596) 961280705, 
1597) 961285327, 
1598) 963299844, 
1599) 963479958, 
1600) 963806553, 
1601) 963822429, 
1602) 963844811, 
1603) 963854055, 
1604) 964217527, 
1605) 964443172, 
1606) 965148357, 
1607) 965593229, 
1608) 965895317, 
1609) 966615967, 
1610) 967823627, 
1611) 967844643, 
1612) 967968866, 
1613) 968826614, 
1614) 969008393, 
1615) 970687422, 
1616) 970795403, 
1617) 970826763, 
1618) 971466457, 
1619) 972205941, 
1620) 973362240, 
1621) 974620904, 
1622) 975320239, 
1623) 976256710, 
1624) 976474682, 
1625) 976510800, 
1626) 976744620, 
1627) 977409432, 
1628) 978553027, 
1629) 978681057, 
1630) 979019583, 
1631) 979847877, 
1632) 980182980, 
1633) 980858258, 
1634) 980897384, 
1635) 981014119, 
1636) 981032701, 
1637) 981272036, 
1638) 982609343, 
1639) 982970874, 
1640) 983903910, 
1641) 984125128, 
1642) 984477996, 
1643) 984805833, 
1644) 986148663, 
1645) 986255945, 
1646) 986431056, 
1647) 986540840, 
1648) 986569826, 
1649) 986572321, 
1650) 987359353, 
1651) 987728205, 
1652) 988304590, 
1653) 988756988, 
1654) 988894536, 
1655) 989308951, 
1656) 990365015, 
1657) 990510209, 
1658) 991144453, 
1659) 992501451, 
1660) 992582537, 
1661) 994257111, 
1662) 994776577, 
1663) 994909377, 
1664) 996070912, 
1665) 997134156, 
1666) 997720038, 
1667) 998148784, 
1668) 998525913, 
1669) 1001773098, 
1670) 1002458915, 
1671) 1002600388, 
1672) 1003078402, 
1673) 1003465151, 
1674) 1003532626, 
1675) 1003687644, 
1676) 1004316968, 
1677) 1004403199, 
1678) 1004667570, 
1679) 1004927399, 
1680) 1004952176, 
1681) 1007325687, 
1682) 1007969905, 
1683) 1008611609, 
1684) 1009886656, 
1685) 1010705373, 
1686) 1010941665, 
1687) 1011213132, 
1688) 1011576271, 
1689) 1012340006, 
1690) 1012578803, 
1691) 1013101069, 
1692) 1013925774, 
1693) 1014150146, 
1694) 1014380837, 
1695) 1015298495, 
1696) 1015422416, 
1697) 1015694430, 
1698) 1016715966, 
1699) 1016725284, 
1700) 1018017245, 
1701) 1019180256, 
1702) 1019357891, 
1703) 1020622197, 
1704) 1021404346, 
1705) 1024032804, 
1706) 1024942991, 
1707) 1025816673, 
1708) 1025856627, 
1709) 1026089174, 
1710) 1028516338, 
1711) 1028753811, 
1712) 1029023425, 
1713) 1029841680, 
1714) 1030106762, 
1715) 1030194034, 
1716) 1030392184, 
1717) 1031014237, 
1718) 1032034727, 
1719) 1032344904, 
1720) 1032647493, 
1721) 1033009324, 
1722) 1033095633, 
1723) 1033601344, 
1724) 1034030691, 
1725) 1034085484, 
1726) 1034227547, 
1727) 1034321225, 
1728) 1034763773, 
1729) 1034814525, 
1730) 1035618023, 
1731) 1037025105, 
1732) 1037058563, 
1733) 1037345165, 
1734) 1038214834, 
1735) 1038382818, 
1736) 1038439353, 
1737) 1038468373, 
1738) 1038581200, 
1739) 1038746565, 
1740) 1038891731, 
1741) 1039231933, 
1742) 1039750841, 
1743) 1039895109, 
1744) 1039922210, 
1745) 1041173239, 
1746) 1042614309, 
1747) 1043206307, 
1748) 1044470155, 
1749) 1044912133, 
1750) 1045533771, 
1751) 1045788658, 
1752) 1045965124, 
1753) 1046389501, 
1754) 1046642542, 
1755) 1046781475, 
1756) 1047024284, 
1757) 1047567199, 
1758) 1047750343, 
1759) 1048639542, 
1760) 1048936910, 
1761) 1049652395, 
1762) 1049743982, 
1763) 1049994502, 
1764) 1050272307, 
1765) 1050367679, 
1766) 1051109130, 
1767) 1051110588, 
1768) 1051272315, 
1769) 1052537014, 
1770) 1053121057, 
1771) 1053568930, 
1772) 1054929460, 
1773) 1056648142, 
1774) 1057231752, 
1775) 1057716265, 
1776) 1058040441, 
1777) 1058446905, 
1778) 1058713552, 
1779) 1059325178, 
1780) 1059787262, 
1781) 1060232240, 
1782) 1060732849, 
1783) 1062098878, 
1784) 1062593689, 
1785) 1062825176, 
1786) 1062929888, 
1787) 1063353331, 
1788) 1063430922, 
1789) 1063489919, 
1790) 1063512982, 
1791) 1063881267, 
1792) 1064476646, 
1793) 1064842605, 
1794) 1064949175, 
1795) 1065593817, 
1796) 1065901172, 
1797) 1066180091, 
1798) 1067394609, 
1799) 1067485208, 
1800) 1067584493, 
1801) 1068067901, 
1802) 1068388575, 
1803) 1068596695, 
1804) 1069943582, 
1805) 1069950636, 
1806) 1069989664, 
1807) 1070666112, 
1808) 1071106877, 
1809) 1072751438, 
1810) 1073110936, 
1811) 1073768903, 
1812) 1074042711, 
1813) 1074242022, 
1814) 1074537002, 
1815) 1074609115, 
1816) 1075240519, 
1817) 1075302479, 
1818) 1076133973, 
1819) 1076939641, 
1820) 1077940973, 
1821) 1078370467, 
1822) 1080485062, 
1823) 1080968810, 
1824) 1081382601, 
1825) 1081558280, 
1826) 1081637928, 
1827) 1082707005, 
1828) 1082869385, 
1829) 1082891188, 
1830) 1083212142, 
1831) 1084031820, 
1832) 1084485091, 
1833) 1084525083, 
1834) 1084892341, 
1835) 1085956610, 
1836) 1087135443, 
1837) 1087204070, 
1838) 1087589662, 
1839) 1087637232, 
1840) 1088071468, 
1841) 1088103720, 
1842) 1088444893, 
1843) 1089822387, 
1844) 1090435864, 
1845) 1091011803, 
1846) 1091533690, 
1847) 1092756878, 
1848) 1093541664, 
1849) 1096026186, 
1850) 1098185643, 
1851) 1098540023, 
1852) 1099395273, 
1853) 1099609018, 
1854) 1099904942, 
1855) 1100602158, 
1856) 1101063243, 
1857) 1101808956, 
1858) 1102041656, 
1859) 1102508698, 
1860) 1102679714, 
1861) 1103338185, 
1862) 1105305259, 
1863) 1105658573, 
1864) 1106446326, 
1865) 1106614382, 
1866) 1108553624, 
1867) 1109545145, 
1868) 1110126480, 
1869) 1110694715, 
1870) 1110810194, 
1871) 1111315187, 
1872) 1111483186, 
1873) 1111716431, 
1874) 1114490608, 
1875) 1115867573, 
1876) 1116316417, 
1877) 1117120938, 
1878) 1117128476, 
1879) 1118377269, 
1880) 1119802654, 
1881) 1121839850, 
1882) 1121873189, 
1883) 1122054099, 
1884) 1122082157, 
1885) 1122829205, 
1886) 1125421676, 
1887) 1126931732, 
1888) 1127651758, 
1889) 1128310163, 
1890) 1128328766, 
1891) 1128721284, 
1892) 1130155269, 
1893) 1131400255, 
1894) 1132596306, 
1895) 1132778667, 
1896) 1133830585, 
1897) 1134187849, 
1898) 1134429971, 
1899) 1134545927, 
1900) 1135540048, 
1901) 1135663992, 
1902) 1136091117, 
1903) 1136437458, 
1904) 1136460580, 
1905) 1136863642, 
1906) 1137110899, 
1907) 1137528542, 
1908) 1137832838, 
1909) 1137884333, 
1910) 1138023867, 
1911) 1139114512, 
1912) 1139134961, 
1913) 1139232721, 
1914) 1139536158, 
1915) 1139951292, 
1916) 1140395580, 
1917) 1141017964, 
1918) 1141068844, 
1919) 1141449125, 
1920) 1142050990, 
1921) 1143416934, 
1922) 1143554633, 
1923) 1144672444, 
1924) 1144950313, 
1925) 1147129846, 
1926) 1147164616, 
1927) 1147837384, 
1928) 1148003321, 
1929) 1148419611, 
1930) 1148466631, 
1931) 1148510795, 
1932) 1149543805, 
1933) 1149758583, 
1934) 1149943893, 
1935) 1151801204, 
1936) 1152447183, 
1937) 1153104141, 
1938) 1153909114, 
1939) 1153940156, 
1940) 1155026396, 
1941) 1155884006, 
1942) 1155932606, 
1943) 1156047199, 
1944) 1156143051, 
1945) 1156869910, 
1946) 1156896486, 
1947) 1156971127, 
1948) 1157338320, 
1949) 1157539062, 
1950) 1157735487, 
1951) 1158561146, 
1952) 1159622444, 
1953) 1159709589, 
1954) 1160504209, 
1955) 1160524822, 
1956) 1160881759, 
1957) 1161107111, 
1958) 1161740775, 
1959) 1161899651, 
1960) 1162405632, 
1961) 1162988678, 
1962) 1164895563, 
1963) 1165090391, 
1964) 1165388942, 
1965) 1165774464, 
1966) 1165846169, 
1967) 1167523428, 
1968) 1168266874, 
1969) 1168329824, 
1970) 1168867481, 
1971) 1169332295, 
1972) 1170286970, 
1973) 1170988013, 
1974) 1171067811, 
1975) 1171794877, 
1976) 1171882475, 
1977) 1172354623, 
1978) 1174374311, 
1979) 1175043203, 
1980) 1175100602, 
1981) 1175253230, 
1982) 1175416178, 
1983) 1175902055, 
1984) 1176588373, 
1985) 1178135500, 
1986) 1178303371, 
1987) 1178690574, 
1988) 1180164975, 
1989) 1181022504, 
1990) 1182122962, 
1991) 1182754050, 
1992) 1182959999, 
1993) 1182995717, 
1994) 1183217271, 
1995) 1184010758, 
1996) 1184580381, 
1997) 1184669069, 
1998) 1187755851, 
1999) 1187757934, 
2000) 1187784275, 
2001) 1188427160, 
2002) 1188478779, 
2003) 1189419621, 
2004) 1189515740, 
2005) 1190305196, 
2006) 1190337191, 
2007) 1190791572, 
2008) 1191374836, 
2009) 1192112431, 
2010) 1192891718, 
2011) 1194322673, 
2012) 1194825545, 
2013) 1195455460, 
2014) 1195881890, 
2015) 1197081534, 
2016) 1197757556, 
2017) 1197763151, 
2018) 1198477419, 
2019) 1199165818, 
2020) 1199344531, 
2021) 1199732829, 
2022) 1201243536, 
2023) 1201441829, 
2024) 1202070591, 
2025) 1202671358, 
2026) 1202716827, 
2027) 1202756854, 
2028) 1204831005, 
2029) 1205337945, 
2030) 1205558786, 
2031) 1207770119, 
2032) 1208304369, 
2033) 1208360051, 
2034) 1208573620, 
2035) 1209045452, 
2036) 1209203338, 
2037) 1209281168, 
2038) 1209989000, 
2039) 1210294799, 
2040) 1211269127, 
2041) 1212096775, 
2042) 1212232569, 
2043) 1213218226, 
2044) 1213336331, 
2045) 1213473802, 
2046) 1213828274, 
2047) 1214580854, 
2048) 1215097380, 
2049) 1215482702, 
2050) 1215881815, 
2051) 1216380665, 
2052) 1218131159, 
2053) 1218184196, 
2054) 1219590695, 
2055) 1219754829, 
2056) 1221373227, 
2057) 1222686246, 
2058) 1222897234, 
2059) 1223019475, 
2060) 1223691794, 
2061) 1224119980, 
2062) 1224262443, 
2063) 1225536450, 
2064) 1226177569, 
2065) 1226939097, 
2066) 1227892265, 
2067) 1229777196, 
2068) 1230256052, 
2069) 1231067230, 
2070) 1231460138, 
2071) 1231627910, 
2072) 1232046553, 
2073) 1232086791, 
2074) 1232108453, 
2075) 1232108977, 
2076) 1232402086, 
2077) 1233097126, 
2078) 1233163002, 
2079) 1233350064, 
2080) 1233470526, 
2081) 1233502840, 
2082) 1233696504, 
2083) 1233885823, 
2084) 1235595061, 
2085) 1236324995, 
2086) 1236949351, 
2087) 1237255395, 
2088) 1237674366, 
2089) 1238298495, 
2090) 1238324270, 
2091) 1239500854, 
2092) 1240634582, 
2093) 1240769769, 
2094) 1240847026, 
2095) 1241484548, 
2096) 1242463239, 
2097) 1242982511, 
2098) 1243804811, 
2099) 1243890413, 
2100) 1244485613, 
2101) 1244652260, 
2102) 1244925406, 
2103) 1244978375, 
2104) 1245195902, 
2105) 1245670584, 
2106) 1245893718, 
2107) 1246322744, 
2108) 1248285180, 
2109) 1248614540, 
2110) 1249664593, 
2111) 1250459478, 
2112) 1250897939, 
2113) 1251948996, 
2114) 1251952803, 
2115) 1252197919, 
2116) 1252699546, 
2117) 1254086437, 
2118) 1255564289, 
2119) 1255599545, 
2120) 1255901009, 
2121) 1256011171, 
2122) 1256902351, 
2123) 1257356414, 
2124) 1257625615, 
2125) 1258216867, 
2126) 1258386552, 
2127) 1258854033, 
2128) 1258877090, 
2129) 1259064961, 
2130) 1259517293, 
2131) 1260155857, 
2132) 1260311974, 
2133) 1260557830, 
2134) 1261352191, 
2135) 1261684198, 
2136) 1261905950, 
2137) 1262322089, 
2138) 1262564453, 
2139) 1262619556, 
2140) 1265101276, 
2141) 1265284346, 
2142) 1266169129, 
2143) 1266433957, 
2144) 1266904561, 
2145) 1267166607, 
2146) 1268089123, 
2147) 1268640391, 
2148) 1269523869, 
2149) 1270585455, 
2150) 1270640521, 
2151) 1270822655, 
2152) 1271595494, 
2153) 1272130329, 
2154) 1272286733, 
2155) 1272597777, 
2156) 1275467321, 
2157) 1275706189, 
2158) 1276849573, 
2159) 1277456041, 
2160) 1278343653, 
2161) 1279412172, 
2162) 1279556394, 
2163) 1280794414, 
2164) 1281635451, 
2165) 1282270363, 
2166) 1282570656, 
2167) 1282947389, 
2168) 1283322863, 
2169) 1283349997, 
2170) 1283382902, 
2171) 1283491191, 
2172) 1285747434, 
2173) 1287110454, 
2174) 1287261169, 
2175) 1287648601, 
2176) 1287652632, 
2177) 1288103633, 
2178) 1288382105, 
2179) 1288386524, 
2180) 1288595345, 
2181) 1290479809, 
2182) 1291942157, 
2183) 1292135930, 
2184) 1292195986, 
2185) 1292731068, 
2186) 1292923804, 
2187) 1293253469, 
2188) 1293507308, 
2189) 1293819373, 
2190) 1293836554, 
2191) 1294121642, 
2192) 1295520249, 
2193) 1296308149, 
2194) 1296482771, 
2195) 1296499065, 
2196) 1296566430, 
2197) 1297186537, 
2198) 1297496279, 
2199) 1297590083, 
2200) 1297707218, 
2201) 1298286276, 
2202) 1298479941, 
2203) 1299181317, 
2204) 1299282062, 
2205) 1299499625, 
2206) 1299968867, 
2207) 1300167679, 
2208) 1300217848, 
2209) 1302944558, 
2210) 1302955602, 
2211) 1304089964, 
2212) 1305320093, 
2213) 1306161349, 
2214) 1306393794, 
2215) 1306893055, 
2216) 1308428365, 
2217) 1308428886, 
2218) 1308571405, 
2219) 1310573171, 
2220) 1310585513, 
2221) 1310932358, 
2222) 1311034566, 
2223) 1313388601, 
2224) 1313432217, 
2225) 1313561251, 
2226) 1313936900, 
2227) 1314199542, 
2228) 1315179233, 
2229) 1315363544, 
2230) 1315605757, 
2231) 1315781005, 
2232) 1315782533, 
2233) 1316557021, 
2234) 1316906998, 
2235) 1318942888, 
2236) 1320564706, 
2237) 1321024529, 
2238) 1322625157, 
2239) 1323280635, 
2240) 1324605658, 
2241) 1324821139, 
2242) 1325241845, 
2243) 1326500494, 
2244) 1327446974, 
2245) 1327582588, 
2246) 1328166930, 
2247) 1328298288, 
2248) 1328373210, 
2249) 1329158821, 
2250) 1329315259, 
2251) 1329585047, 
2252) 1329740482, 
2253) 1330274001, 
2254) 1330662210, 
2255) 1334514573, 
2256) 1336175916, 
2257) 1337471337, 
2258) 1338429010, 
2259) 1339504357, 
2260) 1340184498, 
2261) 1341090038, 
2262) 1341284686, 
2263) 1342102454, 
2264) 1342147798, 
2265) 1342512048, 
2266) 1343685679, 
2267) 1343818263, 
2268) 1343986656, 
2269) 1344754053, 
2270) 1344756924, 
2271) 1345476281, 
2272) 1345608087, 
2273) 1346128791, 
2274) 1346330605, 
2275) 1346371768, 
2276) 1349758614, 
2277) 1349995348, 
2278) 1350546790, 
2279) 1350787952, 
2280) 1351004105, 
2281) 1351125778, 
2282) 1351465323, 
2283) 1352066665, 
2284) 1352193525, 
2285) 1352914413, 
2286) 1354053855, 
2287) 1354782904, 
2288) 1354944774, 
2289) 1358411012, 
2290) 1360431891, 
2291) 1360433412, 
2292) 1360849373, 
2293) 1361170348, 
2294) 1362703857, 
2295) 1362740941, 
2296) 1363191782, 
2297) 1363193702, 
2298) 1363988804, 
2299) 1365193932, 
2300) 1365398850, 
2301) 1366428223, 
2302) 1366692345, 
2303) 1368639382, 
2304) 1368709766, 
2305) 1370186571, 
2306) 1371542021, 
2307) 1372249571, 
2308) 1372616837, 
2309) 1373333827, 
2310) 1373364338, 
2311) 1373891446, 
2312) 1374171699, 
2313) 1374396235, 
2314) 1374415289, 
2315) 1375696480, 
2316) 1376533641, 
2317) 1376994623, 
2318) 1377096049, 
2319) 1377750467, 
2320) 1379814370, 
2321) 1380854322, 
2322) 1381009497, 
2323) 1381349797, 
2324) 1381387116, 
2325) 1381807081, 
2326) 1382741165, 
2327) 1382882047, 
2328) 1383416829, 
2329) 1384862199, 
2330) 1384982625, 
2331) 1385192509, 
2332) 1386141946, 
2333) 1386352683, 
2334) 1386882357, 
2335) 1387265708, 
2336) 1387413512, 
2337) 1387724013, 
2338) 1388281838, 
2339) 1388997127, 
2340) 1389147935, 
2341) 1389265439, 
2342) 1389997784, 
2343) 1390079018, 
2344) 1390168143, 
2345) 1390484027, 
2346) 1390633739, 
2347) 1390738673, 
2348) 1391226915, 
2349) 1392746444, 
2350) 1393498853, 
2351) 1393548910, 
2352) 1393564052, 
2353) 1394174501, 
2354) 1395283013, 
2355) 1395333221, 
2356) 1395776508, 
2357) 1396045499, 
2358) 1396140943, 
2359) 1396694910, 
2360) 1397706924, 
2361) 1397726977, 
2362) 1398563994, 
2363) 1398885272, 
2364) 1399257906, 
2365) 1400101046, 
2366) 1400435748, 
2367) 1400730260, 
2368) 1401042257, 
2369) 1401206625, 
2370) 1402820208, 
2371) 1404041342, 
2372) 1404678834, 
2373) 1404820305, 
2374) 1405700633, 
2375) 1406313355, 
2376) 1407329883, 
2377) 1407634733, 
2378) 1409909587, 
2379) 1410058581, 
2380) 1410130030, 
2381) 1410278154, 
2382) 1410503250, 
2383) 1411866333, 
2384) 1413583751, 
2385) 1416268623, 
2386) 1416632497, 
2387) 1418801317, 
2388) 1418931838, 
2389) 1419191774, 
2390) 1419481400, 
2391) 1419928761, 
2392) 1419971445, 
2393) 1421008453, 
2394) 1421066520, 
2395) 1422145000, 
2396) 1423501123, 
2397) 1423508063, 
2398) 1424218483, 
2399) 1424760814, 
2400) 1425433128, 
2401) 1426903225, 
2402) 1427191686, 
2403) 1427340069, 
2404) 1427811799, 
2405) 1428195949, 
2406) 1428661832, 
2407) 1428811320, 
2408) 1429367006, 
2409) 1429806758, 
2410) 1429945850, 
2411) 1431061297, 
2412) 1432026347, 
2413) 1432744089, 
2414) 1433447724, 
2415) 1434651424, 
2416) 1435730675, 
2417) 1435889685, 
2418) 1436703317, 
2419) 1437716196, 
2420) 1438851388, 
2421) 1439059076, 
2422) 1439175880, 
2423) 1440779540, 
2424) 1441693515, 
2425) 1442004645, 
2426) 1443089170, 
2427) 1443606966, 
2428) 1443654974, 
2429) 1443963311, 
2430) 1444896481, 
2431) 1444916347, 
2432) 1444953614, 
2433) 1446278118, 
2434) 1446477612, 
2435) 1447053096, 
2436) 1447090619, 
2437) 1448141249, 
2438) 1448299181, 
2439) 1448465261, 
2440) 1448657444, 
2441) 1448858028, 
2442) 1448906406, 
2443) 1449141607, 
2444) 1449897188, 
2445) 1450036853, 
2446) 1451112117, 
2447) 1451310775, 
2448) 1452243366, 
2449) 1452435972, 
2450) 1453320111, 
2451) 1454228362, 
2452) 1455332598, 
2453) 1455393524, 
2454) 1455551532, 
2455) 1456945363, 
2456) 1459395558, 
2457) 1460036895, 
2458) 1460162835, 
2459) 1460552754, 
2460) 1463979644, 
2461) 1464456331, 
2462) 1464556674, 
2463) 1466226239, 
2464) 1467240679, 
2465) 1467802128, 
2466) 1467912220, 
2467) 1468068255, 
2468) 1468379555, 
2469) 1468450298, 
2470) 1468743191, 
2471) 1468787745, 
2472) 1470446552, 
2473) 1470560698, 
2474) 1470596094, 
2475) 1471003364, 
2476) 1471568174, 
2477) 1473066068, 
2478) 1473189667, 
2479) 1475464960, 
2480) 1475487529, 
2481) 1475737785, 
2482) 1475865845, 
2483) 1476650750, 
2484) 1476802691, 
2485) 1476808808, 
2486) 1478426447, 
2487) 1478964277, 
2488) 1479517039, 
2489) 1479914386, 
2490) 1480937054, 
2491) 1482043431, 
2492) 1483277880, 
2493) 1483496457, 
2494) 1483927128, 
2495) 1486058738, 
2496) 1486163114, 
2497) 1487258331, 
2498) 1487774328, 
2499) 1487783904, 
2500) 1488280095, 
2501) 1488523170, 
2502) 1488627752, 
2503) 1490370091, 
2504) 1490661585, 
2505) 1491180069, 
2506) 1491188166, 
2507) 1492435063, 
2508) 1495172506, 
2509) 1495350098, 
2510) 1496438270, 
2511) 1497323272, 
2512) 1498488589, 
2513) 1498811142, 
2514) 1499645835, 
2515) 1500686106, 
2516) 1500863331, 
2517) 1502024061, 
2518) 1503824836, 
2519) 1504540271, 
2520) 1504738105, 
2521) 1506231425, 
2522) 1506315887, 
2523) 1506585254, 
2524) 1507246538, 
2525) 1507480840, 
2526) 1507908138, 
2527) 1507945052, 
2528) 1508580410, 
2529) 1509415651, 
2530) 1510744831, 
2531) 1511493916, 
2532) 1511672721, 
2533) 1511688510, 
2534) 1512617987, 
2535) 1512982430, 
2536) 1512991564, 
2537) 1513057241, 
2538) 1513754422, 
2539) 1513887630, 
2540) 1516020582, 
2541) 1516422688, 
2542) 1519597150, 
2543) 1519857610, 
2544) 1520335876, 
2545) 1520346415, 
2546) 1520533366, 
2547) 1520826299, 
2548) 1522663002, 
2549) 1523041899, 
2550) 1523073561, 
2551) 1523789939, 
2552) 1524074452, 
2553) 1524719450, 
2554) 1524794709, 
2555) 1524932212, 
2556) 1526634684, 
2557) 1527107781, 
2558) 1529150560, 
2559) 1529953706, 
2560) 1530167232, 
2561) 1530620210, 
2562) 1532071429, 
2563) 1532715037, 
2564) 1533632999, 
2565) 1533801109, 
2566) 1535011511, 
2567) 1535356791, 
2568) 1535399903, 
2569) 1536075196, 
2570) 1536097063, 
2571) 1536913195, 
2572) 1536970816, 
2573) 1537304926, 
2574) 1538203122, 
2575) 1539546879, 
2576) 1540527696, 
2577) 1540749894, 
2578) 1541261392, 
2579) 1541353960, 
2580) 1542848481, 
2581) 1543965637, 
2582) 1543983433, 
2583) 1544096590, 
2584) 1544218481, 
2585) 1544467458, 
2586) 1545521214, 
2587) 1547706969, 
2588) 1548483190, 
2589) 1548612275, 
2590) 1549199301, 
2591) 1549626428, 
2592) 1549766526, 
2593) 1550591711, 
2594) 1551003019, 
2595) 1551736850, 
2596) 1552530690, 
2597) 1552999322, 
2598) 1553118220, 
2599) 1553245290, 
2600) 1554149976, 
2601) 1554586791, 
2602) 1555650973, 
2603) 1555723639, 
2604) 1557928528, 
2605) 1557941404, 
2606) 1558669353, 
2607) 1558845895, 
2608) 1559062694, 
2609) 1559517004, 
2610) 1559682225, 
2611) 1559929222, 
2612) 1561609482, 
2613) 1562399007, 
2614) 1563296897, 
2615) 1563993457, 
2616) 1565302653, 
2617) 1565512602, 
2618) 1566030090, 
2619) 1566057343, 
2620) 1567664813, 
2621) 1569358802, 
2622) 1569630770, 
2623) 1570558217, 
2624) 1571225943, 
2625) 1571958157, 
2626) 1573480136, 
2627) 1575155144, 
2628) 1576345272, 
2629) 1576401366, 
2630) 1576888375, 
2631) 1578512118, 
2632) 1580031617, 
2633) 1580718831, 
2634) 1581775839, 
2635) 1581833316, 
2636) 1582067326, 
2637) 1583427192, 
2638) 1583699446, 
2639) 1585422954, 
2640) 1585817952, 
2641) 1587445506, 
2642) 1588442313, 
2643) 1588515222, 
2644) 1589137294, 
2645) 1589214086, 
2646) 1589608660, 
2647) 1590225930, 
2648) 1591230956, 
2649) 1591391464, 
2650) 1592207236, 
2651) 1593190932, 
2652) 1593989420, 
2653) 1594186949, 
2654) 1594243271, 
2655) 1594379000, 
2656) 1594705053, 
2657) 1595611939, 
2658) 1595754836, 
2659) 1595822878, 
2660) 1595882119, 
2661) 1599125279, 
2662) 1599212583, 
2663) 1599235341, 
2664) 1599829315, 
2665) 1600256545, 
2666) 1600532699, 
2667) 1600873899, 
2668) 1601206353, 
2669) 1601493018, 
2670) 1601731564, 
2671) 1603365995, 
2672) 1604349861, 
2673) 1605759049, 
2674) 1606246033, 
2675) 1606838212, 
2676) 1607407719, 
2677) 1607525317, 
2678) 1608995246, 
2679) 1610067113, 
2680) 1610084963, 
2681) 1610094721, 
2682) 1610586146, 
2683) 1611730305, 
2684) 1612683775, 
2685) 1612710909, 
2686) 1614056749, 
2687) 1614172579, 
2688) 1615209179, 
2689) 1616189051, 
2690) 1617279399, 
2691) 1618470025, 
2692) 1618882384, 
2693) 1618911750, 
2694) 1618973122, 
2695) 1619662748, 
2696) 1620302256, 
2697) 1620775485, 
2698) 1621142516, 
2699) 1621996277, 
2700) 1622169587, 
2701) 1623961056, 
2702) 1624207846, 
2703) 1624767827, 
2704) 1624868659, 
2705) 1625419254, 
2706) 1625551646, 
2707) 1625938587, 
2708) 1626891348, 
2709) 1629493790, 
2710) 1630441866, 
2711) 1630869528, 
2712) 1631451470, 
2713) 1632223307, 
2714) 1633737629, 
2715) 1634511274, 
2716) 1635353291, 
2717) 1635613850, 
2718) 1635693759, 
2719) 1636184907, 
2720) 1636670959, 
2721) 1638351962, 
2722) 1638917250, 
2723) 1639195599, 
2724) 1639431557, 
2725) 1640525063, 
2726) 1641972849, 
2727) 1642982112, 
2728) 1643310583, 
2729) 1646146971, 
2730) 1646176756, 
2731) 1646932442, 
2732) 1647800025, 
2733) 1648090139, 
2734) 1648139866, 
2735) 1650511048, 
2736) 1650740587, 
2737) 1651032091, 
2738) 1652229375, 
2739) 1652941727, 
2740) 1653496586, 
2741) 1654262082, 
2742) 1654828494, 
2743) 1655027324, 
2744) 1655307481, 
2745) 1655855106, 
2746) 1656910988, 
2747) 1659545091, 
2748) 1659772451, 
2749) 1660079380, 
2750) 1660571307, 
2751) 1662981974, 
2752) 1663223203, 
2753) 1664558151, 
2754) 1665700437, 
2755) 1666364611, 
2756) 1666961026, 
2757) 1667226044, 
2758) 1668164291, 
2759) 1668541636, 
2760) 1669455220, 
2761) 1669507705, 
2762) 1669634825, 
2763) 1669646129, 
2764) 1674422714, 
2765) 1674862463, 
2766) 1674992636, 
2767) 1675364719, 
2768) 1675502173, 
2769) 1675905985, 
2770) 1675942406, 
2771) 1676242171, 
2772) 1676693595, 
2773) 1677155982, 
2774) 1678749930, 
2775) 1679891221, 
2776) 1680031908, 
2777) 1680031959, 
2778) 1681045837, 
2779) 1681504513, 
2780) 1681759634, 
2781) 1683158205, 
2782) 1683455208, 
2783) 1683543791, 
2784) 1685559836, 
2785) 1685589436, 
2786) 1686231232, 
2787) 1687044990, 
2788) 1687100038, 
2789) 1687313385, 
2790) 1687923764, 
2791) 1689695308, 
2792) 1690535639, 
2793) 1691549892, 
2794) 1691895544, 
2795) 1693851579, 
2796) 1694248334, 
2797) 1694318157, 
2798) 1695341219, 
2799) 1695782635, 
2800) 1696387248, 
2801) 1697005681, 
2802) 1697257663, 
2803) 1698075831, 
2804) 1699737008, 
2805) 1700412538, 
2806) 1701849030, 
2807) 1703207725, 
2808) 1703550681, 
2809) 1704111759, 
2810) 1706337823, 
2811) 1708684445, 
2812) 1708819641, 
2813) 1709266800, 
2814) 1709916453, 
2815) 1709977188, 
2816) 1711248096, 
2817) 1711734089, 
2818) 1715021004, 
2819) 1715353848, 
2820) 1716285204, 
2821) 1716465562, 
2822) 1716811629, 
2823) 1717010261, 
2824) 1717040586, 
2825) 1717420528, 
2826) 1717984067, 
2827) 1718762152, 
2828) 1718843234, 
2829) 1719268994, 
2830) 1719709926, 
2831) 1720726593, 
2832) 1720928408, 
2833) 1721173270, 
2834) 1721374177, 
2835) 1721555769, 
2836) 1721654533, 
2837) 1721738626, 
2838) 1722158799, 
2839) 1725989132, 
2840) 1726377300, 
2841) 1726811162, 
2842) 1727077092, 
2843) 1727754654, 
2844) 1727803558, 
2845) 1729293202, 
2846) 1729481720, 
2847) 1729693786, 
2848) 1729695728, 
2849) 1730057997, 
2850) 1730170969, 
2851) 1732829634, 
2852) 1734382582, 
2853) 1734543723, 
2854) 1735094240, 
2855) 1738167254, 
2856) 1738299501, 
2857) 1738981797, 
2858) 1739211717, 
2859) 1739874409, 
2860) 1739919977, 
2861) 1740057376, 
2862) 1742801462, 
2863) 1743504289, 
2864) 1744068619, 
2865) 1744166569, 
2866) 1745336882, 
2867) 1745350611, 
2868) 1745825417, 
2869) 1746074615, 
2870) 1746964645, 
2871) 1747219029, 
2872) 1748219276, 
2873) 1748869897, 
2874) 1749223744, 
2875) 1749960795, 
2876) 1751136298, 
2877) 1751245478, 
2878) 1751451473, 
2879) 1752106697, 
2880) 1752592342, 
2881) 1752716870, 
2882) 1753256533, 
2883) 1754443977, 
2884) 1754595546, 
2885) 1754734230, 
2886) 1754896639, 
2887) 1756865458, 
2888) 1757627615, 
2889) 1757915664, 
2890) 1759122417, 
2891) 1759340692, 
2892) 1760183349, 
2893) 1760764249, 
2894) 1761984959, 
2895) 1762179552, 
2896) 1763568919, 
2897) 1764131126, 
2898) 1764523664, 
2899) 1765055408, 
2900) 1766275229, 
2901) 1766989729, 
2902) 1767686483, 
2903) 1768646983, 
2904) 1769474718, 
2905) 1769518364, 
2906) 1770982596, 
2907) 1771470754, 
2908) 1773003259, 
2909) 1773222508, 
2910) 1773646572, 
2911) 1774252103, 
2912) 1774354451, 
2913) 1774600196, 
2914) 1774998281, 
2915) 1775133169, 
2916) 1775155377, 
2917) 1775532233, 
2918) 1776463134, 
2919) 1776587208, 
2920) 1776829551, 
2921) 1777085562, 
2922) 1778526868, 
2923) 1778981765, 
2924) 1778997366, 
2925) 1779043440, 
2926) 1779180851, 
2927) 1779960611, 
2928) 1780166118, 
2929) 1780294632, 
2930) 1780450552, 
2931) 1780530271, 
2932) 1781342303, 
2933) 1782534197, 
2934) 1783063340, 
2935) 1783833642, 
2936) 1785253399, 
2937) 1786540923, 
2938) 1786622031, 
2939) 1786721759, 
2940) 1786899375, 
2941) 1786958877, 
2942) 1787010030, 
2943) 1789017215, 
2944) 1789123320, 
2945) 1790564074, 
2946) 1790663441, 
2947) 1790783128, 
2948) 1790873523, 
2949) 1793394931, 
2950) 1795003327, 
2951) 1796543046, 
2952) 1796630655, 
2953) 1796930437, 
2954) 1798066136, 
2955) 1799176248, 
2956) 1799275518, 
2957) 1800433327, 
2958) 1801609343, 
2959) 1802315295, 
2960) 1802367560, 
2961) 1802474279, 
2962) 1802553097, 
2963) 1802772909, 
2964) 1803638392, 
2965) 1803689330, 
2966) 1803869392, 
2967) 1804597256, 
2968) 1805162294, 
2969) 1806114604, 
2970) 1806223449, 
2971) 1806796721, 
2972) 1807647039, 
2973) 1808424525, 
2974) 1808974345, 
2975) 1809084949, 
2976) 1809889624, 
2977) 1810952001, 
2978) 1810974279, 
2979) 1811024787, 
2980) 1811840895, 
2981) 1811982678, 
2982) 1812182453, 
2983) 1812362278, 
2984) 1813043968, 
2985) 1813498352, 
2986) 1813783050, 
2987) 1814315907, 
2988) 1814900201, 
2989) 1814923047, 
2990) 1815112573, 
2991) 1815321083, 
2992) 1815360573, 
2993) 1815838897, 
2994) 1816790363, 
2995) 1816924221, 
2996) 1817774041, 
2997) 1818110200, 
2998) 1818338770, 
2999) 1818409401, 
3000) 1818800066, 
3001) 1818886672, 
3002) 1819771156, 
3003) 1821855495, 
3004) 1822367898, 
3005) 1823409262, 
3006) 1824605068, 
3007) 1825312143, 
3008) 1826076750, 
3009) 1828556088, 
3010) 1828581095, 
3011) 1829187223, 
3012) 1830093078, 
3013) 1831121283, 
3014) 1831774544, 
3015) 1832236126, 
3016) 1832243841, 
3017) 1832251702, 
3018) 1832672366, 
3019) 1832760517, 
3020) 1833211995, 
3021) 1834793839, 
3022) 1835271429, 
3023) 1836420357, 
3024) 1838902781, 
3025) 1839950454, 
3026) 1840395531, 
3027) 1840962149, 
3028) 1841462022, 
3029) 1841555448, 
3030) 1841574198, 
3031) 1842211734, 
3032) 1842570706, 
3033) 1843151928, 
3034) 1843461107, 
3035) 1843657947, 
3036) 1844272960, 
3037) 1844745818, 
3038) 1845071560, 
3039) 1846228220, 
3040) 1847056925, 
3041) 1848184094, 
3042) 1848347059, 
3043) 1849700026, 
3044) 1849804206, 
3045) 1849886731, 
3046) 1850509600, 
3047) 1851071192, 
3048) 1852267559, 
3049) 1854394666, 
3050) 1855719244, 
3051) 1857785945, 
3052) 1858590797, 
3053) 1860014151, 
3054) 1860183722, 
3055) 1861663739, 
3056) 1862087851, 
3057) 1862207358, 
3058) 1863887020, 
3059) 1864012808, 
3060) 1864693583, 
3061) 1865205986, 
3062) 1865281334, 
3063) 1865335688, 
3064) 1865346256, 
3065) 1865347065, 
3066) 1865898632, 
3067) 1866247671, 
3068) 1866379368, 
3069) 1866612493, 
3070) 1866785989, 
3071) 1868428309, 
3072) 1868795584, 
3073) 1868962220, 
3074) 1869009462, 
3075) 1869797642, 
3076) 1870019968, 
3077) 1870132331, 
3078) 1871189492, 
3079) 1872191283, 
3080) 1872275520, 
3081) 1872464261, 
3082) 1872534011, 
3083) 1872616157, 
3084) 1872903328, 
3085) 1873055330, 
3086) 1873146708, 
3087) 1874628682, 
3088) 1875801500, 
3089) 1877755424, 
3090) 1878058878, 
3091) 1878111502, 
3092) 1879640099, 
3093) 1879721637, 
3094) 1880921103, 
3095) 1881351616, 
3096) 1881352258, 
3097) 1881865586, 
3098) 1881977664, 
3099) 1882132582, 
3100) 1882250189, 
3101) 1882680628, 
3102) 1882730292, 
3103) 1882912954, 
3104) 1883129430, 
3105) 1883339055, 
3106) 1884192038, 
3107) 1884664843, 
3108) 1884794060, 
3109) 1884980856, 
3110) 1885038621, 
3111) 1885232915, 
3112) 1885823114, 
3113) 1886166602, 
3114) 1886293286, 
3115) 1886381384, 
3116) 1887876465, 
3117) 1888753182, 
3118) 1888858552, 
3119) 1889042939, 
3120) 1889579362, 
3121) 1889611044, 
3122) 1889648603, 
3123) 1889745925, 
3124) 1889792077, 
3125) 1889978238, 
3126) 1891501567, 
3127) 1891627039, 
3128) 1891631934, 
3129) 1895147271, 
3130) 1895661277, 
3131) 1895730320, 
3132) 1895741228, 
3133) 1895919646, 
3134) 1895949192, 
3135) 1896954710, 
3136) 1897113431, 
3137) 1897358386, 
3138) 1898454198, 
3139) 1898728317, 
3140) 1899999062, 
3141) 1900004926, 
3142) 1900154810, 
3143) 1900309560, 
3144) 1900998478, 
3145) 1903022767, 
3146) 1903758583, 
3147) 1904204583, 
3148) 1905030061, 
3149) 1905518134, 
3150) 1905659553, 
3151) 1905998973, 
3152) 1906050047, 
3153) 1906344041, 
3154) 1907179140, 
3155) 1907463407, 
3156) 1907723054, 
3157) 1908013792, 
3158) 1908225833, 
3159) 1909473495, 
3160) 1909662177, 
3161) 1909678824, 
3162) 1910074926, 
3163) 1910399759, 
3164) 1910525712, 
3165) 1913021731, 
3166) 1913112653, 
3167) 1913530225, 
3168) 1914986015, 
3169) 1915160238, 
3170) 1915191836, 
3171) 1915450379, 
3172) 1916051173, 
3173) 1916096032, 
3174) 1916385935, 
3175) 1916978178, 
3176) 1917546420, 
3177) 1917580208, 
3178) 1917662267, 
3179) 1918465199, 
3180) 1919067426, 
3181) 1919214353, 
3182) 1920923477, 
3183) 1921097543, 
3184) 1921682508, 
3185) 1921965363, 
3186) 1922189614, 
3187) 1922854075, 
3188) 1923164403, 
3189) 1924475676, 
3190) 1924697996, 
3191) 1925640723, 
3192) 1925951321, 
3193) 1927716479, 
3194) 1930204458, 
3195) 1930606833, 
3196) 1930822945, 
3197) 1931079814, 
3198) 1931687427, 
3199) 1932525240, 
3200) 1933567763, 
3201) 1933780245, 
3202) 1934542500, 
3203) 1934969498, 
3204) 1935892503, 
3205) 1936243527, 
3206) 1936696107, 
3207) 1937127553, 
3208) 1937257289, 
3209) 1938243636, 
3210) 1939521158, 
3211) 1939648905, 
3212) 1939860269, 
3213) 1941893572, 
3214) 1942388228, 
3215) 1943555299, 
3216) 1943612626, 
3217) 1944924847, 
3218) 1946149366, 
3219) 1946291010, 
3220) 1947427050, 
3221) 1947557257, 
3222) 1947803934, 
3223) 1948219789, 
3224) 1948892916, 
3225) 1950071362, 
3226) 1950304235, 
3227) 1950329708, 
3228) 1950628566, 
3229) 1951507135, 
3230) 1951665710, 
3231) 1951824806, 
3232) 1952164456, 
3233) 1952493696, 
3234) 1952584311, 
3235) 1952633478, 
3236) 1952683893, 
3237) 1953360460, 
3238) 1953693133, 
3239) 1953989511, 
3240) 1954085153, 
3241) 1954676689, 
3242) 1954883438, 
3243) 1955947077, 
3244) 1955987282, 
3245) 1957311142, 
3246) 1958943715, 
3247) 1960719695, 
3248) 1960867628, 
3249) 1961054720, 
3250) 1962528590, 
3251) 1963083027, 
3252) 1964675398, 
3253) 1964908907, 
3254) 1965191916, 
3255) 1966259581, 
3256) 1966339989, 
3257) 1966660909, 
3258) 1968234238, 
3259) 1969004008, 
3260) 1969460036, 
3261) 1969846580, 
3262) 1970807503, 
3263) 1971488821, 
3264) 1972016573, 
3265) 1972027182, 
3266) 1972552732, 
3267) 1973817813, 
3268) 1974357434, 
3269) 1975004128, 
3270) 1975404846, 
3271) 1975564898, 
3272) 1975601185, 
3273) 1975980735, 
3274) 1976038592, 
3275) 1976309326, 
3276) 1976951322, 
3277) 1977784035, 
3278) 1977826562, 
3279) 1977857033, 
3280) 1978866314, 
3281) 1979341438, 
3282) 1980305510, 
3283) 1980968193, 
3284) 1981647615, 
3285) 1981700442, 
3286) 1982490288, 
3287) 1983083385, 
3288) 1983374173, 
3289) 1983840905, 
3290) 1983901703, 
3291) 1984038114, 
3292) 1985402133, 
3293) 1987624589, 
3294) 1987844979, 
3295) 1988334822, 
3296) 1988765613, 
3297) 1989611315, 
3298) 1990170472, 
3299) 1993386566, 
3300) 1994786946, 
3301) 1995769352, 
3302) 1996317303, 
3303) 1996974343, 
3304) 1997436705, 
3305) 2000640525, 
3306) 2002552229, 
3307) 2004212618, 
3308) 2004527108, 
3309) 2005562445, 
3310) 2006524313, 
3311) 2006925171, 
3312) 2007607379, 
3313) 2007897144, 
3314) 2008366190, 
3315) 2009450151, 
3316) 2009552185, 
3317) 2010422422, 
3318) 2010483747, 
3319) 2011074409, 
3320) 2011233376, 
3321) 2011239233, 
3322) 2011408335, 
3323) 2011429181, 
3324) 2011514010, 
3325) 2012234864, 
3326) 2012260177, 
3327) 2013585053, 
3328) 2013586268, 
3329) 2013734279, 
3330) 2014101669, 
3331) 2015704852, 
3332) 2015821911, 
3333) 2019251294, 
3334) 2019476242, 
3335) 2020162893, 
3336) 2020730266, 
3337) 2022908256, 
3338) 2023841062, 
3339) 2024195941, 
3340) 2024300053, 
3341) 2024409270, 
3342) 2025719810, 
3343) 2026018112, 
3344) 2026157332, 
3345) 2026445402, 
3346) 2026469394, 
3347) 2026653880, 
3348) 2028527426, 
3349) 2028741793, 
3350) 2029163487, 
3351) 2029678956, 
3352) 2030300487, 
3353) 2030571888, 
3354) 2031343410, 
3355) 2031610847, 
3356) 2034429593, 
3357) 2034927236, 
3358) 2034972124, 
3359) 2037101322, 
3360) 2037165565, 
3361) 2037250080, 
3362) 2038610662, 
3363) 2039105225, 
3364) 2040812763, 
3365) 2042300620, 
3366) 2043128945, 
3367) 2043368235, 
3368) 2043719001, 
3369) 2046399499, 
3370) 2047109170, 
3371) 2047241828, 
3372) 2048046741, 
3373) 2048841049, 
3374) 2048860835, 
3375) 2049868229, 
3376) 2051204147, 
3377) 2052660203, 
3378) 2052873063, 
3379) 2053445003, 
3380) 2054252852, 
3381) 2054956959, 
3382) 2055460265, 
3383) 2055652103, 
3384) 2057873056, 
3385) 2057997058, 
3386) 2058459313, 
3387) 2058727129, 
3388) 2059749377, 
3389) 2060091037, 
3390) 2062414867, 
3391) 2062817836, 
3392) 2063254147, 
3393) 2063380612, 
3394) 2063400835, 
3395) 2063761044, 
3396) 2064210073, 
3397) 2064456896, 
3398) 2065471740, 
3399) 2066320142, 
3400) 2067011315, 
3401) 2067477021, 
3402) 2068191909, 
3403) 2068427923, 
3404) 2069428813, 
3405) 2069687398, 
3406) 2070727977, 
3407) 2070759115, 
3408) 2071001249, 
3409) 2071098897, 
3410) 2071271479, 
3411) 2071413523, 
3412) 2071586695, 
3413) 2071673619, 
3414) 2073553162, 
3415) 2074121923, 
3416) 2075050937, 
3417) 2076214677, 
3418) 2076229049, 
3419) 2076821259, 
3420) 2078131014, 
3421) 2078422856, 
3422) 2078815159, 
3423) 2079555201, 
3424) 2080376994, 
3425) 2080978300, 
3426) 2081324691, 
3427) 2082170736, 
3428) 2082532006, 
3429) 2082672328, 
3430) 2082775577, 
3431) 2084280085, 
3432) 2084475356, 
3433) 2084529792, 
3434) 2084825523, 
3435) 2085628741, 
3436) 2086182616, 
3437) 2086392785, 
3438) 2086616620, 
3439) 2086679371, 
3440) 2087875330, 
3441) 2088249171, 
3442) 2089327545, 
3443) 2089498134, 
3444) 2089778987, 
3445) 2089802445, 
3446) 2091124733, 
3447) 2091671695, 
3448) 2093248158, 
3449) 2093329909, 
3450) 2093416312, 
3451) 2093932867, 
3452) 2094288783, 
3453) 2094625341, 
3454) 2096396135, 
3455) 2096877894, 
3456) 2097070479, 
3457) 2097095340, 
3458) 2097651418, 
3459) 2097748641, 
3460) 2097793262, 
3461) 2098383146, 
3462) 2098435584, 
3463) 2098525622, 
3464) 2099163831, 
3465) 2099301327, 
3466) 2099664628, 
3467) 2100799942, 
3468) 2100836417, 
3469) 2101446665, 
3470) 2101699373, 
3471) 2101941509, 
3472) 2103264078, 
3473) 2103351502, 
3474) 2104232648, 
3475) 2104362029, 
3476) 2104794403, 
3477) 2106734774, 
3478) 2107255952, 
3479) 2107925295, 
3480) 2108270505, 
3481) 2108307610, 
3482) 2108798115, 
3483) 2110793059, 
3484) 2111138508, 
3485) 2112526620, 
3486) 2113483861, 
3487) 2113582701, 
3488) 2113809452, 
3489) 2115339368, 
3490) 2115420811, 
3491) 2115839601, 
3492) 2117661394, 
3493) 2117884105, 
3494) 2118081154, 
3495) 2118510493, 
3496) 2118852372, 
3497) 2119579276, 
3498) 2120573953, 
3499) 2121429904, 
3500) 2122726621, 
3501) 2123023900, 
3502) 2124095936, 
3503) 2126069020, 
3504) 2126491836, 
3505) 2126769594, 
3506) 2126949920, 
3507) 2126995627, 
3508) 2127555890, 
3509) 2127777582, 
3510) 2127827666, 
3511) 2127882802, 
3512) 2128077265, 
3513) 2128154107, 
3514) 2128686357, 
3515) 2129003788, 
3516) 2129195422, 
3517) 2130278468, 
3518) 2130771456, 
3519) 2131243109, 
3520) 2131537414, 
3521) 2132713520, 
3522) 2132960519, 
3523) 2134868794, 
3524) 2138408812, 
3525) 2138792406, 
3526) 2140097675, 
3527) 2140738651, 
3528) 2141042005, 
3529) 2141100841, 
3530) 2141485579, 
3531) 2141659138, 
3532) 2142342653, 
3533) 2142479582, 
3534) 2142532293, 
3535) 2142581339, 
3536) 2144191070, 
3537) 2145414977, 
3538) 2145940408, 
3539) 2146886544, 
3540) 2147037150, 
3541) 2147056127, 
3542) 2147446909, 
3543) 2148221798, 
3544) 2148309727, 
3545) 2148430274, 
3546) 2148856803, 
3547) 2149184021, 
3548) 2149478472, 
3549) 2149694205, 
3550) 2150154163, 
3551) 2150277253, 
3552) 2151682713, 
3553) 2152048603, 
3554) 2152214312, 
3555) 2152422121, 
3556) 2152584769, 
3557) 2153059836, 
3558) 2153181768, 
3559) 2153200430, 
3560) 2153544206, 
3561) 2153737172, 
3562) 2154510398, 
3563) 2154644176, 
3564) 2154880288, 
3565) 2155220888, 
3566) 2156487320, 
3567) 2158901974, 
3568) 2160167066, 
3569) 2160482371, 
3570) 2161202031, 
3571) 2162273418, 
3572) 2163237742, 
3573) 2164356591, 
3574) 2164741430, 
3575) 2164934198, 
3576) 2165560048, 
3577) 2165737921, 
3578) 2166006077, 
3579) 2166392600, 
3580) 2166674726, 
3581) 2166851612, 
3582) 2166946165, 
3583) 2166960467, 
3584) 2167219239, 
3585) 2167895021, 
3586) 2168760821, 
3587) 2169160924, 
3588) 2169787565, 
3589) 2170587924, 
3590) 2171159215, 
3591) 2171429134, 
3592) 2172360748, 
3593) 2172367728, 
3594) 2173041351, 
3595) 2173055153, 
3596) 2173545676, 
3597) 2173661604, 
3598) 2174564673, 
3599) 2174694058, 
3600) 2174697995, 
3601) 2174950043, 
3602) 2175419300, 
3603) 2175472865, 
3604) 2175506680, 
3605) 2176347714, 
3606) 2176986970, 
3607) 2177199392, 
3608) 2177661777, 
3609) 2177777827, 
3610) 2179475468, 
3611) 2179538195, 
3612) 2180661530, 
3613) 2183732797, 
3614) 2184239766, 
3615) 2184914504, 
3616) 2187034406, 
3617) 2187228666, 
3618) 2188144078, 
3619) 2188312222, 
3620) 2189522727, 
3621) 2190139953, 
3622) 2190465267, 
3623) 2190465835, 
3624) 2191691449, 
3625) 2191692573, 
3626) 2192606228, 
3627) 2192819771, 
3628) 2194081497, 
3629) 2194217002, 
3630) 2196005960, 
3631) 2196044744, 
3632) 2196346247, 
3633) 2197208633, 
3634) 2200010083, 
3635) 2200350895, 
3636) 2200504890, 
3637) 2200614520, 
3638) 2200760422, 
3639) 2200783878, 
3640) 2201076811, 
3641) 2201748190, 
3642) 2201930874, 
3643) 2202641142, 
3644) 2202742533, 
3645) 2203337117, 
3646) 2204454522, 
3647) 2204965837, 
3648) 2205935069, 
3649) 2206209690, 
3650) 2207001150, 
3651) 2207051165, 
3652) 2207974772, 
3653) 2208260673, 
3654) 2208557322, 
3655) 2208658654, 
3656) 2210226323, 
3657) 2211163811, 
3658) 2211392394, 
3659) 2211496888, 
3660) 2211753781, 
3661) 2213688786, 
3662) 2214341873, 
3663) 2214361807, 
3664) 2215199333, 
3665) 2215892790, 
3666) 2216194047, 
3667) 2216524501, 
3668) 2216931747, 
3669) 2217549016, 
3670) 2217557944, 
3671) 2218672595, 
3672) 2218820539, 
3673) 2218894386, 
3674) 2219324120, 
3675) 2219423050, 
3676) 2221162441, 
3677) 2221240412, 
3678) 2222070811, 
3679) 2222291154, 
3680) 2222408468, 
3681) 2223946433, 
3682) 2225012954, 
3683) 2225076395, 
3684) 2226193555, 
3685) 2226378488, 
3686) 2226662519, 
3687) 2227392169, 
3688) 2227502422, 
3689) 2227744214, 
3690) 2229375544, 
3691) 2229933935, 
3692) 2231929077, 
3693) 2232151650, 
3694) 2235768192, 
3695) 2235941951, 
3696) 2236071128, 
3697) 2237480458, 
3698) 2238217240, 
3699) 2238757755, 
3700) 2240326882, 
3701) 2241812800, 
3702) 2243404180, 
3703) 2244852736, 
3704) 2244950621, 
3705) 2245690275, 
3706) 2245806911, 
3707) 2246630229, 
3708) 2247329215, 
3709) 2248110218, 
3710) 2248388111, 
3711) 2249282431, 
3712) 2249317515, 
3713) 2249432890, 
3714) 2250391563, 
3715) 2250795181, 
3716) 2250938317, 
3717) 2250940659, 
3718) 2250969101, 
3719) 2251970800, 
3720) 2253221052, 
3721) 2253399877, 
3722) 2253783346, 
3723) 2255239050, 
3724) 2255550473, 
3725) 2258197607, 
3726) 2260039833, 
3727) 2260141608, 
3728) 2260676983, 
3729) 2260921238, 
3730) 2261141430, 
3731) 2261181031, 
3732) 2261751121, 
3733) 2261829446, 
3734) 2262323489, 
3735) 2262510581, 
3736) 2263033811, 
3737) 2263282340, 
3738) 2264098569, 
3739) 2265262832, 
3740) 2266508421, 
3741) 2266984200, 
3742) 2267135128, 
3743) 2267795281, 
3744) 2268545246, 
3745) 2268610495, 
3746) 2268865206, 
3747) 2268911649, 
3748) 2269221486, 
3749) 2270085067, 
3750) 2270302616, 
3751) 2270609570, 
3752) 2270729865, 
3753) 2270830968, 
3754) 2271087698, 
3755) 2271348353, 
3756) 2271464764, 
3757) 2271656674, 
3758) 2272306680, 
3759) 2272344121, 
3760) 2272742407, 
3761) 2273201488, 
3762) 2273708153, 
3763) 2275276851, 
3764) 2275279463, 
3765) 2275394828, 
3766) 2275411209, 
3767) 2275416106, 
3768) 2275687508, 
3769) 2275940168, 
3770) 2276460930, 
3771) 2276629590, 
3772) 2277367916, 
3773) 2278965406, 
3774) 2279152201, 
3775) 2281305868, 
3776) 2281713802, 
3777) 2282605053, 
3778) 2282936660, 
3779) 2284418820, 
3780) 2284450568, 
3781) 2287863257, 
3782) 2288838061, 
3783) 2288980319, 
3784) 2289443367, 
3785) 2289737650, 
3786) 2290377840, 
3787) 2290473077, 
3788) 2290836788, 
3789) 2291101441, 
3790) 2291767375, 
3791) 2292012028, 
3792) 2292332109, 
3793) 2292386561, 
3794) 2292849813, 
3795) 2293048118, 
3796) 2293703320, 
3797) 2293782124, 
3798) 2293870137, 
3799) 2294519036, 
3800) 2295096331, 
3801) 2295977812, 
3802) 2296223337, 
3803) 2296416409, 
3804) 2297048106, 
3805) 2297265724, 
3806) 2297433230, 
3807) 2298066391, 
3808) 2298906438, 
3809) 2299534033, 
3810) 2299944755, 
3811) 2300152689, 
3812) 2300178461, 
3813) 2300646099, 
3814) 2300961167, 
3815) 2301541644, 
3816) 2301646332, 
3817) 2301828362, 
3818) 2302186781, 
3819) 2302558269, 
3820) 2302773915, 
3821) 2302881524, 
3822) 2303370305, 
3823) 2303681141, 
3824) 2304188009, 
3825) 2304503809, 
3826) 2304766482, 
3827) 2304943772, 
3828) 2304963463, 
3829) 2305885882, 
3830) 2306124990, 
3831) 2306743931, 
3832) 2306849192, 
3833) 2310182221, 
3834) 2310375151, 
3835) 2310776662, 
3836) 2310780311, 
3837) 2312861301, 
3838) 2313412519, 
3839) 2313413462, 
3840) 2313419328, 
3841) 2313531172, 
3842) 2314867075, 
3843) 2316456392, 
3844) 2316886967, 
3845) 2317718007, 
3846) 2317781111, 
3847) 2318765217, 
3848) 2318832633, 
3849) 2318934389, 
3850) 2319074757, 
3851) 2319554119, 
3852) 2319576909, 
3853) 2320006739, 
3854) 2320430588, 
3855) 2320763914, 
3856) 2321113958, 
3857) 2321383025, 
3858) 2321512652, 
3859) 2321856168, 
3860) 2323009443, 
3861) 2323492774, 
3862) 2324020324, 
3863) 2324235492, 
3864) 2324699985, 
3865) 2324858411, 
3866) 2325347602, 
3867) 2325412020, 
3868) 2327074056, 
3869) 2327889797, 
3870) 2327907292, 
3871) 2327910651, 
3872) 2328018270, 
3873) 2328208702, 
3874) 2331856420, 
3875) 2331879246, 
3876) 2332433726, 
3877) 2332861610, 
3878) 2333381093, 
3879) 2333853850, 
3880) 2334220297, 
3881) 2334869076, 
3882) 2335281463, 
3883) 2335925586, 
3884) 2336102316, 
3885) 2336732617, 
3886) 2337941917, 
3887) 2338298841, 
3888) 2339488370, 
3889) 2339783340, 
3890) 2340890996, 
3891) 2341317392, 
3892) 2341370853, 
3893) 2341570466, 
3894) 2342221307, 
3895) 2342520454, 
3896) 2342935935, 
3897) 2343010271, 
3898) 2343771322, 
3899) 2344208727, 
3900) 2344303004, 
3901) 2344548058, 
3902) 2345053874, 
3903) 2345241667, 
3904) 2345274465, 
3905) 2345500975, 
3906) 2345507707, 
3907) 2345888604, 
3908) 2345962391, 
3909) 2346491199, 
3910) 2347133590, 
3911) 2348271276, 
3912) 2349673850, 
3913) 2349830541, 
3914) 2350443878, 
3915) 2351818455, 
3916) 2352158887, 
3917) 2352191673, 
3918) 2352623452, 
3919) 2352893664, 
3920) 2353066184, 
3921) 2353155326, 
3922) 2353631388, 
3923) 2354987143, 
3924) 2355003803, 
3925) 2356047728, 
3926) 2356049245, 
3927) 2356099607, 
3928) 2357001476, 
3929) 2357292909, 
3930) 2357719173, 
3931) 2357815330, 
3932) 2358613060, 
3933) 2360149462, 
3934) 2360822713, 
3935) 2361182953, 
3936) 2362508172, 
3937) 2364553044, 
3938) 2364893906, 
3939) 2365152143, 
3940) 2366091050, 
3941) 2366370423, 
3942) 2366849901, 
3943) 2367131574, 
3944) 2367188111, 
3945) 2367938819, 
3946) 2368475746, 
3947) 2368774603, 
3948) 2370201909, 
3949) 2372273200, 
3950) 2372812876, 
3951) 2374560473, 
3952) 2375303411, 
3953) 2375417177, 
3954) 2376112746, 
3955) 2376570715, 
3956) 2377197095, 
3957) 2378064669, 
3958) 2378264828, 
3959) 2378773664, 
3960) 2378790659, 
3961) 2378844593, 
3962) 2379591384, 
3963) 2379747259, 
3964) 2379802844, 
3965) 2382873348, 
3966) 2383297311, 
3967) 2383684404, 
3968) 2384640791, 
3969) 2384731753, 
3970) 2384751075, 
3971) 2385811917, 
3972) 2386087368, 
3973) 2386245025, 
3974) 2386454222, 
3975) 2386662225, 
3976) 2387073282, 
3977) 2387421206, 
3978) 2388058699, 
3979) 2388626800, 
3980) 2388658749, 
3981) 2389848088, 
3982) 2390079893, 
3983) 2390686204, 
3984) 2391250711, 
3985) 2391977687, 
3986) 2392440777, 
3987) 2392478605, 
3988) 2392539428, 
3989) 2393011386, 
3990) 2393277860, 
3991) 2394927428, 
3992) 2397020936, 
3993) 2397124515, 
3994) 2398270554, 
3995) 2398296904, 
3996) 2398744216, 
3997) 2398788342, 
3998) 2398874902, 
3999) 2399254675, 
4000) 2402608956, 
4001) 2402761792, 
4002) 2403218771, 
4003) 2403251606, 
4004) 2403366266, 
4005) 2404941396, 
4006) 2405017132, 
4007) 2406025157, 
4008) 2406650209, 
4009) 2407202856, 
4010) 2407561330, 
4011) 2407681086, 
4012) 2408577398, 
4013) 2408874694, 
4014) 2410253934, 
4015) 2411266426, 
4016) 2411623968, 
4017) 2411911668, 
4018) 2412427210, 
4019) 2413256967, 
4020) 2413286458, 
4021) 2413548100, 
4022) 2414430287, 
4023) 2414720203, 
4024) 2415414831, 
4025) 2417530283, 
4026) 2417737367, 
4027) 2418005813, 
4028) 2418016088, 
4029) 2418652743, 
4030) 2419096486, 
4031) 2419301536, 
4032) 2420912757, 
4033) 2421310019, 
4034) 2421356966, 
4035) 2421845979, 
4036) 2422826861, 
4037) 2422870100, 
4038) 2423898209, 
4039) 2424850592, 
4040) 2425093607, 
4041) 2425336622, 
4042) 2426462884, 
4043) 2426496503, 
4044) 2427163160, 
4045) 2427576212, 
4046) 2427600783, 
4047) 2428687622, 
4048) 2429112220, 
4049) 2429188343, 
4050) 2429688051, 
4051) 2429905257, 
4052) 2430005030, 
4053) 2430312423, 
4054) 2430912702, 
4055) 2432264404, 
4056) 2432344134, 
4057) 2432657293, 
4058) 2433664610, 
4059) 2435414220, 
4060) 2436077675, 
4061) 2436718324, 
4062) 2437117304, 
4063) 2437197909, 
4064) 2438083486, 
4065) 2438927673, 
4066) 2439186426, 
4067) 2439240639, 
4068) 2439419918, 
4069) 2439861324, 
4070) 2440177280, 
4071) 2440391013, 
4072) 2442526624, 
4073) 2445486035, 
4074) 2447002848, 
4075) 2447438571, 
4076) 2448610775, 
4077) 2449415476, 
4078) 2450333743, 
4079) 2450595217, 
4080) 2450639001, 
4081) 2451317075, 
4082) 2452738423, 
4083) 2452971105, 
4084) 2453203304, 
4085) 2453211216, 
4086) 2454312952, 
4087) 2454513075, 
4088) 2454719036, 
4089) 2454762377, 
4090) 2456648442, 
4091) 2456961248, 
4092) 2456968708, 
4093) 2457028571, 
4094) 2458138150, 
4095) 2460155610, 
4096) 2461679419, 
4097) 2461808054, 
4098) 2462836833, 
4099) 2462926336, 
4100) 2464748026, 
4101) 2465161945, 
4102) 2465911409, 
4103) 2466703192, 
4104) 2467122518, 
4105) 2468014213, 
4106) 2468679848, 
4107) 2468735002, 
4108) 2468824791, 
4109) 2469991332, 
4110) 2470262444, 
4111) 2470801720, 
4112) 2471002153, 
4113) 2472043513, 
4114) 2472231920, 
4115) 2472470464, 
4116) 2474009382, 
4117) 2474307499, 
4118) 2474532478, 
4119) 2474638686, 
4120) 2476064262, 
4121) 2477786923, 
4122) 2478678568, 
4123) 2478736656, 
4124) 2478866018, 
4125) 2479737918, 
4126) 2480344971, 
4127) 2480803661, 
4128) 2481120026, 
4129) 2481587537, 
4130) 2482031508, 
4131) 2482214446, 
4132) 2482313247, 
4133) 2483046265, 
4134) 2483541328, 
4135) 2483721541, 
4136) 2484097209, 
4137) 2484544785, 
4138) 2484930247, 
4139) 2484969783, 
4140) 2485510861, 
4141) 2486330194, 
4142) 2486661710, 
4143) 2488636528, 
4144) 2488833608, 
4145) 2491649283, 
4146) 2492187547, 
4147) 2492454262, 
4148) 2493448490, 
4149) 2495119755, 
4150) 2495514727, 
4151) 2496066440, 
4152) 2496607307, 
4153) 2496943689, 
4154) 2497812620, 
4155) 2497969445, 
4156) 2498578092, 
4157) 2499382611, 
4158) 2499534407, 
4159) 2499573066, 
4160) 2500799802, 
4161) 2500895284, 
4162) 2502085476, 
4163) 2502417533, 
4164) 2503036868, 
4165) 2503681568, 
4166) 2504778651, 
4167) 2505384594, 
4168) 2507184599, 
4169) 2508386235, 
4170) 2508690976, 
4171) 2509511157, 
4172) 2509894864, 
4173) 2511635043, 
4174) 2511700599, 
4175) 2512317250, 
4176) 2513212480, 
4177) 2513332602, 
4178) 2513787783, 
4179) 2515073431, 
4180) 2515512317, 
4181) 2516677671, 
4182) 2516778951, 
4183) 2518128013, 
4184) 2518413342, 
4185) 2518458246, 
4186) 2518661418, 
4187) 2518733533, 
4188) 2519684570, 
4189) 2520033097, 
4190) 2520675424, 
4191) 2520887119, 
4192) 2520913178, 
4193) 2521482511, 
4194) 2521572208, 
4195) 2521738154, 
4196) 2522335615, 
4197) 2523279396, 
4198) 2523745523, 
4199) 2523789764, 
4200) 2523871930, 
4201) 2524222883, 
4202) 2524256269, 
4203) 2524332742, 
4204) 2524723030, 
4205) 2524902737, 
4206) 2525455720, 
4207) 2525541909, 
4208) 2525631450, 
4209) 2526184780, 
4210) 2526274682, 
4211) 2527145170, 
4212) 2527715817, 
4213) 2528712656, 
4214) 2529563286, 
4215) 2529830943, 
4216) 2530956759, 
4217) 2532906066, 
4218) 2533694332, 
4219) 2533714510, 
4220) 2533986448, 
4221) 2534887294, 
4222) 2535628202, 
4223) 2535875992, 
4224) 2536357691, 
4225) 2536639081, 
4226) 2537029069, 
4227) 2539457846, 
4228) 2539468550, 
4229) 2539522005, 
4230) 2541818329, 
4231) 2543417010, 
4232) 2543785200, 
4233) 2544192181, 
4234) 2544584820, 
4235) 2544802184, 
4236) 2544850023, 
4237) 2545056548, 
4238) 2545862860, 
4239) 2545925676, 
4240) 2546190330, 
4241) 2547261797, 
4242) 2549683720, 
4243) 2551014508, 
4244) 2552039189, 
4245) 2552260100, 
4246) 2552629968, 
4247) 2554940040, 
4248) 2555730062, 
4249) 2557255919, 
4250) 2557597959, 
4251) 2558435176, 
4252) 2559409044, 
4253) 2559790990, 
4254) 2560546939, 
4255) 2560720612, 
4256) 2561125322, 
4257) 2561328021, 
4258) 2561361200, 
4259) 2562456641, 
4260) 2563303372, 
4261) 2566200798, 
4262) 2567180531, 
4263) 2567937523, 
4264) 2568141127, 
4265) 2568468852, 
4266) 2569383620, 
4267) 2570298500, 
4268) 2571370394, 
4269) 2573229707, 
4270) 2573669807, 
4271) 2574494434, 
4272) 2574895635, 
4273) 2575193628, 
4274) 2576037424, 
4275) 2576394165, 
4276) 2576881333, 
4277) 2576960978, 
4278) 2577158328, 
4279) 2577351868, 
4280) 2577711075, 
4281) 2578189407, 
4282) 2578678976, 
4283) 2578705973, 
4284) 2579365948, 
4285) 2579799069, 
4286) 2579824361, 
4287) 2580094509, 
4288) 2580330878, 
4289) 2580610053, 
4290) 2581039424, 
4291) 2581656022, 
4292) 2581790752, 
4293) 2582270219, 
4294) 2583728436, 
4295) 2584879796, 
4296) 2585351138, 
4297) 2587701479, 
4298) 2587766779, 
4299) 2588794265, 
4300) 2588985672, 
4301) 2589201745, 
4302) 2589297916, 
4303) 2589991664, 
4304) 2590044876, 
4305) 2590198654, 
4306) 2590786321, 
4307) 2591361168, 
4308) 2591656500, 
4309) 2592249951, 
4310) 2592269953, 
4311) 2593772501, 
4312) 2593845034, 
4313) 2594246190, 
4314) 2595473040, 
4315) 2595545415, 
4316) 2595673001, 
4317) 2598188195, 
4318) 2598208103, 
4319) 2598428756, 
4320) 2598689527, 
4321) 2599514785, 
4322) 2600030205, 
4323) 2600230623, 
4324) 2601963599, 
4325) 2602976878, 
4326) 2604460457, 
4327) 2604851208, 
4328) 2604942369, 
4329) 2605312985, 
4330) 2605446948, 
4331) 2606304998, 
4332) 2607055647, 
4333) 2607538424, 
4334) 2608004595, 
4335) 2609246235, 
4336) 2609437422, 
4337) 2610188397, 
4338) 2610807587, 
4339) 2611036233, 
4340) 2611935594, 
4341) 2612173990, 
4342) 2613264387, 
4343) 2613603793, 
4344) 2614127762, 
4345) 2614196225, 
4346) 2614999374, 
4347) 2615077642, 
4348) 2615090717, 
4349) 2615334680, 
4350) 2616709960, 
4351) 2617491232, 
4352) 2617513010, 
4353) 2617837459, 
4354) 2618801997, 
4355) 2619273767, 
4356) 2619351605, 
4357) 2619456774, 
4358) 2621291199, 
4359) 2621408402, 
4360) 2621935193, 
4361) 2621956529, 
4362) 2622444595, 
4363) 2623232466, 
4364) 2623969712, 
4365) 2625268351, 
4366) 2626979167, 
4367) 2629178661, 
4368) 2629245688, 
4369) 2629287695, 
4370) 2630484511, 
4371) 2631463317, 
4372) 2632077622, 
4373) 2633768735, 
4374) 2634331104, 
4375) 2635838639, 
4376) 2636871235, 
4377) 2637074560, 
4378) 2637107134, 
4379) 2638647040, 
4380) 2638684953, 
4381) 2638966230, 
4382) 2639841549, 
4383) 2640218921, 
4384) 2640729818, 
4385) 2641163193, 
4386) 2642205589, 
4387) 2642997675, 
4388) 2644459127, 
4389) 2646688354, 
4390) 2648416698, 
4391) 2649746145, 
4392) 2650255578, 
4393) 2651162116, 
4394) 2651345323, 
4395) 2651568647, 
4396) 2652308407, 
4397) 2655219273, 
4398) 2655259391, 
4399) 2655577424, 
4400) 2655641132, 
4401) 2656031701, 
4402) 2657244082, 
4403) 2658083227, 
4404) 2658992033, 
4405) 2660695949, 
4406) 2661156868, 
4407) 2662845529, 
4408) 2663718935, 
4409) 2664355781, 
4410) 2664487102, 
4411) 2664598200, 
4412) 2664610070, 
4413) 2665034823, 
4414) 2665338088, 
4415) 2667086744, 
4416) 2667176013, 
4417) 2667882905, 
4418) 2667960456, 
4419) 2668056636, 
4420) 2668291037, 
4421) 2668362019, 
4422) 2668560763, 
4423) 2669257798, 
4424) 2669879842, 
4425) 2669929859, 
4426) 2670032062, 
4427) 2671963597, 
4428) 2672011119, 
4429) 2672071704, 
4430) 2672767045, 
4431) 2673548307, 
4432) 2674833946, 
4433) 2675223733, 
4434) 2675673784, 
4435) 2676107256, 
4436) 2676789197, 
4437) 2677885369, 
4438) 2678703520, 
4439) 2680139930, 
4440) 2680687750, 
4441) 2680691953, 
4442) 2681115044, 
4443) 2681862659, 
4444) 2682908711, 
4445) 2683506279, 
4446) 2683916426, 
4447) 2684035223, 
4448) 2684082999, 
4449) 2684387910, 
4450) 2684472218, 
4451) 2685614251, 
4452) 2685623650, 
4453) 2686167972, 
4454) 2686585198, 
4455) 2687941364, 
4456) 2687988910, 
4457) 2688112713, 
4458) 2688169882, 
4459) 2688562471, 
4460) 2689892478, 
4461) 2689911695, 
4462) 2690081678, 
4463) 2690828142, 
4464) 2690850074, 
4465) 2690920332, 
4466) 2692678035, 
4467) 2692740361, 
4468) 2693062157, 
4469) 2693309949, 
4470) 2693623603, 
4471) 2694160299, 
4472) 2694867700, 
4473) 2695340531, 
4474) 2695425328, 
4475) 2696094964, 
4476) 2697519632, 
4477) 2698080694, 
4478) 2698121980, 
4479) 2698391674, 
4480) 2698887209, 
4481) 2699392951, 
4482) 2699836006, 
4483) 2700310233, 
4484) 2700516059, 
4485) 2700586683, 
4486) 2700644762, 
4487) 2700810710, 
4488) 2701093628, 
4489) 2701524315, 
4490) 2702115619, 
4491) 2702201787, 
4492) 2702586394, 
4493) 2703584645, 
4494) 2704740655, 
4495) 2705026188, 
4496) 2705880624, 
4497) 2706001813, 
4498) 2706052393, 
4499) 2706123791, 
4500) 2707239619, 
4501) 2707373838, 
4502) 2708041359, 
4503) 2708107448, 
4504) 2709055520, 
4505) 2709779397, 
4506) 2710581548, 
4507) 2710585823, 
4508) 2711116430, 
4509) 2711426845, 
4510) 2712552575, 
4511) 2712553758, 
4512) 2713122903, 
4513) 2713659451, 
4514) 2713962316, 
4515) 2714214546, 
4516) 2714361087, 
4517) 2714479849, 
4518) 2714505436, 
4519) 2715114291, 
4520) 2716167900, 
4521) 2716815472, 
4522) 2717062475, 
4523) 2718127655, 
4524) 2720290313, 
4525) 2722134980, 
4526) 2723246050, 
4527) 2723280883, 
4528) 2723894867, 
4529) 2725846589, 
4530) 2726275178, 
4531) 2726992127, 
4532) 2727865555, 
4533) 2728581742, 
4534) 2728607897, 
4535) 2728693345, 
4536) 2728869062, 
4537) 2729341420, 
4538) 2730467664, 
4539) 2731230063, 
4540) 2731481089, 
4541) 2731961681, 
4542) 2733850030, 
4543) 2733887194, 
4544) 2734906747, 
4545) 2734930026, 
4546) 2734954222, 
4547) 2735438540, 
4548) 2736034069, 
4549) 2738247781, 
4550) 2738923437, 
4551) 2738997974, 
4552) 2739088413, 
4553) 2739563536, 
4554) 2740556757, 
4555) 2741344564, 
4556) 2741348718, 
4557) 2741996658, 
4558) 2742671774, 
4559) 2743582208, 
4560) 2745380172, 
4561) 2746466838, 
4562) 2747115949, 
4563) 2747144191, 
4564) 2749224034, 
4565) 2749605074, 
4566) 2751086076, 
4567) 2751731588, 
4568) 2751877797, 
4569) 2751892666, 
4570) 2753358519, 
4571) 2754237081, 
4572) 2755097910, 
4573) 2756672717, 
4574) 2757487532, 
4575) 2757546870, 
4576) 2758798638, 
4577) 2759119314, 
4578) 2759303020, 
4579) 2759435396, 
4580) 2759803294, 
4581) 2760502927, 
4582) 2762596101, 
4583) 2763176611, 
4584) 2763980726, 
4585) 2765045444, 
4586) 2765825933, 
4587) 2766753933, 
4588) 2766932564, 
4589) 2768078068, 
4590) 2769172764, 
4591) 2769369992, 
4592) 2769950242, 
4593) 2770141166, 
4594) 2771924474, 
4595) 2772678986, 
4596) 2773206823, 
4597) 2773283465, 
4598) 2775123454, 
4599) 2776471320, 
4600) 2776487739, 
4601) 2778684837, 
4602) 2779711959, 
4603) 2780074658, 
4604) 2780963087, 
4605) 2782414084, 
4606) 2782736927, 
4607) 2783164987, 
4608) 2784080345, 
4609) 2784549962, 
4610) 2785017521, 
4611) 2785067055, 
4612) 2785127729, 
4613) 2785239507, 
4614) 2785808253, 
4615) 2786269842, 
4616) 2786920800, 
4617) 2787237018, 
4618) 2788753348, 
4619) 2788825868, 
4620) 2789583979, 
4621) 2791454175, 
4622) 2791976499, 
4623) 2792158499, 
4624) 2793043628, 
4625) 2793532273, 
4626) 2794032374, 
4627) 2794554247, 
4628) 2795189589, 
4629) 2795621494, 
4630) 2795948964, 
4631) 2796248432, 
4632) 2797305941, 
4633) 2797803834, 
4634) 2798100487, 
4635) 2799919424, 
4636) 2800598203, 
4637) 2800930883, 
4638) 2801383800, 
4639) 2801780759, 
4640) 2802141413, 
4641) 2802330723, 
4642) 2803249518, 
4643) 2803878779, 
4644) 2803954341, 
4645) 2804640354, 
4646) 2804844371, 
4647) 2805278437, 
4648) 2806121531, 
4649) 2806289177, 
4650) 2806423139, 
4651) 2807630812, 
4652) 2808638127, 
4653) 2809170967, 
4654) 2809413422, 
4655) 2809557781, 
4656) 2809740650, 
4657) 2810553575, 
4658) 2810666015, 
4659) 2810689430, 
4660) 2810720018, 
4661) 2810957717, 
4662) 2811081028, 
4663) 2811176091, 
4664) 2811726653, 
4665) 2811841706, 
4666) 2812275748, 
4667) 2812684009, 
4668) 2813612215, 
4669) 2813719920, 
4670) 2814365193, 
4671) 2814767774, 
4672) 2816255155, 
4673) 2816348744, 
4674) 2816363319, 
4675) 2817221584, 
4676) 2818365867, 
4677) 2819428064, 
4678) 2819789352, 
4679) 2819861182, 
4680) 2819921736, 
4681) 2819949825, 
4682) 2820114956, 
4683) 2820162251, 
4684) 2821594387, 
4685) 2822856245, 
4686) 2822909894, 
4687) 2823287211, 
4688) 2823494360, 
4689) 2823846796, 
4690) 2824974732, 
4691) 2825935428, 
4692) 2826135132, 
4693) 2826416680, 
4694) 2826626808, 
4695) 2826629827, 
4696) 2827459412, 
4697) 2827997791, 
4698) 2828153110, 
4699) 2829312495, 
4700) 2831202862, 
4701) 2832905001, 
4702) 2833357294, 
4703) 2833464260, 
4704) 2833481778, 
4705) 2833552738, 
4706) 2833754075, 
4707) 2834132962, 
4708) 2834252335, 
4709) 2834946166, 
4710) 2835213330, 
4711) 2835662438, 
4712) 2836009193, 
4713) 2836182944, 
4714) 2836766511, 
4715) 2837129109, 
4716) 2837374155, 
4717) 2837726887, 
4718) 2838729775, 
4719) 2838738384, 
4720) 2838756977, 
4721) 2839108405, 
4722) 2840340751, 
4723) 2841162809, 
4724) 2841714359, 
4725) 2842833849, 
4726) 2843731387, 
4727) 2844583290, 
4728) 2844661856, 
4729) 2844996859, 
4730) 2845542715, 
4731) 2847652441, 
4732) 2847663495, 
4733) 2848495199, 
4734) 2849359934, 
4735) 2849969882, 
4736) 2850336312, 
4737) 2850770142, 
4738) 2851908011, 
4739) 2852009641, 
4740) 2852723738, 
4741) 2852830014, 
4742) 2853505534, 
4743) 2854779812, 
4744) 2855789128, 
4745) 2856679925, 
4746) 2856827173, 
4747) 2860994108, 
4748) 2861059078, 
4749) 2861132561, 
4750) 2861675083, 
4751) 2863085861, 
4752) 2864239563, 
4753) 2865018190, 
4754) 2865975437, 
4755) 2866204300, 
4756) 2868753865, 
4757) 2869090356, 
4758) 2869145458, 
4759) 2869164405, 
4760) 2870438762, 
4761) 2871008339, 
4762) 2871108004, 
4763) 2872421587, 
4764) 2872598275, 
4765) 2872936980, 
4766) 2873514985, 
4767) 2874341167, 
4768) 2875092641, 
4769) 2875585681, 
4770) 2875679829, 
4771) 2876218010, 
4772) 2876740446, 
4773) 2878214857, 
4774) 2879641777, 
4775) 2880252256, 
4776) 2880619797, 
4777) 2880633066, 
4778) 2880906806, 
4779) 2881183674, 
4780) 2881774893, 
4781) 2883371253, 
4782) 2883944919, 
4783) 2884047204, 
4784) 2884246290, 
4785) 2885095262, 
4786) 2885587578, 
4787) 2885608055, 
4788) 2885839259, 
4789) 2886416633, 
4790) 2886546720, 
4791) 2887279858, 
4792) 2887724302, 
4793) 2888067157, 
4794) 2888068712, 
4795) 2888574798, 
4796) 2889680853, 
4797) 2890130451, 
4798) 2890136968, 
4799) 2890215832, 
4800) 2890446938, 
4801) 2890866714, 
4802) 2891149180, 
4803) 2891180008, 
4804) 2892067511, 
4805) 2892141175, 
4806) 2892695666, 
4807) 2893239691, 
4808) 2896532676, 
4809) 2897627899, 
4810) 2899097105, 
4811) 2899298457, 
4812) 2899581787, 
4813) 2899694780, 
4814) 2900334445, 
4815) 2900876056, 
4816) 2901082433, 
4817) 2901307871, 
4818) 2901496903, 
4819) 2901718692, 
4820) 2901924170, 
4821) 2902214291, 
4822) 2902237674, 
4823) 2902681032, 
4824) 2903017243, 
4825) 2904936777, 
4826) 2905331240, 
4827) 2906063345, 
4828) 2906462790, 
4829) 2907091223, 
4830) 2908232013, 
4831) 2908270723, 
4832) 2909844988, 
4833) 2910509222, 
4834) 2911078410, 
4835) 2912041954, 
4836) 2912085617, 
4837) 2912917353, 
4838) 2914000653, 
4839) 2914072900, 
4840) 2914114304, 
4841) 2914486938, 
4842) 2915078384, 
4843) 2915363894, 
4844) 2915538627, 
4845) 2916023005, 
4846) 2917289600, 
4847) 2917915904, 
4848) 2918116294, 
4849) 2919151863, 
4850) 2919471038, 
4851) 2920181349, 
4852) 2920273863, 
4853) 2920598962, 
4854) 2921174604, 
4855) 2922242196, 
4856) 2922426016, 
4857) 2923556221, 
4858) 2923589555, 
4859) 2924122348, 
4860) 2925459232, 
4861) 2926170087, 
4862) 2926427934, 
4863) 2928555691, 
4864) 2928820817, 
4865) 2928879903, 
4866) 2929101604, 
4867) 2929955173, 
4868) 2932507279, 
4869) 2932746833, 
4870) 2933223778, 
4871) 2933887960, 
4872) 2933957683, 
4873) 2934153646, 
4874) 2934638536, 
4875) 2934640302, 
4876) 2934890287, 
4877) 2935305298, 
4878) 2935480915, 
4879) 2936174586, 
4880) 2936345325, 
4881) 2936349559, 
4882) 2937164042, 
4883) 2937421026, 
4884) 2937966226, 
4885) 2938530209, 
4886) 2938844094, 
4887) 2939216895, 
4888) 2939407751, 
4889) 2939582823, 
4890) 2940014197, 
4891) 2940600629, 
4892) 2940734600, 
4893) 2940977301, 
4894) 2941485948, 
4895) 2942710037, 
4896) 2942957505, 
4897) 2943829560, 
4898) 2943883600, 
4899) 2945260614, 
4900) 2945495535, 
4901) 2945961919, 
4902) 2946068031, 
4903) 2946287587, 
4904) 2946576975, 
4905) 2946855475, 
4906) 2947321732, 
4907) 2947482090, 
4908) 2947774752, 
4909) 2947863312, 
4910) 2949351311, 
4911) 2949620164, 
4912) 2949866451, 
4913) 2950265244, 
4914) 2950419489, 
4915) 2950491703, 
4916) 2951182688, 
4917) 2952843747, 
4918) 2954741828, 
4919) 2956622257, 
4920) 2956761708, 
4921) 2957892955, 
4922) 2957961447, 
4923) 2959128995, 
4924) 2959455789, 
4925) 2959508144, 
4926) 2959981254, 
4927) 2960507160, 
4928) 2960702887, 
4929) 2961079413, 
4930) 2962124443, 
4931) 2962614085, 
4932) 2962851446, 
4933) 2963084766, 
4934) 2963495050, 
4935) 2964931327, 
4936) 2965498866, 
4937) 2966025804, 
4938) 2966333898, 
4939) 2966680812, 
4940) 2966851912, 
4941) 2968554058, 
4942) 2970086826, 
4943) 2970831694, 
4944) 2971096212, 
4945) 2971740530, 
4946) 2972058309, 
4947) 2972357089, 
4948) 2973266948, 
4949) 2974041817, 
4950) 2974291983, 
4951) 2975221417, 
4952) 2975327382, 
4953) 2975591283, 
4954) 2975773277, 
4955) 2978469179, 
4956) 2978711245, 
4957) 2978988978, 
4958) 2979777614, 
4959) 2979929882, 
4960) 2980113019, 
4961) 2980148030, 
4962) 2980525259, 
4963) 2980888329, 
4964) 2981022360, 
4965) 2981297569, 
4966) 2982378582, 
4967) 2982878250, 
4968) 2982927140, 
4969) 2984474807, 
4970) 2986211314, 
4971) 2986886027, 
4972) 2988530149, 
4973) 2989197236, 
4974) 2989337573, 
4975) 2989747357, 
4976) 2991361366, 
4977) 2992039667, 
4978) 2992545765, 
4979) 2992921026, 
4980) 2993155839, 
4981) 2993639061, 
4982) 2993836323, 
4983) 2994496031, 
4984) 2994784613, 
4985) 2995896596, 
4986) 2996028612, 
4987) 2996134083, 
4988) 2996319585, 
4989) 2996342247, 
4990) 2996699494, 
4991) 2996759326, 
4992) 2997541827, 
4993) 2997596074, 
4994) 2997782353, 
4995) 2998888483, 
4996) 2998902102, 
4997) 2999129871, 
4998) 2999425084, 
4999) 2999593397, 
