Number of elements is 1000
Type of array is reversed
Sorting algorithm - quick
Running time of sorting algorithm is 37ms
0) 877553, 
1) 4400614, 
2) 4670853, 
3) 5816351, 
4) 6371730, 
5) 12470761, 
6) 19308137, 
7) 20904476, 
8) 23107999, 
9) 23695301, 
10) 28704616, 
11) 31381892, 
12) 36202046, 
13) 36834377, 
14) 46917303, 
15) 46955899, 
16) 48837368, 
17) 49334164, 
18) 50180953, 
19) 51526034, 
20) 51798062, 
21) 52346227, 
22) 56931322, 
23) 59446112, 
24) 59485457, 
25) 68219191, 
26) 68683120, 
27) 71447576, 
28) 71684351, 
29) 73120799, 
30) 75502246, 
31) 77125643, 
32) 77582993, 
33) 79585799, 
34) 81361209, 
35) 86974704, 
36) 89865696, 
37) 90161959, 
38) 96894243, 
39) 97980816, 
40) 105425639, 
41) 108603401, 
42) 110237841, 
43) 112455864, 
44) 116663275, 
45) 117565685, 
46) 117727458, 
47) 118605275, 
48) 119660120, 
49) 121054014, 
50) 122279601, 
51) 122931405, 
52) 131454891, 
53) 133212549, 
54) 142886116, 
55) 150103593, 
56) 151636844, 
57) 156232235, 
58) 167019505, 
59) 170739957, 
60) 176701715, 
61) 187158269, 
62) 190015150, 
63) 191114017, 
64) 199570964, 
65) 213185720, 
66) 216208451, 
67) 216559605, 
68) 219398728, 
69) 223326068, 
70) 224555680, 
71) 227534238, 
72) 232926318, 
73) 233302080, 
74) 234534127, 
75) 234754665, 
76) 239389130, 
77) 243400061, 
78) 245264425, 
79) 247994843, 
80) 248194798, 
81) 248298523, 
82) 259429234, 
83) 261693989, 
84) 262157914, 
85) 263751150, 
86) 267496865, 
87) 271544416, 
88) 281839618, 
89) 282127629, 
90) 283179428, 
91) 283245688, 
92) 284150078, 
93) 284817022, 
94) 286919775, 
95) 296091086, 
96) 297726173, 
97) 299138102, 
98) 299466995, 
99) 300785798, 
100) 303850013, 
101) 308904011, 
102) 309455208, 
103) 309981240, 
104) 313969862, 
105) 317572907, 
106) 321216949, 
107) 322593758, 
108) 325018238, 
109) 330575772, 
110) 332977490, 
111) 333087511, 
112) 333969096, 
113) 336433574, 
114) 340352594, 
115) 344341206, 
116) 347902270, 
117) 354073807, 
118) 354544910, 
119) 360851160, 
120) 363940618, 
121) 369079825, 
122) 370012842, 
123) 371636111, 
124) 372256132, 
125) 378252901, 
126) 385336461, 
127) 391254263, 
128) 391989701, 
129) 392653983, 
130) 392903382, 
131) 396773054, 
132) 405126578, 
133) 410938534, 
134) 416131412, 
135) 426500708, 
136) 430171572, 
137) 430255058, 
138) 430832135, 
139) 439083764, 
140) 439573081, 
141) 445100360, 
142) 445200422, 
143) 448645180, 
144) 452908678, 
145) 458138875, 
146) 461973523, 
147) 462338386, 
148) 462775735, 
149) 467775846, 
150) 469112158, 
151) 469772338, 
152) 470185396, 
153) 472238668, 
154) 476645126, 
155) 477703839, 
156) 484451963, 
157) 488486896, 
158) 488577445, 
159) 494747500, 
160) 497936137, 
161) 499005132, 
162) 499672897, 
163) 501490489, 
164) 507551719, 
165) 509282974, 
166) 510480333, 
167) 513324516, 
168) 514338358, 
169) 525559170, 
170) 525863810, 
171) 526827426, 
172) 527988100, 
173) 530206837, 
174) 530620057, 
175) 534122143, 
176) 536143100, 
177) 537926964, 
178) 538368495, 
179) 540627152, 
180) 547031084, 
181) 548685902, 
182) 549111377, 
183) 551071699, 
184) 556671507, 
185) 557751759, 
186) 558959489, 
187) 563588086, 
188) 564373546, 
189) 571497622, 
190) 579626335, 
191) 582344935, 
192) 587917228, 
193) 590456906, 
194) 593775977, 
195) 593932403, 
196) 595184391, 
197) 600942391, 
198) 602294541, 
199) 603927186, 
200) 604748700, 
201) 606690381, 
202) 610265498, 
203) 626284509, 
204) 629744527, 
205) 636071425, 
206) 638165322, 
207) 645052151, 
208) 646746296, 
209) 646805817, 
210) 647764609, 
211) 649582003, 
212) 654345512, 
213) 655284577, 
214) 664043744, 
215) 665374593, 
216) 667599628, 
217) 675231715, 
218) 676039271, 
219) 676967606, 
220) 682754287, 
221) 685240215, 
222) 691015615, 
223) 692904316, 
224) 701297498, 
225) 705793880, 
226) 705831998, 
227) 707045793, 
228) 707735900, 
229) 712567110, 
230) 717355903, 
231) 723056713, 
232) 728116672, 
233) 728227209, 
234) 729640891, 
235) 730329548, 
236) 732532229, 
237) 733088125, 
238) 735846490, 
239) 737202656, 
240) 737273329, 
241) 741951067, 
242) 743490130, 
243) 744433913, 
244) 748767609, 
245) 749086203, 
246) 749904932, 
247) 750838984, 
248) 752351941, 
249) 754822767, 
250) 754939494, 
251) 756157123, 
252) 757623668, 
253) 759085022, 
254) 762063701, 
255) 765029131, 
256) 766713162, 
257) 772296271, 
258) 773922794, 
259) 778241988, 
260) 780823930, 
261) 783085188, 
262) 783486422, 
263) 785807972, 
264) 788075952, 
265) 788659330, 
266) 803890719, 
267) 809513534, 
268) 814465967, 
269) 819895506, 
270) 821371075, 
271) 822004033, 
272) 834085143, 
273) 834931656, 
274) 835670318, 
275) 839838552, 
276) 843893893, 
277) 844325138, 
278) 845947923, 
279) 848698716, 
280) 852512711, 
281) 853758540, 
282) 853760317, 
283) 853818959, 
284) 855439796, 
285) 855670155, 
286) 857549243, 
287) 857707689, 
288) 860815987, 
289) 861944316, 
290) 868628670, 
291) 875912039, 
292) 877464917, 
293) 880202525, 
294) 884343878, 
295) 887287998, 
296) 887547535, 
297) 888561754, 
298) 888984634, 
299) 889349356, 
300) 891080000, 
301) 891599781, 
302) 892007340, 
303) 893029880, 
304) 894945997, 
305) 895134384, 
306) 897163933, 
307) 902055153, 
308) 905841516, 
309) 907118423, 
310) 909626883, 
311) 916420913, 
312) 920251612, 
313) 940048525, 
314) 942518784, 
315) 946175362, 
316) 948228144, 
317) 948460300, 
318) 948846786, 
319) 955902763, 
320) 960620656, 
321) 961134165, 
322) 963007490, 
323) 963583799, 
324) 970752751, 
325) 980060116, 
326) 983288855, 
327) 985545678, 
328) 986767642, 
329) 990332983, 
330) 1007139784, 
331) 1009186907, 
332) 1009754506, 
333) 1013419210, 
334) 1014220576, 
335) 1015443756, 
336) 1018615295, 
337) 1028087616, 
338) 1031610609, 
339) 1034064605, 
340) 1034274446, 
341) 1035032259, 
342) 1037956424, 
343) 1043989229, 
344) 1044976719, 
345) 1045661646, 
346) 1046083897, 
347) 1046479151, 
348) 1050917036, 
349) 1054770773, 
350) 1060405688, 
351) 1066261094, 
352) 1066450624, 
353) 1069233691, 
354) 1069896944, 
355) 1078748345, 
356) 1079965786, 
357) 1084775477, 
358) 1085106579, 
359) 1085985779, 
360) 1090870755, 
361) 1091118999, 
362) 1092897314, 
363) 1093020365, 
364) 1093672565, 
365) 1096217989, 
366) 1101603160, 
367) 1106602811, 
368) 1111587196, 
369) 1112508265, 
370) 1116441535, 
371) 1117103629, 
372) 1119962176, 
373) 1123602226, 
374) 1129365151, 
375) 1130562959, 
376) 1130742210, 
377) 1135638031, 
378) 1138646925, 
379) 1140337393, 
380) 1143665142, 
381) 1148032754, 
382) 1152039484, 
383) 1153381980, 
384) 1157947102, 
385) 1158209691, 
386) 1159551135, 
387) 1163980882, 
388) 1167375597, 
389) 1168720845, 
390) 1169892307, 
391) 1171568972, 
392) 1175545364, 
393) 1176608852, 
394) 1179192535, 
395) 1179244229, 
396) 1183327993, 
397) 1183696131, 
398) 1184879794, 
399) 1189729714, 
400) 1190680361, 
401) 1191740300, 
402) 1194551503, 
403) 1198041632, 
404) 1205559682, 
405) 1208391038, 
406) 1217031721, 
407) 1217124356, 
408) 1218760694, 
409) 1219523391, 
410) 1219608661, 
411) 1227675037, 
412) 1228859443, 
413) 1228994177, 
414) 1230699619, 
415) 1235266927, 
416) 1241442372, 
417) 1243936553, 
418) 1254668116, 
419) 1257369793, 
420) 1259674761, 
421) 1260203377, 
422) 1264594228, 
423) 1266387065, 
424) 1270401599, 
425) 1271920729, 
426) 1275801059, 
427) 1282230292, 
428) 1283285174, 
429) 1283807567, 
430) 1284129042, 
431) 1285303176, 
432) 1288726185, 
433) 1291685605, 
434) 1294935131, 
435) 1297909029, 
436) 1298867719, 
437) 1306179008, 
438) 1309997550, 
439) 1310705042, 
440) 1311032321, 
441) 1312778437, 
442) 1314987500, 
443) 1316236048, 
444) 1318255648, 
445) 1319192672, 
446) 1323904915, 
447) 1324293689, 
448) 1326443753, 
449) 1328890089, 
450) 1336354577, 
451) 1341632651, 
452) 1352595941, 
453) 1353698698, 
454) 1353996975, 
455) 1367345712, 
456) 1370064110, 
457) 1370163472, 
458) 1371385336, 
459) 1377972755, 
460) 1382887875, 
461) 1384423485, 
462) 1389935467, 
463) 1391163691, 
464) 1391385571, 
465) 1399880637, 
466) 1405897231, 
467) 1406121401, 
468) 1408405737, 
469) 1408590741, 
470) 1409680039, 
471) 1409696863, 
472) 1411771564, 
473) 1414098561, 
474) 1414698402, 
475) 1416053621, 
476) 1425516784, 
477) 1428104604, 
478) 1430547851, 
479) 1437923520, 
480) 1447904817, 
481) 1453894671, 
482) 1454240194, 
483) 1456532697, 
484) 1456960143, 
485) 1462584967, 
486) 1472665471, 
487) 1473668663, 
488) 1476861952, 
489) 1481184837, 
490) 1488455847, 
491) 1490623083, 
492) 1493676019, 
493) 1498578370, 
494) 1498860857, 
495) 1499521916, 
496) 1499930796, 
497) 1501741236, 
498) 1507066147, 
499) 1509837689, 
500) 1512093505, 
501) 1512245338, 
502) 1513989724, 
503) 1514292985, 
504) 1516158766, 
505) 1522865673, 
506) 1523952639, 
507) 1528709307, 
508) 1535089364, 
509) 1541202320, 
510) 1542120037, 
511) 1545052293, 
512) 1547641909, 
513) 1551161995, 
514) 1551793785, 
515) 1552702558, 
516) 1556425520, 
517) 1557967324, 
518) 1563248561, 
519) 1567612738, 
520) 1568784366, 
521) 1576125859, 
522) 1578460663, 
523) 1580649305, 
524) 1581454071, 
525) 1582840245, 
526) 1586006112, 
527) 1586485714, 
528) 1589326222, 
529) 1592288096, 
530) 1593723298, 
531) 1594300213, 
532) 1594611847, 
533) 1599451644, 
534) 1600070470, 
535) 1600218502, 
536) 1603895054, 
537) 1604283714, 
538) 1612200377, 
539) 1623565548, 
540) 1625687776, 
541) 1627468128, 
542) 1627688038, 
543) 1628063683, 
544) 1630961962, 
545) 1638206188, 
546) 1638849814, 
547) 1640693730, 
548) 1641545018, 
549) 1642515402, 
550) 1643206430, 
551) 1648457290, 
552) 1649118541, 
553) 1650178533, 
554) 1652650457, 
555) 1654098545, 
556) 1654661853, 
557) 1654974217, 
558) 1659948139, 
559) 1660425168, 
560) 1663208222, 
561) 1663682830, 
562) 1664210694, 
563) 1666042268, 
564) 1672949555, 
565) 1676642696, 
566) 1683664802, 
567) 1684459654, 
568) 1689784868, 
569) 1690203802, 
570) 1696451079, 
571) 1697289278, 
572) 1712952815, 
573) 1715792759, 
574) 1718836589, 
575) 1724570082, 
576) 1733469257, 
577) 1739120995, 
578) 1745242799, 
579) 1746273910, 
580) 1746693241, 
581) 1748436547, 
582) 1753146120, 
583) 1753235624, 
584) 1757450611, 
585) 1760316634, 
586) 1762987420, 
587) 1763643078, 
588) 1765861280, 
589) 1773068521, 
590) 1774444063, 
591) 1775700830, 
592) 1776339089, 
593) 1782540764, 
594) 1782848656, 
595) 1787583174, 
596) 1790710024, 
597) 1791041832, 
598) 1801821407, 
599) 1805391750, 
600) 1815284558, 
601) 1816872726, 
602) 1820228605, 
603) 1827284823, 
604) 1834410763, 
605) 1834469339, 
606) 1835575264, 
607) 1837213394, 
608) 1844068352, 
609) 1844532497, 
610) 1846619469, 
611) 1849488927, 
612) 1852852136, 
613) 1854204079, 
614) 1858781822, 
615) 1860615610, 
616) 1871020511, 
617) 1874122053, 
618) 1876299201, 
619) 1876401155, 
620) 1887933946, 
621) 1890233806, 
622) 1893968802, 
623) 1899239631, 
624) 1904149085, 
625) 1907541699, 
626) 1909550970, 
627) 1918551013, 
628) 1920006966, 
629) 1920233423, 
630) 1921506795, 
631) 1931897013, 
632) 1951901854, 
633) 1953252404, 
634) 1963753495, 
635) 1967038984, 
636) 1968550257, 
637) 1971530485, 
638) 1971993373, 
639) 1972007813, 
640) 1975223021, 
641) 1978412712, 
642) 1980889771, 
643) 1991275180, 
644) 1995437666, 
645) 1996098444, 
646) 1998003568, 
647) 2001265327, 
648) 2002481318, 
649) 2006919459, 
650) 2008304275, 
651) 2012473280, 
652) 2012958821, 
653) 2016639920, 
654) 2016929629, 
655) 2022437145, 
656) 2040274677, 
657) 2043050240, 
658) 2043055304, 
659) 2043541485, 
660) 2049697347, 
661) 2054387973, 
662) 2057703927, 
663) 2059828962, 
664) 2060730533, 
665) 2060790963, 
666) 2061083259, 
667) 2067328244, 
668) 2068139275, 
669) 2068799541, 
670) 2069610983, 
671) 2072009010, 
672) 2073946061, 
673) 2078423427, 
674) 2080226107, 
675) 2082123032, 
676) 2086697905, 
677) 2087435011, 
678) 2090451942, 
679) 2092029283, 
680) 2093328139, 
681) 2094448707, 
682) 2096529090, 
683) 2100569296, 
684) 2104271550, 
685) 2108401959, 
686) 2114615925, 
687) 2118803971, 
688) 2122118868, 
689) 2123242987, 
690) 2127224431, 
691) 2127762507, 
692) 2129623996, 
693) 2142027729, 
694) 2142667238, 
695) 2155676854, 
696) 2157156500, 
697) 2157377649, 
698) 2159308313, 
699) 2161974659, 
700) 2169909929, 
701) 2170785816, 
702) 2172580815, 
703) 2173364998, 
704) 2174942810, 
705) 2175405869, 
706) 2186631413, 
707) 2189295031, 
708) 2191501865, 
709) 2191707966, 
710) 2191959846, 
711) 2196589144, 
712) 2197042351, 
713) 2197455327, 
714) 2198768393, 
715) 2199166486, 
716) 2201148917, 
717) 2201215628, 
718) 2210922782, 
719) 2212254355, 
720) 2213539374, 
721) 2218445672, 
722) 2219027310, 
723) 2220880711, 
724) 2222309923, 
725) 2223657521, 
726) 2227580519, 
727) 2227905828, 
728) 2231126130, 
729) 2231313203, 
730) 2233251337, 
731) 2235760457, 
732) 2237868733, 
733) 2239592505, 
734) 2241953114, 
735) 2247947625, 
736) 2248049276, 
737) 2254496223, 
738) 2256132999, 
739) 2257995101, 
740) 2258700088, 
741) 2260204436, 
742) 2261668133, 
743) 2264983177, 
744) 2265465191, 
745) 2265799143, 
746) 2268928390, 
747) 2269012771, 
748) 2269972808, 
749) 2271143481, 
750) 2273394039, 
751) 2276029872, 
752) 2277362869, 
753) 2282149322, 
754) 2284780041, 
755) 2285280050, 
756) 2286337670, 
757) 2290980277, 
758) 2292028373, 
759) 2293258030, 
760) 2295515549, 
761) 2304822430, 
762) 2305807013, 
763) 2306765272, 
764) 2309090352, 
765) 2318278388, 
766) 2321559092, 
767) 2334488114, 
768) 2336115191, 
769) 2336240517, 
770) 2336861325, 
771) 2338674075, 
772) 2339793123, 
773) 2344206873, 
774) 2347438111, 
775) 2351470874, 
776) 2355156034, 
777) 2355334995, 
778) 2367899398, 
779) 2368218680, 
780) 2375897062, 
781) 2377705141, 
782) 2381208412, 
783) 2384394905, 
784) 2389645552, 
785) 2397186293, 
786) 2399363713, 
787) 2399915664, 
788) 2403964931, 
789) 2404929374, 
790) 2408679954, 
791) 2410527077, 
792) 2417786118, 
793) 2420239151, 
794) 2424922039, 
795) 2426086853, 
796) 2427239694, 
797) 2429667297, 
798) 2437902937, 
799) 2439586578, 
800) 2441516089, 
801) 2444070879, 
802) 2447918354, 
803) 2447993592, 
804) 2449435343, 
805) 2452281675, 
806) 2469622966, 
807) 2471117319, 
808) 2471141161, 
809) 2476305424, 
810) 2480254457, 
811) 2486107081, 
812) 2490570963, 
813) 2492218245, 
814) 2492330462, 
815) 2496444027, 
816) 2497549303, 
817) 2497935984, 
818) 2499199561, 
819) 2504831146, 
820) 2511180926, 
821) 2513612855, 
822) 2517658507, 
823) 2518895677, 
824) 2520182054, 
825) 2524732073, 
826) 2528663984, 
827) 2532715644, 
828) 2533254870, 
829) 2535177281, 
830) 2535915449, 
831) 2542135529, 
832) 2542853765, 
833) 2546645008, 
834) 2551918191, 
835) 2558200261, 
836) 2559999180, 
837) 2563749016, 
838) 2564379547, 
839) 2564418436, 
840) 2575406761, 
841) 2579808984, 
842) 2580897733, 
843) 2581096896, 
844) 2581128355, 
845) 2581894612, 
846) 2586234642, 
847) 2586646793, 
848) 2590225679, 
849) 2590253346, 
850) 2590461835, 
851) 2591403567, 
852) 2592757196, 
853) 2598480023, 
854) 2600546884, 
855) 2607252145, 
856) 2609784139, 
857) 2610537247, 
858) 2610815925, 
859) 2610882015, 
860) 2622010624, 
861) 2626105905, 
862) 2626612693, 
863) 2629070402, 
864) 2630635540, 
865) 2636964913, 
866) 2639803840, 
867) 2651833575, 
868) 2654064973, 
869) 2654948742, 
870) 2666003648, 
871) 2666407502, 
872) 2673022836, 
873) 2674725468, 
874) 2676746660, 
875) 2676782585, 
876) 2680936812, 
877) 2683897047, 
878) 2686637458, 
879) 2688413983, 
880) 2691662903, 
881) 2695255575, 
882) 2698553390, 
883) 2700503814, 
884) 2701563751, 
885) 2703964068, 
886) 2707954267, 
887) 2709277110, 
888) 2711882288, 
889) 2713029919, 
890) 2715038810, 
891) 2716538718, 
892) 2719233226, 
893) 2719924583, 
894) 2721529017, 
895) 2721739105, 
896) 2724849997, 
897) 2726257156, 
898) 2726289182, 
899) 2727901163, 
900) 2729261477, 
901) 2729399296, 
902) 2730065156, 
903) 2730792511, 
904) 2731125894, 
905) 2731491392, 
906) 2733143714, 
907) 2733623101, 
908) 2738249095, 
909) 2748408029, 
910) 2748756536, 
911) 2749460667, 
912) 2750538074, 
913) 2751905467, 
914) 2752419991, 
915) 2758467666, 
916) 2763726165, 
917) 2765746615, 
918) 2775914763, 
919) 2776871799, 
920) 2777052643, 
921) 2778263624, 
922) 2779240561, 
923) 2783351796, 
924) 2789368995, 
925) 2794166678, 
926) 2794291903, 
927) 2795354822, 
928) 2801086761, 
929) 2804328094, 
930) 2808346421, 
931) 2814940494, 
932) 2814940607, 
933) 2817870991, 
934) 2819372906, 
935) 2825796059, 
936) 2826995254, 
937) 2833479573, 
938) 2836927173, 
939) 2839336696, 
940) 2844765911, 
941) 2849729648, 
942) 2851493283, 
943) 2851893407, 
944) 2867103051, 
945) 2869418317, 
946) 2869626792, 
947) 2870660172, 
948) 2872756886, 
949) 2873393442, 
950) 2875441547, 
951) 2876362829, 
952) 2878451655, 
953) 2880010066, 
954) 2885998130, 
955) 2888895403, 
956) 2891452793, 
957) 2892758747, 
958) 2892795146, 
959) 2894251548, 
960) 2900158025, 
961) 2907651457, 
962) 2911130603, 
963) 2914291273, 
964) 2917222440, 
965) 2920395801, 
966) 2921559959, 
967) 2924342491, 
968) 2924550310, 
969) 2928523235, 
970) 2936773555, 
971) 2940386743, 
972) 2942638886, 
973) 2945514804, 
974) 2949498398, 
975) 2951435072, 
976) 2952213701, 
977) 2955267547, 
978) 2956376136, 
979) 2963867686, 
980) 2964680633, 
981) 2965676397, 
982) 2967287688, 
983) 2969127636, 
984) 2969956991, 
985) 2970093982, 
986) 2970398511, 
987) 2971242470, 
988) 2976394754, 
989) 2977477683, 
990) 2977539482, 
991) 2981135726, 
992) 2981206410, 
993) 2982274734, 
994) 2982411807, 
995) 2988104117, 
996) 2993954074, 
997) 2996679834, 
998) 2997017384, 
999) 2998915184, 
