Number of elements is 100
Type of array is sorted
Sorting algorithm - quick
Running time of sorting algorithm is 4ms
0) 30743695, 
1) 75901183, 
2) 113162719, 
3) 144798625, 
4) 152608943, 
5) 158160643, 
6) 193273560, 
7) 203806727, 
8) 208987820, 
9) 260457816, 
10) 308993569, 
11) 313506134, 
12) 339493401, 
13) 387017680, 
14) 406871401, 
15) 408720928, 
16) 472236547, 
17) 520728554, 
18) 595681393, 
19) 655582037, 
20) 679756006, 
21) 712654498, 
22) 734051767, 
23) 805789166, 
24) 815274792, 
25) 852154744, 
26) 855303343, 
27) 888410936, 
28) 922246730, 
29) 950651408, 
30) 985071905, 
31) 1012171914, 
32) 1075946084, 
33) 1110376032, 
34) 1110694700, 
35) 1188785110, 
36) 1256801840, 
37) 1267643080, 
38) 1282377207, 
39) 1356820825, 
40) 1420886721, 
41) 1423023884, 
42) 1461619487, 
43) 1462897266, 
44) 1477708047, 
45) 1481289815, 
46) 1508057681, 
47) 1543994503, 
48) 1633138865, 
49) 1658348937, 
50) 1663701655, 
51) 1694359822, 
52) 1719468094, 
53) 1763215164, 
54) 1764175937, 
55) 1812409936, 
56) 1872664692, 
57) 1885292298, 
58) 1893000602, 
59) 1894512381, 
60) 1912198267, 
61) 1912361613, 
62) 1939953726, 
63) 2011112019, 
64) 2011898871, 
65) 2014082308, 
66) 2021096876, 
67) 2027870825, 
68) 2060173989, 
69) 2069541095, 
70) 2091217146, 
71) 2114206707, 
72) 2127630797, 
73) 2130387844, 
74) 2135946462, 
75) 2169334241, 
76) 2220859640, 
77) 2235991800, 
78) 2245344281, 
79) 2246853371, 
80) 2249894873, 
81) 2286417698, 
82) 2364889392, 
83) 2387210067, 
84) 2403705907, 
85) 2526269913, 
86) 2538217666, 
87) 2560248472, 
88) 2616801063, 
89) 2621550795, 
90) 2632156714, 
91) 2654866611, 
92) 2690224563, 
93) 2720626033, 
94) 2724097883, 
95) 2728499132, 
96) 2736463349, 
97) 2749158157, 
98) 2751106359, 
99) 2885251803, 
