Number of elements is 5000
Type of array is reversed
Sorting algorithm - quick
Running time of sorting algorithm is 236ms
0) 174771, 
1) 973469, 
2) 1250921, 
3) 1276589, 
4) 1890663, 
5) 2236163, 
6) 2508451, 
7) 2699033, 
8) 2712375, 
9) 3066230, 
10) 5278335, 
11) 5287212, 
12) 5905135, 
13) 6347042, 
14) 6857620, 
15) 6910243, 
16) 7863167, 
17) 7887304, 
18) 8922061, 
19) 10695418, 
20) 11995863, 
21) 12246344, 
22) 12854134, 
23) 12903375, 
24) 13621540, 
25) 13626016, 
26) 14020258, 
27) 14996801, 
28) 16062780, 
29) 16153173, 
30) 16480735, 
31) 16767832, 
32) 17097662, 
33) 17538876, 
34) 18133188, 
35) 18244086, 
36) 19161920, 
37) 19162676, 
38) 20017990, 
39) 20383311, 
40) 21013828, 
41) 22071532, 
42) 22111985, 
43) 22170831, 
44) 22798829, 
45) 23733622, 
46) 23987821, 
47) 24203471, 
48) 24870904, 
49) 25026096, 
50) 28013164, 
51) 28025721, 
52) 28219417, 
53) 31173169, 
54) 31714890, 
55) 32789564, 
56) 32968331, 
57) 33193934, 
58) 34081707, 
59) 34101064, 
60) 34287837, 
61) 34292024, 
62) 35931398, 
63) 38632553, 
64) 39918470, 
65) 40557865, 
66) 40811653, 
67) 41279778, 
68) 41468008, 
69) 41852918, 
70) 42864620, 
71) 43201195, 
72) 44690711, 
73) 46093829, 
74) 46152654, 
75) 46330486, 
76) 46866905, 
77) 47013733, 
78) 47051006, 
79) 47485351, 
80) 47695859, 
81) 48083651, 
82) 48269075, 
83) 48627700, 
84) 48816802, 
85) 49166745, 
86) 49255921, 
87) 50721570, 
88) 50911248, 
89) 51024004, 
90) 51049521, 
91) 52204129, 
92) 52262708, 
93) 52276165, 
94) 52327707, 
95) 52579196, 
96) 54989581, 
97) 55307364, 
98) 55333168, 
99) 55446223, 
100) 55624818, 
101) 56757148, 
102) 58827199, 
103) 59202631, 
104) 59548563, 
105) 60316927, 
106) 61057229, 
107) 61222117, 
108) 61761000, 
109) 62172186, 
110) 62505406, 
111) 62689079, 
112) 64167039, 
113) 64736111, 
114) 65716248, 
115) 66069787, 
116) 66198718, 
117) 66526056, 
118) 66559419, 
119) 67010258, 
120) 67047998, 
121) 67379214, 
122) 67548907, 
123) 67657373, 
124) 67737495, 
125) 67844499, 
126) 69925604, 
127) 70286573, 
128) 71345523, 
129) 71353415, 
130) 72435207, 
131) 72681168, 
132) 72791527, 
133) 73204934, 
134) 73330676, 
135) 73343112, 
136) 73529608, 
137) 73765786, 
138) 73881225, 
139) 74644058, 
140) 77178374, 
141) 78874124, 
142) 80289509, 
143) 81020376, 
144) 82257456, 
145) 82776959, 
146) 84007502, 
147) 84825249, 
148) 85241023, 
149) 85457961, 
150) 85978240, 
151) 88234417, 
152) 88322587, 
153) 88460748, 
154) 89732498, 
155) 90160828, 
156) 90273546, 
157) 91840179, 
158) 91885643, 
159) 92093893, 
160) 92174304, 
161) 92614432, 
162) 92802710, 
163) 92934579, 
164) 93176336, 
165) 93474737, 
166) 93662242, 
167) 93800045, 
168) 94007403, 
169) 94903976, 
170) 96237184, 
171) 96322248, 
172) 97039381, 
173) 98506279, 
174) 98576689, 
175) 99013828, 
176) 99555576, 
177) 99896532, 
178) 100549862, 
179) 100589420, 
180) 100674938, 
181) 101064665, 
182) 101575431, 
183) 101921109, 
184) 102290836, 
185) 105181008, 
186) 105941655, 
187) 106623938, 
188) 106696436, 
189) 107302923, 
190) 107592757, 
191) 108383974, 
192) 108397523, 
193) 109492971, 
194) 109886325, 
195) 111751004, 
196) 113355158, 
197) 113454208, 
198) 113681504, 
199) 114264914, 
200) 114436467, 
201) 115350448, 
202) 115568054, 
203) 115676152, 
204) 115887545, 
205) 116023235, 
206) 116271909, 
207) 116990544, 
208) 117315493, 
209) 117452188, 
210) 118039220, 
211) 118581139, 
212) 119381028, 
213) 120654970, 
214) 121761221, 
215) 121812664, 
216) 122093112, 
217) 122104751, 
218) 122669517, 
219) 125139562, 
220) 125279618, 
221) 125586344, 
222) 125758466, 
223) 126089947, 
224) 126227515, 
225) 126944546, 
226) 129112743, 
227) 129342520, 
228) 130417728, 
229) 130920418, 
230) 131434701, 
231) 131596146, 
232) 133243725, 
233) 136579517, 
234) 136605957, 
235) 136844903, 
236) 137070932, 
237) 137456526, 
238) 137623274, 
239) 138823421, 
240) 141618072, 
241) 142129245, 
242) 142440048, 
243) 144188205, 
244) 145917412, 
245) 146928567, 
246) 147241388, 
247) 148295906, 
248) 148389919, 
249) 149331453, 
250) 149343348, 
251) 151576914, 
252) 151643447, 
253) 151771877, 
254) 152650654, 
255) 152728153, 
256) 154161843, 
257) 154307450, 
258) 154367604, 
259) 154593359, 
260) 154913382, 
261) 156264569, 
262) 156895887, 
263) 157311811, 
264) 157630156, 
265) 158060004, 
266) 158061118, 
267) 158258424, 
268) 159811636, 
269) 161604705, 
270) 163073484, 
271) 165012947, 
272) 165456808, 
273) 165649994, 
274) 168123255, 
275) 168259006, 
276) 169493425, 
277) 170135556, 
278) 170625832, 
279) 171310600, 
280) 171635438, 
281) 172171990, 
282) 172713760, 
283) 174103212, 
284) 174220601, 
285) 174436303, 
286) 174596973, 
287) 174789258, 
288) 175224701, 
289) 175885693, 
290) 176766726, 
291) 177180985, 
292) 178072840, 
293) 178242138, 
294) 179163697, 
295) 180326090, 
296) 180654640, 
297) 180799845, 
298) 181322177, 
299) 181783818, 
300) 182722973, 
301) 182774933, 
302) 183055581, 
303) 184267818, 
304) 184426119, 
305) 185202530, 
306) 186437057, 
307) 188832567, 
308) 191963395, 
309) 193610170, 
310) 195955003, 
311) 196250010, 
312) 197983472, 
313) 198343707, 
314) 199249102, 
315) 199281373, 
316) 199814857, 
317) 199934695, 
318) 200525016, 
319) 200798087, 
320) 202155974, 
321) 203184920, 
322) 203642485, 
323) 204092145, 
324) 204206115, 
325) 204698836, 
326) 205368209, 
327) 205832143, 
328) 206041574, 
329) 206345321, 
330) 206627080, 
331) 206833900, 
332) 207284017, 
333) 207284678, 
334) 208029513, 
335) 210421792, 
336) 211095389, 
337) 211411461, 
338) 211423425, 
339) 212582944, 
340) 212917035, 
341) 213712462, 
342) 214381744, 
343) 216131872, 
344) 216385363, 
345) 217514704, 
346) 217536760, 
347) 217779644, 
348) 217857365, 
349) 218757841, 
350) 218767112, 
351) 218848561, 
352) 219488261, 
353) 220044343, 
354) 221766040, 
355) 222899699, 
356) 223690066, 
357) 224273060, 
358) 225261166, 
359) 225362230, 
360) 226627047, 
361) 227816683, 
362) 228669347, 
363) 229117462, 
364) 230126601, 
365) 230424157, 
366) 230503667, 
367) 231020517, 
368) 233272542, 
369) 234564526, 
370) 234927416, 
371) 236559164, 
372) 236612242, 
373) 236766178, 
374) 237151023, 
375) 237450811, 
376) 237657217, 
377) 238657561, 
378) 239701649, 
379) 240917456, 
380) 241301238, 
381) 241801171, 
382) 242299453, 
383) 243086270, 
384) 244491462, 
385) 244577974, 
386) 244708735, 
387) 245387019, 
388) 245632301, 
389) 246001533, 
390) 246377588, 
391) 246462521, 
392) 248997823, 
393) 249503844, 
394) 249905252, 
395) 250091961, 
396) 250812775, 
397) 250815063, 
398) 251731524, 
399) 251819914, 
400) 252001169, 
401) 252341860, 
402) 252728155, 
403) 252949744, 
404) 253079648, 
405) 253555284, 
406) 254000650, 
407) 254566817, 
408) 255942533, 
409) 256059042, 
410) 256966527, 
411) 257322768, 
412) 257782731, 
413) 257999667, 
414) 259266752, 
415) 260360354, 
416) 261113466, 
417) 261234414, 
418) 263007102, 
419) 263229300, 
420) 263956850, 
421) 263964025, 
422) 264257892, 
423) 265133916, 
424) 266148489, 
425) 266540310, 
426) 266891439, 
427) 267819462, 
428) 267963171, 
429) 268144656, 
430) 269118265, 
431) 269248851, 
432) 270081030, 
433) 270952301, 
434) 272032782, 
435) 272303913, 
436) 273211506, 
437) 273505010, 
438) 273548164, 
439) 273585050, 
440) 274025238, 
441) 274119908, 
442) 274847174, 
443) 275829953, 
444) 276447431, 
445) 276598856, 
446) 276897387, 
447) 277316953, 
448) 277320343, 
449) 277598741, 
450) 277607220, 
451) 278767428, 
452) 279304570, 
453) 279381883, 
454) 279542121, 
455) 280173071, 
456) 280176469, 
457) 280355900, 
458) 280651448, 
459) 281766832, 
460) 281869668, 
461) 282922683, 
462) 283038203, 
463) 283090592, 
464) 285199042, 
465) 285254293, 
466) 285512352, 
467) 287180788, 
468) 287304540, 
469) 287696540, 
470) 287853486, 
471) 288768559, 
472) 289195612, 
473) 289249628, 
474) 290052612, 
475) 290600963, 
476) 292018287, 
477) 292866323, 
478) 293202048, 
479) 293415944, 
480) 294566360, 
481) 294894589, 
482) 296187252, 
483) 296393043, 
484) 296543010, 
485) 296642808, 
486) 297142300, 
487) 297408893, 
488) 298148185, 
489) 298320216, 
490) 299421890, 
491) 299594925, 
492) 299630388, 
493) 300174226, 
494) 300491183, 
495) 300589606, 
496) 301766355, 
497) 302422159, 
498) 303579230, 
499) 304051823, 
500) 304746421, 
501) 305052160, 
502) 305216743, 
503) 305474906, 
504) 305848494, 
505) 306338755, 
506) 306357612, 
507) 307217831, 
508) 307669061, 
509) 307803098, 
510) 307903883, 
511) 308000436, 
512) 308145363, 
513) 308342115, 
514) 309199069, 
515) 309332278, 
516) 309976504, 
517) 311505378, 
518) 311942090, 
519) 312602444, 
520) 312679142, 
521) 313024729, 
522) 313794195, 
523) 316211019, 
524) 316668186, 
525) 317461505, 
526) 317870949, 
527) 318175848, 
528) 318228507, 
529) 318343431, 
530) 318639544, 
531) 319200070, 
532) 319355780, 
533) 320108061, 
534) 320148232, 
535) 320307366, 
536) 320829672, 
537) 323347590, 
538) 323580976, 
539) 323938193, 
540) 324198929, 
541) 324966844, 
542) 325351945, 
543) 326937212, 
544) 330044716, 
545) 330638230, 
546) 330923427, 
547) 331061464, 
548) 334041825, 
549) 335761524, 
550) 335901008, 
551) 337053158, 
552) 337080592, 
553) 337162623, 
554) 338802838, 
555) 338806180, 
556) 341136414, 
557) 341922260, 
558) 343216900, 
559) 344430934, 
560) 345239269, 
561) 345622261, 
562) 345653207, 
563) 346018926, 
564) 346266520, 
565) 347600420, 
566) 348540640, 
567) 348541480, 
568) 350038600, 
569) 351659575, 
570) 352510815, 
571) 353592020, 
572) 353932613, 
573) 354303007, 
574) 354805592, 
575) 356235862, 
576) 358138648, 
577) 358155281, 
578) 358820009, 
579) 358950429, 
580) 359388956, 
581) 359839669, 
582) 359959483, 
583) 360750168, 
584) 360885252, 
585) 361182993, 
586) 362461479, 
587) 362739520, 
588) 362799496, 
589) 362846873, 
590) 364267514, 
591) 364671223, 
592) 364774921, 
593) 365756979, 
594) 366978289, 
595) 367490893, 
596) 368784991, 
597) 368829461, 
598) 369749991, 
599) 369977734, 
600) 371825928, 
601) 371993228, 
602) 372572528, 
603) 372750339, 
604) 373116822, 
605) 373215193, 
606) 373374509, 
607) 374643364, 
608) 375170813, 
609) 375576809, 
610) 375970370, 
611) 378136985, 
612) 378662763, 
613) 379406164, 
614) 379783505, 
615) 380618636, 
616) 381796478, 
617) 381878842, 
618) 382415351, 
619) 382989279, 
620) 383013235, 
621) 383424602, 
622) 384095630, 
623) 385239274, 
624) 385353943, 
625) 385510206, 
626) 385650442, 
627) 386279777, 
628) 386910400, 
629) 387463826, 
630) 388034519, 
631) 388417132, 
632) 388448006, 
633) 388463216, 
634) 388921976, 
635) 389839556, 
636) 389875519, 
637) 390401421, 
638) 390407996, 
639) 391136331, 
640) 391848118, 
641) 392071681, 
642) 392282574, 
643) 392434698, 
644) 392659480, 
645) 392694797, 
646) 392936122, 
647) 393386833, 
648) 394322368, 
649) 394725422, 
650) 395570250, 
651) 396849607, 
652) 396928506, 
653) 397027625, 
654) 397060592, 
655) 397319708, 
656) 397807634, 
657) 397940498, 
658) 398429151, 
659) 399838952, 
660) 399897923, 
661) 400758314, 
662) 401089164, 
663) 401407592, 
664) 401707147, 
665) 402214746, 
666) 402293842, 
667) 403061902, 
668) 403870257, 
669) 404888816, 
670) 405487850, 
671) 405749273, 
672) 406269789, 
673) 406677586, 
674) 407647464, 
675) 408827445, 
676) 410755462, 
677) 411877610, 
678) 411953711, 
679) 412073477, 
680) 415421140, 
681) 415537810, 
682) 415719776, 
683) 416890501, 
684) 417340241, 
685) 418295892, 
686) 418689575, 
687) 420996740, 
688) 422873916, 
689) 423084353, 
690) 423327444, 
691) 424074409, 
692) 425514258, 
693) 425546453, 
694) 425627040, 
695) 425713878, 
696) 426212047, 
697) 426394668, 
698) 426991503, 
699) 427746179, 
700) 427757494, 
701) 428457694, 
702) 429546136, 
703) 431139442, 
704) 432057979, 
705) 432119241, 
706) 432276789, 
707) 432590897, 
708) 432830112, 
709) 433416314, 
710) 433640064, 
711) 434179411, 
712) 434255112, 
713) 434394153, 
714) 434487444, 
715) 434650071, 
716) 435520373, 
717) 439179680, 
718) 439549757, 
719) 441065584, 
720) 441205933, 
721) 442182932, 
722) 443185247, 
723) 444108165, 
724) 445035551, 
725) 445241416, 
726) 445356001, 
727) 446962734, 
728) 447078076, 
729) 448033145, 
730) 448363022, 
731) 448946420, 
732) 449684625, 
733) 449801350, 
734) 450143787, 
735) 450699450, 
736) 451187991, 
737) 451196651, 
738) 451480600, 
739) 452015968, 
740) 452274021, 
741) 452803363, 
742) 452828075, 
743) 453550495, 
744) 454236593, 
745) 454816438, 
746) 455570089, 
747) 456154829, 
748) 456601922, 
749) 457073161, 
750) 457465959, 
751) 458039408, 
752) 458511187, 
753) 459089673, 
754) 460204808, 
755) 461319727, 
756) 461416837, 
757) 462013121, 
758) 462832461, 
759) 463187238, 
760) 463885812, 
761) 464598386, 
762) 465549541, 
763) 465879578, 
764) 467039860, 
765) 469318346, 
766) 469923149, 
767) 469999855, 
768) 470853480, 
769) 470916850, 
770) 471606554, 
771) 471694512, 
772) 471791515, 
773) 472784596, 
774) 472952567, 
775) 473386886, 
776) 473760099, 
777) 474013686, 
778) 474093047, 
779) 476094985, 
780) 476628102, 
781) 476873748, 
782) 477304634, 
783) 478130048, 
784) 478427650, 
785) 479426609, 
786) 479739598, 
787) 479965577, 
788) 480712524, 
789) 481079944, 
790) 481452286, 
791) 481456676, 
792) 481669982, 
793) 483736381, 
794) 484017325, 
795) 484172179, 
796) 484311328, 
797) 484354617, 
798) 485114661, 
799) 485526794, 
800) 485587956, 
801) 486763079, 
802) 486994994, 
803) 487443587, 
804) 488583771, 
805) 488802847, 
806) 490055307, 
807) 490157146, 
808) 490967295, 
809) 490992837, 
810) 491025356, 
811) 492712723, 
812) 493076714, 
813) 493638931, 
814) 493797352, 
815) 494938396, 
816) 495570652, 
817) 495958247, 
818) 496125780, 
819) 496273926, 
820) 497705643, 
821) 498737108, 
822) 498813017, 
823) 498985479, 
824) 499771585, 
825) 499829274, 
826) 501979445, 
827) 502014145, 
828) 502452523, 
829) 502630964, 
830) 503447951, 
831) 504276938, 
832) 504304256, 
833) 505529393, 
834) 506420581, 
835) 508492123, 
836) 508700719, 
837) 509628632, 
838) 510299720, 
839) 514256705, 
840) 515451702, 
841) 515552081, 
842) 516121083, 
843) 517351093, 
844) 518052614, 
845) 518256620, 
846) 518778383, 
847) 518806950, 
848) 518853323, 
849) 520010728, 
850) 521025630, 
851) 521250037, 
852) 521734073, 
853) 521796817, 
854) 523119546, 
855) 523241482, 
856) 523359887, 
857) 524499877, 
858) 525930723, 
859) 526005453, 
860) 527749718, 
861) 527942351, 
862) 528444129, 
863) 529294382, 
864) 529876186, 
865) 531735875, 
866) 531952682, 
867) 532266623, 
868) 533199805, 
869) 533385777, 
870) 533462186, 
871) 535651757, 
872) 535884005, 
873) 535973989, 
874) 536319196, 
875) 537270624, 
876) 538904423, 
877) 539241352, 
878) 539420618, 
879) 539484076, 
880) 539515961, 
881) 539540839, 
882) 541244608, 
883) 542004595, 
884) 542092902, 
885) 542162624, 
886) 542388474, 
887) 543524127, 
888) 543642033, 
889) 543687667, 
890) 543965219, 
891) 544397938, 
892) 544580961, 
893) 544667544, 
894) 545054412, 
895) 545320894, 
896) 545381910, 
897) 546307913, 
898) 546526695, 
899) 546625888, 
900) 546986886, 
901) 547022743, 
902) 547740944, 
903) 547859184, 
904) 547903585, 
905) 548152068, 
906) 548311397, 
907) 548606103, 
908) 549103609, 
909) 549929274, 
910) 550789467, 
911) 551050714, 
912) 551160069, 
913) 551747962, 
914) 552884535, 
915) 553337121, 
916) 553724623, 
917) 555695907, 
918) 556007705, 
919) 557592778, 
920) 558014450, 
921) 558137635, 
922) 558470810, 
923) 558625384, 
924) 558990760, 
925) 559286761, 
926) 559352187, 
927) 559368093, 
928) 559546280, 
929) 559861871, 
930) 560497866, 
931) 560650538, 
932) 561711263, 
933) 561988860, 
934) 563043386, 
935) 564165874, 
936) 565582378, 
937) 566056125, 
938) 566473046, 
939) 566501427, 
940) 566585261, 
941) 566807461, 
942) 567143992, 
943) 568730694, 
944) 569008856, 
945) 569088687, 
946) 569172513, 
947) 569626083, 
948) 570543612, 
949) 570586453, 
950) 570793133, 
951) 571283689, 
952) 571555722, 
953) 571997693, 
954) 574017670, 
955) 575240903, 
956) 575746873, 
957) 577531251, 
958) 577926642, 
959) 579715184, 
960) 580050200, 
961) 580134281, 
962) 580278478, 
963) 581136748, 
964) 581515266, 
965) 582795085, 
966) 583680991, 
967) 583915468, 
968) 585782964, 
969) 585799825, 
970) 587143871, 
971) 587918665, 
972) 587970343, 
973) 588590167, 
974) 590085699, 
975) 590181917, 
976) 590552218, 
977) 590660296, 
978) 591941477, 
979) 594627549, 
980) 594658121, 
981) 594938059, 
982) 595207390, 
983) 595357658, 
984) 596285170, 
985) 596813279, 
986) 597242311, 
987) 598049325, 
988) 599858044, 
989) 600062675, 
990) 601651435, 
991) 601853795, 
992) 601996681, 
993) 603050517, 
994) 603733134, 
995) 603939726, 
996) 603981541, 
997) 604023634, 
998) 604347255, 
999) 604684961, 
1000) 605843890, 
1001) 606274346, 
1002) 607014277, 
1003) 607347918, 
1004) 607808115, 
1005) 607958061, 
1006) 608066356, 
1007) 608095904, 
1008) 608558268, 
1009) 609133291, 
1010) 609338543, 
1011) 609479279, 
1012) 609501919, 
1013) 609850076, 
1014) 609906997, 
1015) 610209790, 
1016) 610471424, 
1017) 610472084, 
1018) 610695130, 
1019) 611564553, 
1020) 612604943, 
1021) 612828606, 
1022) 612842126, 
1023) 612925595, 
1024) 613016650, 
1025) 613886533, 
1026) 614437582, 
1027) 614444403, 
1028) 614584908, 
1029) 615401930, 
1030) 616093401, 
1031) 616815207, 
1032) 617039602, 
1033) 617836894, 
1034) 620514517, 
1035) 621203814, 
1036) 621704641, 
1037) 621908544, 
1038) 622514704, 
1039) 622519960, 
1040) 622685935, 
1041) 623604224, 
1042) 624019036, 
1043) 624080548, 
1044) 625415691, 
1045) 625948651, 
1046) 626065696, 
1047) 626314322, 
1048) 626352789, 
1049) 626587460, 
1050) 626776047, 
1051) 627118048, 
1052) 627709331, 
1053) 628761094, 
1054) 629537520, 
1055) 630370683, 
1056) 630842126, 
1057) 632411817, 
1058) 633112180, 
1059) 633759275, 
1060) 633766900, 
1061) 634244504, 
1062) 635523381, 
1063) 636261476, 
1064) 636512178, 
1065) 637521974, 
1066) 637956990, 
1067) 638153919, 
1068) 638980840, 
1069) 639277166, 
1070) 639285698, 
1071) 639524269, 
1072) 640542135, 
1073) 641472638, 
1074) 642772051, 
1075) 642848993, 
1076) 644653692, 
1077) 644856025, 
1078) 645681393, 
1079) 647168040, 
1080) 647288636, 
1081) 648701799, 
1082) 649272875, 
1083) 649712780, 
1084) 650243152, 
1085) 650498630, 
1086) 650645910, 
1087) 651569917, 
1088) 651679766, 
1089) 651735896, 
1090) 651970626, 
1091) 652018555, 
1092) 652795492, 
1093) 652967963, 
1094) 654536738, 
1095) 654708076, 
1096) 655405752, 
1097) 655439912, 
1098) 655597067, 
1099) 656085944, 
1100) 656398289, 
1101) 656456328, 
1102) 656888656, 
1103) 657277155, 
1104) 657628558, 
1105) 659019612, 
1106) 659876055, 
1107) 660961993, 
1108) 661430305, 
1109) 661770541, 
1110) 662496006, 
1111) 662546875, 
1112) 663241867, 
1113) 663306033, 
1114) 663448054, 
1115) 663771017, 
1116) 663876406, 
1117) 663917037, 
1118) 664501602, 
1119) 664937681, 
1120) 665350402, 
1121) 665477041, 
1122) 666024999, 
1123) 666443280, 
1124) 666465582, 
1125) 667727201, 
1126) 667896200, 
1127) 668504780, 
1128) 669664357, 
1129) 669914869, 
1130) 670054373, 
1131) 671910939, 
1132) 672583389, 
1133) 673484697, 
1134) 673687583, 
1135) 673861452, 
1136) 673906272, 
1137) 675069292, 
1138) 675749723, 
1139) 675947451, 
1140) 676134717, 
1141) 678449118, 
1142) 678789254, 
1143) 679947522, 
1144) 681910391, 
1145) 682074866, 
1146) 682265482, 
1147) 682717588, 
1148) 683599710, 
1149) 683856687, 
1150) 684260721, 
1151) 684391051, 
1152) 686878565, 
1153) 687008137, 
1154) 687624970, 
1155) 687855327, 
1156) 688051781, 
1157) 689054971, 
1158) 689488138, 
1159) 690006048, 
1160) 690545223, 
1161) 691528907, 
1162) 691836395, 
1163) 693215103, 
1164) 694502304, 
1165) 695118339, 
1166) 695270518, 
1167) 695633297, 
1168) 695773040, 
1169) 696990748, 
1170) 697310756, 
1171) 697363728, 
1172) 698099784, 
1173) 699075319, 
1174) 700196102, 
1175) 700677261, 
1176) 701057979, 
1177) 701414069, 
1178) 701556501, 
1179) 701791019, 
1180) 702541826, 
1181) 702649994, 
1182) 705589681, 
1183) 705876769, 
1184) 706028573, 
1185) 707230118, 
1186) 707283662, 
1187) 707451228, 
1188) 707744246, 
1189) 708080687, 
1190) 709250027, 
1191) 709747319, 
1192) 710164907, 
1193) 710893838, 
1194) 710974475, 
1195) 711187919, 
1196) 711784825, 
1197) 713230529, 
1198) 714985810, 
1199) 716458182, 
1200) 717359514, 
1201) 717717619, 
1202) 719539467, 
1203) 720194532, 
1204) 720259112, 
1205) 720530704, 
1206) 721999756, 
1207) 723532511, 
1208) 723715887, 
1209) 724186750, 
1210) 724533940, 
1211) 724560077, 
1212) 725869685, 
1213) 726404407, 
1214) 727181917, 
1215) 727972139, 
1216) 728501071, 
1217) 728528680, 
1218) 728623160, 
1219) 730011762, 
1220) 731164338, 
1221) 732762222, 
1222) 733154517, 
1223) 735183077, 
1224) 736062207, 
1225) 736214094, 
1226) 737332414, 
1227) 738051237, 
1228) 738973342, 
1229) 739979071, 
1230) 740178338, 
1231) 740933866, 
1232) 741309538, 
1233) 742113622, 
1234) 742177879, 
1235) 743660679, 
1236) 744170911, 
1237) 748710340, 
1238) 749205860, 
1239) 750131925, 
1240) 750446773, 
1241) 751060367, 
1242) 752069712, 
1243) 752347283, 
1244) 752463504, 
1245) 752711040, 
1246) 752736535, 
1247) 752987956, 
1248) 753342645, 
1249) 753376198, 
1250) 753996945, 
1251) 754545941, 
1252) 754718252, 
1253) 757307296, 
1254) 757355844, 
1255) 758233457, 
1256) 759765885, 
1257) 759957918, 
1258) 760639688, 
1259) 760934816, 
1260) 761296920, 
1261) 761311610, 
1262) 761631977, 
1263) 762621584, 
1264) 762626293, 
1265) 763456930, 
1266) 763551432, 
1267) 764890510, 
1268) 765098449, 
1269) 765563919, 
1270) 765599665, 
1271) 766028740, 
1272) 766180779, 
1273) 766181580, 
1274) 767649525, 
1275) 768023387, 
1276) 769241203, 
1277) 769642225, 
1278) 771194294, 
1279) 771664366, 
1280) 772215281, 
1281) 772928716, 
1282) 773418530, 
1283) 773431106, 
1284) 773986761, 
1285) 774059843, 
1286) 775053630, 
1287) 775579430, 
1288) 775593955, 
1289) 777205462, 
1290) 777261327, 
1291) 778697132, 
1292) 780676723, 
1293) 780704099, 
1294) 781969304, 
1295) 782956878, 
1296) 783051833, 
1297) 784231685, 
1298) 785160066, 
1299) 785181128, 
1300) 785246031, 
1301) 786165321, 
1302) 786569748, 
1303) 786705459, 
1304) 786892924, 
1305) 787264435, 
1306) 787479990, 
1307) 787485758, 
1308) 787874858, 
1309) 788896602, 
1310) 789395970, 
1311) 789567397, 
1312) 790255712, 
1313) 790577092, 
1314) 791908502, 
1315) 792924427, 
1316) 793385038, 
1317) 793436205, 
1318) 793759596, 
1319) 793960963, 
1320) 794055004, 
1321) 794093483, 
1322) 794255183, 
1323) 794877207, 
1324) 796245912, 
1325) 796373352, 
1326) 796983756, 
1327) 797334544, 
1328) 797948935, 
1329) 798478080, 
1330) 798555686, 
1331) 799077848, 
1332) 799236751, 
1333) 799518440, 
1334) 800116939, 
1335) 801205960, 
1336) 801297723, 
1337) 802326534, 
1338) 804045735, 
1339) 804184496, 
1340) 805327094, 
1341) 806183699, 
1342) 806227507, 
1343) 806748115, 
1344) 806993587, 
1345) 807204898, 
1346) 807505224, 
1347) 807750670, 
1348) 808245616, 
1349) 809067374, 
1350) 809179951, 
1351) 809303516, 
1352) 809427469, 
1353) 809602520, 
1354) 810140145, 
1355) 810234955, 
1356) 810914106, 
1357) 810957846, 
1358) 811442627, 
1359) 812608244, 
1360) 812651738, 
1361) 812993640, 
1362) 813557744, 
1363) 813739245, 
1364) 813840706, 
1365) 813935691, 
1366) 814605371, 
1367) 815311874, 
1368) 815673274, 
1369) 817769658, 
1370) 818610998, 
1371) 819879750, 
1372) 820172315, 
1373) 820590169, 
1374) 822810828, 
1375) 823432413, 
1376) 823481763, 
1377) 824016221, 
1378) 824733026, 
1379) 824977458, 
1380) 825165796, 
1381) 827187613, 
1382) 827963469, 
1383) 828574497, 
1384) 828960613, 
1385) 830358748, 
1386) 830548288, 
1387) 831713965, 
1388) 833781179, 
1389) 835056939, 
1390) 836270691, 
1391) 836898665, 
1392) 837383384, 
1393) 839441645, 
1394) 840334118, 
1395) 841372510, 
1396) 841902692, 
1397) 842519204, 
1398) 842809346, 
1399) 843705175, 
1400) 844915131, 
1401) 845202513, 
1402) 845218453, 
1403) 845276220, 
1404) 845277684, 
1405) 845626848, 
1406) 846295474, 
1407) 846963392, 
1408) 847092942, 
1409) 847758282, 
1410) 853676421, 
1411) 853751999, 
1412) 854558465, 
1413) 855124899, 
1414) 855139229, 
1415) 855535864, 
1416) 855580404, 
1417) 856123509, 
1418) 857835881, 
1419) 858244792, 
1420) 858931267, 
1421) 859300679, 
1422) 859526352, 
1423) 860745012, 
1424) 861616386, 
1425) 861969377, 
1426) 862947645, 
1427) 862951671, 
1428) 863998860, 
1429) 864156711, 
1430) 864173660, 
1431) 864908784, 
1432) 864974207, 
1433) 865225907, 
1434) 865237715, 
1435) 866079430, 
1436) 867044608, 
1437) 870476872, 
1438) 872776163, 
1439) 873058368, 
1440) 874403438, 
1441) 876749037, 
1442) 877034413, 
1443) 877044443, 
1444) 877289491, 
1445) 878416894, 
1446) 878923471, 
1447) 879459060, 
1448) 879531469, 
1449) 879699785, 
1450) 881045770, 
1451) 881800212, 
1452) 882080079, 
1453) 882911009, 
1454) 883004545, 
1455) 884158012, 
1456) 886178838, 
1457) 886263332, 
1458) 886889386, 
1459) 886994075, 
1460) 887165041, 
1461) 887173811, 
1462) 887623982, 
1463) 888062782, 
1464) 889470476, 
1465) 890448050, 
1466) 890473034, 
1467) 891178192, 
1468) 892144197, 
1469) 892164920, 
1470) 892196307, 
1471) 892285184, 
1472) 892349204, 
1473) 892380300, 
1474) 892545094, 
1475) 892565681, 
1476) 892866827, 
1477) 892892315, 
1478) 893198604, 
1479) 894340241, 
1480) 895746753, 
1481) 895856144, 
1482) 896768269, 
1483) 896943141, 
1484) 897147368, 
1485) 897201955, 
1486) 897377497, 
1487) 897388975, 
1488) 897665180, 
1489) 898314799, 
1490) 898342363, 
1491) 898649643, 
1492) 898875448, 
1493) 900066837, 
1494) 900405564, 
1495) 900906728, 
1496) 901568015, 
1497) 902590775, 
1498) 902984211, 
1499) 903381909, 
1500) 903445265, 
1501) 903493628, 
1502) 903764742, 
1503) 904696940, 
1504) 905119828, 
1505) 906461377, 
1506) 907755142, 
1507) 910600900, 
1508) 911122055, 
1509) 911187024, 
1510) 911751351, 
1511) 912304219, 
1512) 912868703, 
1513) 913196872, 
1514) 913214257, 
1515) 913901240, 
1516) 914919258, 
1517) 915669363, 
1518) 916296587, 
1519) 916458985, 
1520) 918217371, 
1521) 919345002, 
1522) 919562598, 
1523) 920586311, 
1524) 921373009, 
1525) 921525476, 
1526) 921604771, 
1527) 921845845, 
1528) 922715351, 
1529) 923415431, 
1530) 923499453, 
1531) 923668255, 
1532) 924633059, 
1533) 925567841, 
1534) 925812578, 
1535) 926014750, 
1536) 926855760, 
1537) 927320121, 
1538) 928967784, 
1539) 930124714, 
1540) 930175117, 
1541) 930910636, 
1542) 931871680, 
1543) 932467962, 
1544) 932986363, 
1545) 933130978, 
1546) 935199480, 
1547) 935511395, 
1548) 935730983, 
1549) 935808599, 
1550) 936107465, 
1551) 936822106, 
1552) 939275667, 
1553) 940422200, 
1554) 942688067, 
1555) 942848676, 
1556) 944474511, 
1557) 944686883, 
1558) 945131543, 
1559) 945712525, 
1560) 946146958, 
1561) 946946285, 
1562) 947825951, 
1563) 948474588, 
1564) 948908290, 
1565) 949230688, 
1566) 949857057, 
1567) 950140593, 
1568) 950654594, 
1569) 950794139, 
1570) 950889654, 
1571) 951608199, 
1572) 952478647, 
1573) 952596253, 
1574) 952949607, 
1575) 953289974, 
1576) 953655738, 
1577) 954098030, 
1578) 954310141, 
1579) 954516580, 
1580) 954671399, 
1581) 956670631, 
1582) 956685040, 
1583) 957126310, 
1584) 957901956, 
1585) 958388597, 
1586) 959144653, 
1587) 959217561, 
1588) 961931336, 
1589) 962469675, 
1590) 962862145, 
1591) 963536319, 
1592) 964080515, 
1593) 964697075, 
1594) 965461281, 
1595) 966415614, 
1596) 966595987, 
1597) 966831217, 
1598) 967381601, 
1599) 967864453, 
1600) 969655218, 
1601) 972293863, 
1602) 972695355, 
1603) 973493349, 
1604) 974726321, 
1605) 974742208, 
1606) 975293237, 
1607) 976123635, 
1608) 976520991, 
1609) 977429149, 
1610) 977697619, 
1611) 978126441, 
1612) 978265255, 
1613) 978637393, 
1614) 979379765, 
1615) 979800574, 
1616) 979852862, 
1617) 980635325, 
1618) 981332831, 
1619) 981473430, 
1620) 981856337, 
1621) 982364995, 
1622) 983889199, 
1623) 984423282, 
1624) 984798019, 
1625) 986990671, 
1626) 987041870, 
1627) 987720952, 
1628) 988021956, 
1629) 988120713, 
1630) 989526933, 
1631) 989659342, 
1632) 989907614, 
1633) 990024949, 
1634) 990285616, 
1635) 990435917, 
1636) 990459736, 
1637) 990993289, 
1638) 991320962, 
1639) 993372151, 
1640) 994076571, 
1641) 994647694, 
1642) 995408126, 
1643) 996116386, 
1644) 997210453, 
1645) 997858839, 
1646) 998037572, 
1647) 998198125, 
1648) 998379546, 
1649) 1000081646, 
1650) 1000778381, 
1651) 1001452262, 
1652) 1003094565, 
1653) 1003132197, 
1654) 1003207173, 
1655) 1003294904, 
1656) 1003571413, 
1657) 1003633990, 
1658) 1003902790, 
1659) 1004022424, 
1660) 1004464393, 
1661) 1004598303, 
1662) 1004783044, 
1663) 1004929241, 
1664) 1005136864, 
1665) 1006601234, 
1666) 1006883398, 
1667) 1006984687, 
1668) 1007767418, 
1669) 1008635232, 
1670) 1008654148, 
1671) 1009307896, 
1672) 1011322966, 
1673) 1011350357, 
1674) 1012375694, 
1675) 1012896660, 
1676) 1014526853, 
1677) 1015379038, 
1678) 1015883933, 
1679) 1015927390, 
1680) 1016980815, 
1681) 1017583528, 
1682) 1018438451, 
1683) 1019491538, 
1684) 1019662547, 
1685) 1019749248, 
1686) 1021195047, 
1687) 1021617591, 
1688) 1021909963, 
1689) 1021936885, 
1690) 1022431863, 
1691) 1023258569, 
1692) 1026303949, 
1693) 1026437861, 
1694) 1027005883, 
1695) 1027023957, 
1696) 1027270039, 
1697) 1027492487, 
1698) 1027677619, 
1699) 1027776106, 
1700) 1028715548, 
1701) 1029153663, 
1702) 1029870314, 
1703) 1029969582, 
1704) 1030449718, 
1705) 1030993575, 
1706) 1031213414, 
1707) 1032980565, 
1708) 1034220172, 
1709) 1035239149, 
1710) 1036539586, 
1711) 1036618799, 
1712) 1036691843, 
1713) 1038181043, 
1714) 1038348662, 
1715) 1038591441, 
1716) 1039002275, 
1717) 1039628066, 
1718) 1040200069, 
1719) 1040227707, 
1720) 1041879361, 
1721) 1042075911, 
1722) 1042234605, 
1723) 1042482733, 
1724) 1042528776, 
1725) 1042989236, 
1726) 1043287673, 
1727) 1043754184, 
1728) 1044598994, 
1729) 1044921346, 
1730) 1045784894, 
1731) 1046384684, 
1732) 1046449301, 
1733) 1046649501, 
1734) 1047042120, 
1735) 1047821814, 
1736) 1048060410, 
1737) 1048085442, 
1738) 1048674738, 
1739) 1049418410, 
1740) 1049562109, 
1741) 1050264841, 
1742) 1053130548, 
1743) 1054502475, 
1744) 1054596224, 
1745) 1055217994, 
1746) 1055313550, 
1747) 1056466535, 
1748) 1056607339, 
1749) 1056776306, 
1750) 1057336855, 
1751) 1057757536, 
1752) 1058040920, 
1753) 1058586139, 
1754) 1058591889, 
1755) 1058946575, 
1756) 1059799942, 
1757) 1060528311, 
1758) 1061205749, 
1759) 1061816005, 
1760) 1062716993, 
1761) 1064578747, 
1762) 1064831770, 
1763) 1065463348, 
1764) 1065513665, 
1765) 1065945228, 
1766) 1067037322, 
1767) 1067733611, 
1768) 1069157480, 
1769) 1071206024, 
1770) 1071557791, 
1771) 1071757799, 
1772) 1072874204, 
1773) 1073429941, 
1774) 1074647231, 
1775) 1074659067, 
1776) 1076343333, 
1777) 1076994371, 
1778) 1077534236, 
1779) 1077706424, 
1780) 1079487764, 
1781) 1079514179, 
1782) 1079793205, 
1783) 1079882280, 
1784) 1080823117, 
1785) 1080981654, 
1786) 1081037157, 
1787) 1082105672, 
1788) 1082746264, 
1789) 1082781445, 
1790) 1084256435, 
1791) 1085509508, 
1792) 1086611558, 
1793) 1086953939, 
1794) 1087416911, 
1795) 1088917926, 
1796) 1089068386, 
1797) 1090151098, 
1798) 1090501502, 
1799) 1091806055, 
1800) 1093761977, 
1801) 1094123534, 
1802) 1097146585, 
1803) 1097480772, 
1804) 1097541100, 
1805) 1098397521, 
1806) 1098871634, 
1807) 1099616879, 
1808) 1099688800, 
1809) 1099767547, 
1810) 1100249328, 
1811) 1100263751, 
1812) 1100363636, 
1813) 1102391748, 
1814) 1103223438, 
1815) 1103548884, 
1816) 1103970283, 
1817) 1105516238, 
1818) 1105705855, 
1819) 1105949248, 
1820) 1106862353, 
1821) 1107037313, 
1822) 1107410992, 
1823) 1107932488, 
1824) 1108127423, 
1825) 1108179682, 
1826) 1108361343, 
1827) 1108814113, 
1828) 1108818922, 
1829) 1108949612, 
1830) 1109127240, 
1831) 1111463368, 
1832) 1112871559, 
1833) 1112977416, 
1834) 1113668868, 
1835) 1113675635, 
1836) 1114770445, 
1837) 1115005742, 
1838) 1116860691, 
1839) 1117698113, 
1840) 1118995205, 
1841) 1118997361, 
1842) 1119090971, 
1843) 1119167705, 
1844) 1119476386, 
1845) 1121405946, 
1846) 1122027540, 
1847) 1123934585, 
1848) 1124421282, 
1849) 1124621699, 
1850) 1124996799, 
1851) 1125035501, 
1852) 1125897332, 
1853) 1127490505, 
1854) 1127652393, 
1855) 1128187905, 
1856) 1128756517, 
1857) 1130655899, 
1858) 1132848973, 
1859) 1133801124, 
1860) 1134987022, 
1861) 1135752593, 
1862) 1136232909, 
1863) 1136385000, 
1864) 1138310255, 
1865) 1138653890, 
1866) 1139346245, 
1867) 1139648874, 
1868) 1140380868, 
1869) 1140404162, 
1870) 1140758481, 
1871) 1142548611, 
1872) 1142549261, 
1873) 1142989158, 
1874) 1142996409, 
1875) 1143896929, 
1876) 1144323067, 
1877) 1144584763, 
1878) 1144699230, 
1879) 1144733910, 
1880) 1145795784, 
1881) 1146610414, 
1882) 1146749454, 
1883) 1148697440, 
1884) 1149309788, 
1885) 1149323176, 
1886) 1149419730, 
1887) 1150857338, 
1888) 1152708006, 
1889) 1154761171, 
1890) 1155025370, 
1891) 1155852886, 
1892) 1156654891, 
1893) 1157597706, 
1894) 1157646063, 
1895) 1158029330, 
1896) 1158312710, 
1897) 1158523257, 
1898) 1160570266, 
1899) 1161691636, 
1900) 1163389201, 
1901) 1163440528, 
1902) 1164882886, 
1903) 1165092685, 
1904) 1165735827, 
1905) 1167213670, 
1906) 1168054937, 
1907) 1168060492, 
1908) 1168642656, 
1909) 1170298584, 
1910) 1170304188, 
1911) 1170882036, 
1912) 1171306388, 
1913) 1175007916, 
1914) 1177640911, 
1915) 1178131588, 
1916) 1179184852, 
1917) 1179335900, 
1918) 1180368597, 
1919) 1180376577, 
1920) 1180670526, 
1921) 1180873038, 
1922) 1181188142, 
1923) 1181958551, 
1924) 1182754840, 
1925) 1182868972, 
1926) 1182999857, 
1927) 1183552441, 
1928) 1183990974, 
1929) 1185695826, 
1930) 1186620370, 
1931) 1186780497, 
1932) 1187075796, 
1933) 1187570602, 
1934) 1188025179, 
1935) 1188610286, 
1936) 1190568603, 
1937) 1190902468, 
1938) 1190994781, 
1939) 1191353385, 
1940) 1191707318, 
1941) 1192115811, 
1942) 1192749215, 
1943) 1192801612, 
1944) 1192910899, 
1945) 1195293191, 
1946) 1195424888, 
1947) 1195768505, 
1948) 1196003757, 
1949) 1196815932, 
1950) 1197364697, 
1951) 1198153894, 
1952) 1198403982, 
1953) 1199070659, 
1954) 1199226771, 
1955) 1199291912, 
1956) 1199330567, 
1957) 1200276830, 
1958) 1200407112, 
1959) 1200996677, 
1960) 1201518939, 
1961) 1201880753, 
1962) 1202147086, 
1963) 1203370387, 
1964) 1203897860, 
1965) 1204221672, 
1966) 1204625547, 
1967) 1205457882, 
1968) 1206068623, 
1969) 1207537515, 
1970) 1207623489, 
1971) 1208401674, 
1972) 1208800002, 
1973) 1209834624, 
1974) 1210362773, 
1975) 1210481134, 
1976) 1211884886, 
1977) 1212073524, 
1978) 1212095995, 
1979) 1212230432, 
1980) 1212500194, 
1981) 1212629868, 
1982) 1212662282, 
1983) 1212751084, 
1984) 1214142803, 
1985) 1214301264, 
1986) 1214766505, 
1987) 1214898016, 
1988) 1215905456, 
1989) 1216612808, 
1990) 1216989518, 
1991) 1217187217, 
1992) 1217237861, 
1993) 1217329497, 
1994) 1217443487, 
1995) 1217780361, 
1996) 1218211395, 
1997) 1218314794, 
1998) 1218360624, 
1999) 1219849211, 
2000) 1219856703, 
2001) 1220556265, 
2002) 1221155284, 
2003) 1221399226, 
2004) 1222036271, 
2005) 1222873832, 
2006) 1223059537, 
2007) 1223423977, 
2008) 1223522654, 
2009) 1223591212, 
2010) 1223908561, 
2011) 1223945302, 
2012) 1224843705, 
2013) 1225077037, 
2014) 1226458821, 
2015) 1226487592, 
2016) 1226584162, 
2017) 1227020281, 
2018) 1227630688, 
2019) 1228033348, 
2020) 1228455637, 
2021) 1229371411, 
2022) 1229546705, 
2023) 1231196055, 
2024) 1231744344, 
2025) 1232631294, 
2026) 1232882911, 
2027) 1233224279, 
2028) 1233351007, 
2029) 1233364908, 
2030) 1233957717, 
2031) 1234512139, 
2032) 1234926178, 
2033) 1235512856, 
2034) 1236874929, 
2035) 1237345566, 
2036) 1237663172, 
2037) 1237820506, 
2038) 1238293881, 
2039) 1238311561, 
2040) 1238997203, 
2041) 1240037337, 
2042) 1240161973, 
2043) 1240289266, 
2044) 1240370253, 
2045) 1240571106, 
2046) 1241243831, 
2047) 1241354717, 
2048) 1241784995, 
2049) 1241816734, 
2050) 1243746394, 
2051) 1243960819, 
2052) 1245561605, 
2053) 1245715830, 
2054) 1245762238, 
2055) 1245860730, 
2056) 1245954074, 
2057) 1246425557, 
2058) 1247073373, 
2059) 1247784157, 
2060) 1247960093, 
2061) 1248501162, 
2062) 1248621110, 
2063) 1248674809, 
2064) 1249503279, 
2065) 1250755245, 
2066) 1251645285, 
2067) 1251759435, 
2068) 1251967208, 
2069) 1252380800, 
2070) 1253070488, 
2071) 1253378801, 
2072) 1253632653, 
2073) 1255445814, 
2074) 1255463768, 
2075) 1255535969, 
2076) 1255666295, 
2077) 1257929530, 
2078) 1258131746, 
2079) 1259034202, 
2080) 1259166212, 
2081) 1260168663, 
2082) 1261372847, 
2083) 1261645700, 
2084) 1261749416, 
2085) 1262093094, 
2086) 1262187699, 
2087) 1262761891, 
2088) 1263347707, 
2089) 1263538399, 
2090) 1264114283, 
2091) 1265085699, 
2092) 1265308956, 
2093) 1266400363, 
2094) 1266611570, 
2095) 1267280750, 
2096) 1268009731, 
2097) 1269240609, 
2098) 1270119504, 
2099) 1270591751, 
2100) 1273101361, 
2101) 1273323955, 
2102) 1273638972, 
2103) 1273755653, 
2104) 1274962618, 
2105) 1275190809, 
2106) 1276389959, 
2107) 1276716686, 
2108) 1278776493, 
2109) 1279766426, 
2110) 1280099048, 
2111) 1280188659, 
2112) 1280775151, 
2113) 1281016827, 
2114) 1281205678, 
2115) 1282254932, 
2116) 1283073706, 
2117) 1283561016, 
2118) 1283965311, 
2119) 1284156995, 
2120) 1286294169, 
2121) 1286687473, 
2122) 1286727154, 
2123) 1286954031, 
2124) 1287775589, 
2125) 1288231336, 
2126) 1288516978, 
2127) 1289146836, 
2128) 1289530564, 
2129) 1290382427, 
2130) 1290910951, 
2131) 1292025058, 
2132) 1292274788, 
2133) 1294411821, 
2134) 1294442269, 
2135) 1294851799, 
2136) 1295146918, 
2137) 1295185047, 
2138) 1295929185, 
2139) 1296231298, 
2140) 1296262645, 
2141) 1296575780, 
2142) 1297287518, 
2143) 1298781388, 
2144) 1299212562, 
2145) 1299751657, 
2146) 1299939972, 
2147) 1300249276, 
2148) 1300525831, 
2149) 1300665918, 
2150) 1302192727, 
2151) 1302371661, 
2152) 1303143822, 
2153) 1304156849, 
2154) 1304259890, 
2155) 1305247301, 
2156) 1305259441, 
2157) 1305387225, 
2158) 1306285232, 
2159) 1306561528, 
2160) 1307511025, 
2161) 1307758165, 
2162) 1307839549, 
2163) 1308162817, 
2164) 1308377083, 
2165) 1309230536, 
2166) 1309291392, 
2167) 1309355424, 
2168) 1309549537, 
2169) 1309648921, 
2170) 1310367588, 
2171) 1310370445, 
2172) 1310632812, 
2173) 1311557577, 
2174) 1313596212, 
2175) 1315598147, 
2176) 1315690764, 
2177) 1316343678, 
2178) 1316525266, 
2179) 1317732167, 
2180) 1317796021, 
2181) 1317837211, 
2182) 1317852448, 
2183) 1318181102, 
2184) 1318371615, 
2185) 1319050511, 
2186) 1319948744, 
2187) 1320695193, 
2188) 1321117547, 
2189) 1321229218, 
2190) 1324340518, 
2191) 1324992501, 
2192) 1325581027, 
2193) 1326311038, 
2194) 1328331388, 
2195) 1328798127, 
2196) 1329490051, 
2197) 1330184262, 
2198) 1330548807, 
2199) 1331876242, 
2200) 1332037079, 
2201) 1332375044, 
2202) 1334211185, 
2203) 1334594952, 
2204) 1336038959, 
2205) 1336067545, 
2206) 1336338290, 
2207) 1336651267, 
2208) 1338478562, 
2209) 1338919126, 
2210) 1339038546, 
2211) 1340703952, 
2212) 1340950350, 
2213) 1341252593, 
2214) 1342567182, 
2215) 1342742873, 
2216) 1343664996, 
2217) 1343681466, 
2218) 1344665321, 
2219) 1344797110, 
2220) 1344830551, 
2221) 1345171661, 
2222) 1346692572, 
2223) 1347710972, 
2224) 1347747367, 
2225) 1348308683, 
2226) 1348380347, 
2227) 1348621484, 
2228) 1348875463, 
2229) 1349806057, 
2230) 1350509364, 
2231) 1350620555, 
2232) 1350712692, 
2233) 1351800365, 
2234) 1352129787, 
2235) 1352770848, 
2236) 1352898534, 
2237) 1353143256, 
2238) 1353194019, 
2239) 1357963766, 
2240) 1358375598, 
2241) 1360270846, 
2242) 1360294733, 
2243) 1360317524, 
2244) 1360323945, 
2245) 1360775413, 
2246) 1361546370, 
2247) 1362261560, 
2248) 1362308167, 
2249) 1363483416, 
2250) 1363539811, 
2251) 1364109032, 
2252) 1365511959, 
2253) 1365866137, 
2254) 1366179632, 
2255) 1366431453, 
2256) 1367169109, 
2257) 1367206826, 
2258) 1367290287, 
2259) 1367364169, 
2260) 1368115978, 
2261) 1368577040, 
2262) 1369929634, 
2263) 1370833880, 
2264) 1371155286, 
2265) 1371466952, 
2266) 1372374659, 
2267) 1373299363, 
2268) 1375442938, 
2269) 1376099720, 
2270) 1376159338, 
2271) 1376731972, 
2272) 1376874369, 
2273) 1377462409, 
2274) 1377474102, 
2275) 1377655107, 
2276) 1377702556, 
2277) 1378093575, 
2278) 1379270196, 
2279) 1380221151, 
2280) 1380663542, 
2281) 1382336344, 
2282) 1383158318, 
2283) 1383726082, 
2284) 1384252894, 
2285) 1385006803, 
2286) 1385050291, 
2287) 1385722104, 
2288) 1387595463, 
2289) 1387782475, 
2290) 1388764130, 
2291) 1388976692, 
2292) 1389582438, 
2293) 1389595239, 
2294) 1390184926, 
2295) 1390431847, 
2296) 1390453183, 
2297) 1390753490, 
2298) 1391972551, 
2299) 1392274403, 
2300) 1392512221, 
2301) 1393015881, 
2302) 1393125436, 
2303) 1393753150, 
2304) 1397686820, 
2305) 1397751962, 
2306) 1397937531, 
2307) 1398175482, 
2308) 1398329510, 
2309) 1398673250, 
2310) 1399381088, 
2311) 1400316970, 
2312) 1402028026, 
2313) 1402068062, 
2314) 1402196502, 
2315) 1402799771, 
2316) 1404170564, 
2317) 1404675088, 
2318) 1404727440, 
2319) 1405280093, 
2320) 1405606030, 
2321) 1406426589, 
2322) 1406707895, 
2323) 1406994126, 
2324) 1407803900, 
2325) 1407901363, 
2326) 1408020118, 
2327) 1408168703, 
2328) 1408890202, 
2329) 1409545612, 
2330) 1410445098, 
2331) 1412086388, 
2332) 1412133821, 
2333) 1412147426, 
2334) 1412654058, 
2335) 1412922561, 
2336) 1413122042, 
2337) 1413613505, 
2338) 1414188367, 
2339) 1414734460, 
2340) 1416703106, 
2341) 1417119265, 
2342) 1419904181, 
2343) 1421526308, 
2344) 1422019396, 
2345) 1422960143, 
2346) 1423702245, 
2347) 1425719369, 
2348) 1426354664, 
2349) 1426376095, 
2350) 1426381085, 
2351) 1426966160, 
2352) 1426995896, 
2353) 1427628723, 
2354) 1429928135, 
2355) 1430232003, 
2356) 1430259719, 
2357) 1430415599, 
2358) 1430537291, 
2359) 1430910461, 
2360) 1432876158, 
2361) 1432887753, 
2362) 1433145337, 
2363) 1433324890, 
2364) 1433887430, 
2365) 1434179488, 
2366) 1438211205, 
2367) 1439419504, 
2368) 1439928125, 
2369) 1440290014, 
2370) 1440333038, 
2371) 1441184702, 
2372) 1441494574, 
2373) 1441528148, 
2374) 1442557553, 
2375) 1443545393, 
2376) 1443751946, 
2377) 1446575335, 
2378) 1446575863, 
2379) 1447615276, 
2380) 1448011514, 
2381) 1448259317, 
2382) 1448400854, 
2383) 1448551812, 
2384) 1450930295, 
2385) 1451186410, 
2386) 1452764237, 
2387) 1455275834, 
2388) 1455399945, 
2389) 1455555832, 
2390) 1455829030, 
2391) 1457118960, 
2392) 1457514517, 
2393) 1458023895, 
2394) 1458310359, 
2395) 1459427447, 
2396) 1460182748, 
2397) 1460239483, 
2398) 1460491322, 
2399) 1460529237, 
2400) 1460632610, 
2401) 1461579994, 
2402) 1461629967, 
2403) 1462370819, 
2404) 1462804236, 
2405) 1463222668, 
2406) 1463715299, 
2407) 1463813982, 
2408) 1464334933, 
2409) 1464480126, 
2410) 1465152581, 
2411) 1466073631, 
2412) 1466334554, 
2413) 1466429217, 
2414) 1467157543, 
2415) 1467276793, 
2416) 1467632493, 
2417) 1468134721, 
2418) 1468645463, 
2419) 1468660547, 
2420) 1469143808, 
2421) 1469470173, 
2422) 1470077442, 
2423) 1470096800, 
2424) 1470651996, 
2425) 1470828609, 
2426) 1472524571, 
2427) 1472933301, 
2428) 1473698304, 
2429) 1474209505, 
2430) 1474238878, 
2431) 1475857122, 
2432) 1477590574, 
2433) 1477683824, 
2434) 1477696861, 
2435) 1478345733, 
2436) 1479079944, 
2437) 1479599528, 
2438) 1480858988, 
2439) 1482156946, 
2440) 1483394276, 
2441) 1483878826, 
2442) 1484952706, 
2443) 1484989896, 
2444) 1485205375, 
2445) 1485395484, 
2446) 1485480228, 
2447) 1486627811, 
2448) 1487551862, 
2449) 1487926932, 
2450) 1488098572, 
2451) 1488449131, 
2452) 1490674909, 
2453) 1490821457, 
2454) 1490841095, 
2455) 1491084872, 
2456) 1491403940, 
2457) 1492052940, 
2458) 1492166614, 
2459) 1492530430, 
2460) 1493328047, 
2461) 1493835240, 
2462) 1493864816, 
2463) 1493960041, 
2464) 1494297814, 
2465) 1494387111, 
2466) 1495395179, 
2467) 1495637637, 
2468) 1495829897, 
2469) 1495895363, 
2470) 1495912059, 
2471) 1496694072, 
2472) 1497430097, 
2473) 1497486370, 
2474) 1497555396, 
2475) 1497588968, 
2476) 1497679507, 
2477) 1499560280, 
2478) 1500998399, 
2479) 1501397508, 
2480) 1501909226, 
2481) 1502887251, 
2482) 1503215251, 
2483) 1505641986, 
2484) 1506004743, 
2485) 1506100829, 
2486) 1506175726, 
2487) 1507011199, 
2488) 1507562229, 
2489) 1508280917, 
2490) 1508340138, 
2491) 1509865597, 
2492) 1510214052, 
2493) 1511381074, 
2494) 1511748298, 
2495) 1511836764, 
2496) 1512531738, 
2497) 1512665833, 
2498) 1513599551, 
2499) 1514077566, 
2500) 1514420462, 
2501) 1519254586, 
2502) 1519958584, 
2503) 1520799749, 
2504) 1521164880, 
2505) 1521525204, 
2506) 1522198854, 
2507) 1522688765, 
2508) 1522813936, 
2509) 1523569194, 
2510) 1524176020, 
2511) 1524603670, 
2512) 1524611300, 
2513) 1524859369, 
2514) 1524979682, 
2515) 1525579388, 
2516) 1527009257, 
2517) 1527206609, 
2518) 1527266441, 
2519) 1527514051, 
2520) 1529142250, 
2521) 1530134042, 
2522) 1530691217, 
2523) 1531337636, 
2524) 1531522202, 
2525) 1532862735, 
2526) 1534812970, 
2527) 1535952337, 
2528) 1536301653, 
2529) 1536849901, 
2530) 1539520313, 
2531) 1539549698, 
2532) 1540193676, 
2533) 1541785686, 
2534) 1542566923, 
2535) 1542616684, 
2536) 1543167127, 
2537) 1543585760, 
2538) 1544299821, 
2539) 1544817307, 
2540) 1544977129, 
2541) 1545071374, 
2542) 1545097405, 
2543) 1545717651, 
2544) 1546422130, 
2545) 1546936404, 
2546) 1546947211, 
2547) 1547184476, 
2548) 1547589283, 
2549) 1547980418, 
2550) 1548143929, 
2551) 1548215519, 
2552) 1548490189, 
2553) 1548781252, 
2554) 1549880348, 
2555) 1549916419, 
2556) 1549996957, 
2557) 1550394071, 
2558) 1550462648, 
2559) 1550630261, 
2560) 1551056523, 
2561) 1551491248, 
2562) 1551714833, 
2563) 1551834049, 
2564) 1551871091, 
2565) 1552205860, 
2566) 1552932948, 
2567) 1552946433, 
2568) 1554047352, 
2569) 1555806309, 
2570) 1557051484, 
2571) 1557785890, 
2572) 1558988988, 
2573) 1559499862, 
2574) 1559576065, 
2575) 1560493624, 
2576) 1560545629, 
2577) 1560774346, 
2578) 1560819839, 
2579) 1561239434, 
2580) 1561999610, 
2581) 1562024417, 
2582) 1562598923, 
2583) 1563427065, 
2584) 1564253411, 
2585) 1564375935, 
2586) 1564921185, 
2587) 1565113350, 
2588) 1566041126, 
2589) 1566542346, 
2590) 1566923907, 
2591) 1567463623, 
2592) 1568591548, 
2593) 1569134076, 
2594) 1569602881, 
2595) 1570011138, 
2596) 1570098068, 
2597) 1570267360, 
2598) 1570627071, 
2599) 1571379815, 
2600) 1571820768, 
2601) 1572741895, 
2602) 1574411970, 
2603) 1574749580, 
2604) 1574894588, 
2605) 1576800660, 
2606) 1577516579, 
2607) 1578718536, 
2608) 1578932323, 
2609) 1579190671, 
2610) 1579208771, 
2611) 1581902506, 
2612) 1582511599, 
2613) 1582864634, 
2614) 1583368182, 
2615) 1584543565, 
2616) 1584658345, 
2617) 1585172115, 
2618) 1586999451, 
2619) 1587480269, 
2620) 1587624460, 
2621) 1587917652, 
2622) 1588402545, 
2623) 1589112069, 
2624) 1589842650, 
2625) 1589887041, 
2626) 1590138182, 
2627) 1592193525, 
2628) 1592464741, 
2629) 1592600374, 
2630) 1592933845, 
2631) 1593072583, 
2632) 1593231725, 
2633) 1595249601, 
2634) 1595346072, 
2635) 1595674444, 
2636) 1596522325, 
2637) 1597012478, 
2638) 1598555304, 
2639) 1598906115, 
2640) 1600187961, 
2641) 1600486423, 
2642) 1601120936, 
2643) 1601409855, 
2644) 1601520496, 
2645) 1601713481, 
2646) 1602726374, 
2647) 1604961793, 
2648) 1606175109, 
2649) 1606309930, 
2650) 1606761181, 
2651) 1606905992, 
2652) 1607366174, 
2653) 1607989784, 
2654) 1608110787, 
2655) 1608549763, 
2656) 1608769230, 
2657) 1608933733, 
2658) 1610466437, 
2659) 1610550077, 
2660) 1611542244, 
2661) 1611549622, 
2662) 1612784655, 
2663) 1615833603, 
2664) 1616375322, 
2665) 1616427835, 
2666) 1616506056, 
2667) 1616707422, 
2668) 1617667755, 
2669) 1618247848, 
2670) 1618540436, 
2671) 1618935381, 
2672) 1619034230, 
2673) 1619266167, 
2674) 1619569279, 
2675) 1619753418, 
2676) 1619938115, 
2677) 1620272625, 
2678) 1620620414, 
2679) 1621772812, 
2680) 1621944784, 
2681) 1622895118, 
2682) 1623107058, 
2683) 1624145165, 
2684) 1624659386, 
2685) 1625506710, 
2686) 1626682758, 
2687) 1626787437, 
2688) 1626989312, 
2689) 1627245509, 
2690) 1627369246, 
2691) 1628802827, 
2692) 1628976481, 
2693) 1629560741, 
2694) 1629826036, 
2695) 1629853349, 
2696) 1630104359, 
2697) 1630454610, 
2698) 1630499510, 
2699) 1631870681, 
2700) 1633662060, 
2701) 1634055653, 
2702) 1634159339, 
2703) 1635107035, 
2704) 1635485161, 
2705) 1636288322, 
2706) 1637114515, 
2707) 1638087173, 
2708) 1638304234, 
2709) 1639240001, 
2710) 1639511059, 
2711) 1639618804, 
2712) 1640549486, 
2713) 1640658608, 
2714) 1642681041, 
2715) 1642795816, 
2716) 1642983128, 
2717) 1643477193, 
2718) 1643687637, 
2719) 1644033274, 
2720) 1644181681, 
2721) 1646026628, 
2722) 1646185778, 
2723) 1646717535, 
2724) 1647358438, 
2725) 1647662271, 
2726) 1648254279, 
2727) 1648470747, 
2728) 1648739764, 
2729) 1648818654, 
2730) 1649468832, 
2731) 1650296926, 
2732) 1650617874, 
2733) 1654488203, 
2734) 1654672209, 
2735) 1656015296, 
2736) 1656337448, 
2737) 1656396829, 
2738) 1657089040, 
2739) 1657668943, 
2740) 1658875665, 
2741) 1659092019, 
2742) 1659781404, 
2743) 1659897684, 
2744) 1660027120, 
2745) 1660119330, 
2746) 1660306294, 
2747) 1661350815, 
2748) 1661992188, 
2749) 1662380179, 
2750) 1662739984, 
2751) 1662834314, 
2752) 1663882757, 
2753) 1664317330, 
2754) 1665717202, 
2755) 1666146729, 
2756) 1666775080, 
2757) 1667735060, 
2758) 1668448262, 
2759) 1668940025, 
2760) 1670080185, 
2761) 1670979284, 
2762) 1671496467, 
2763) 1672677086, 
2764) 1672783682, 
2765) 1672794289, 
2766) 1674346214, 
2767) 1674512969, 
2768) 1674747253, 
2769) 1675301917, 
2770) 1675504005, 
2771) 1675901903, 
2772) 1677207489, 
2773) 1678558101, 
2774) 1678718521, 
2775) 1679298344, 
2776) 1679921700, 
2777) 1679941691, 
2778) 1680246041, 
2779) 1680516888, 
2780) 1681080893, 
2781) 1681320582, 
2782) 1681352507, 
2783) 1681663652, 
2784) 1682063125, 
2785) 1682079709, 
2786) 1683781176, 
2787) 1684882498, 
2788) 1685421150, 
2789) 1685436718, 
2790) 1685873659, 
2791) 1686407923, 
2792) 1686577125, 
2793) 1687051219, 
2794) 1687641002, 
2795) 1687762036, 
2796) 1687989587, 
2797) 1688211868, 
2798) 1688408262, 
2799) 1688555984, 
2800) 1688855390, 
2801) 1688893110, 
2802) 1689664747, 
2803) 1689725951, 
2804) 1690969231, 
2805) 1691482638, 
2806) 1692031626, 
2807) 1692169446, 
2808) 1692689118, 
2809) 1694712422, 
2810) 1694833610, 
2811) 1695120096, 
2812) 1697317407, 
2813) 1697393574, 
2814) 1697487704, 
2815) 1698480243, 
2816) 1698789835, 
2817) 1698969736, 
2818) 1699102087, 
2819) 1699364962, 
2820) 1700101120, 
2821) 1701245956, 
2822) 1702084024, 
2823) 1702383686, 
2824) 1702527114, 
2825) 1702623049, 
2826) 1702736974, 
2827) 1702974169, 
2828) 1704776666, 
2829) 1705687824, 
2830) 1706572628, 
2831) 1707810631, 
2832) 1708709388, 
2833) 1709192222, 
2834) 1709417198, 
2835) 1709668191, 
2836) 1710736002, 
2837) 1710785741, 
2838) 1711064346, 
2839) 1711070790, 
2840) 1712497180, 
2841) 1712667283, 
2842) 1714644282, 
2843) 1716068122, 
2844) 1716136151, 
2845) 1716634393, 
2846) 1716953362, 
2847) 1718295611, 
2848) 1718354420, 
2849) 1719137017, 
2850) 1722272200, 
2851) 1723199233, 
2852) 1723271025, 
2853) 1723320130, 
2854) 1723543035, 
2855) 1723890780, 
2856) 1726245905, 
2857) 1726948768, 
2858) 1727068583, 
2859) 1727443304, 
2860) 1727632318, 
2861) 1728658377, 
2862) 1729395870, 
2863) 1729466625, 
2864) 1729780394, 
2865) 1730745536, 
2866) 1732925815, 
2867) 1733007858, 
2868) 1733137916, 
2869) 1733147345, 
2870) 1733548198, 
2871) 1733991484, 
2872) 1735286261, 
2873) 1735304982, 
2874) 1735579828, 
2875) 1735909010, 
2876) 1735987968, 
2877) 1736972488, 
2878) 1737364783, 
2879) 1738068081, 
2880) 1738577030, 
2881) 1739098249, 
2882) 1739145616, 
2883) 1739201493, 
2884) 1739267674, 
2885) 1739701076, 
2886) 1740302249, 
2887) 1741782345, 
2888) 1742335598, 
2889) 1742463748, 
2890) 1743035729, 
2891) 1743233299, 
2892) 1744536248, 
2893) 1744596745, 
2894) 1744628972, 
2895) 1745479248, 
2896) 1746719215, 
2897) 1746724662, 
2898) 1747047417, 
2899) 1747166691, 
2900) 1747486912, 
2901) 1747512318, 
2902) 1747917905, 
2903) 1747920954, 
2904) 1749494697, 
2905) 1749698802, 
2906) 1749750527, 
2907) 1750041881, 
2908) 1751369807, 
2909) 1753764597, 
2910) 1753931028, 
2911) 1754257648, 
2912) 1755392838, 
2913) 1755621476, 
2914) 1756201528, 
2915) 1756376300, 
2916) 1757238144, 
2917) 1759138139, 
2918) 1761233335, 
2919) 1761353973, 
2920) 1761902241, 
2921) 1761909907, 
2922) 1762315322, 
2923) 1764484534, 
2924) 1765933096, 
2925) 1766097735, 
2926) 1766351781, 
2927) 1767443106, 
2928) 1767477014, 
2929) 1767997903, 
2930) 1769022185, 
2931) 1769652539, 
2932) 1770914856, 
2933) 1771764181, 
2934) 1772181598, 
2935) 1774609018, 
2936) 1774748546, 
2937) 1775541551, 
2938) 1775901499, 
2939) 1776305541, 
2940) 1777985581, 
2941) 1778436920, 
2942) 1778856271, 
2943) 1780815546, 
2944) 1781011595, 
2945) 1781013682, 
2946) 1781069475, 
2947) 1782618789, 
2948) 1783117245, 
2949) 1783634582, 
2950) 1785218112, 
2951) 1786239170, 
2952) 1787540164, 
2953) 1788261474, 
2954) 1788846452, 
2955) 1789412722, 
2956) 1790458144, 
2957) 1790712778, 
2958) 1791807621, 
2959) 1791835846, 
2960) 1791909637, 
2961) 1792448656, 
2962) 1792532383, 
2963) 1792751569, 
2964) 1793219904, 
2965) 1793622250, 
2966) 1793796694, 
2967) 1793949112, 
2968) 1794722021, 
2969) 1795274706, 
2970) 1795396445, 
2971) 1795448817, 
2972) 1796090344, 
2973) 1797779676, 
2974) 1798612860, 
2975) 1798678507, 
2976) 1801199878, 
2977) 1801444278, 
2978) 1801992381, 
2979) 1802134950, 
2980) 1802897676, 
2981) 1803791002, 
2982) 1804100663, 
2983) 1804384964, 
2984) 1804554542, 
2985) 1805755539, 
2986) 1806883510, 
2987) 1807659224, 
2988) 1808108843, 
2989) 1808222860, 
2990) 1808616734, 
2991) 1809028550, 
2992) 1809180377, 
2993) 1810684781, 
2994) 1810857652, 
2995) 1814035232, 
2996) 1814565348, 
2997) 1814661980, 
2998) 1815966597, 
2999) 1816130633, 
3000) 1817340552, 
3001) 1818223553, 
3002) 1818727640, 
3003) 1819555328, 
3004) 1819747633, 
3005) 1821097426, 
3006) 1821187056, 
3007) 1821224990, 
3008) 1822187398, 
3009) 1823066819, 
3010) 1823282747, 
3011) 1823406241, 
3012) 1823661688, 
3013) 1824234579, 
3014) 1824284529, 
3015) 1825168401, 
3016) 1825769144, 
3017) 1827094747, 
3018) 1827805171, 
3019) 1828188676, 
3020) 1829583568, 
3021) 1829742333, 
3022) 1829840171, 
3023) 1829916974, 
3024) 1831200427, 
3025) 1831523646, 
3026) 1832084911, 
3027) 1832285064, 
3028) 1832833732, 
3029) 1833838379, 
3030) 1836285786, 
3031) 1838092570, 
3032) 1838797754, 
3033) 1839330945, 
3034) 1839350915, 
3035) 1839644899, 
3036) 1840420106, 
3037) 1840970370, 
3038) 1841609786, 
3039) 1841971635, 
3040) 1842389096, 
3041) 1842811684, 
3042) 1843597564, 
3043) 1844325282, 
3044) 1846771957, 
3045) 1847876706, 
3046) 1849793852, 
3047) 1850094714, 
3048) 1850209032, 
3049) 1850515489, 
3050) 1850553948, 
3051) 1850886567, 
3052) 1851719114, 
3053) 1852907953, 
3054) 1854008904, 
3055) 1854227227, 
3056) 1854286854, 
3057) 1855587352, 
3058) 1856136249, 
3059) 1856896926, 
3060) 1857482778, 
3061) 1859220343, 
3062) 1859310152, 
3063) 1859571987, 
3064) 1859572343, 
3065) 1859747112, 
3066) 1859825425, 
3067) 1860263066, 
3068) 1860428380, 
3069) 1861823073, 
3070) 1861964185, 
3071) 1862282828, 
3072) 1862377659, 
3073) 1862685352, 
3074) 1863750175, 
3075) 1864006311, 
3076) 1864652337, 
3077) 1864731811, 
3078) 1865011372, 
3079) 1866787908, 
3080) 1866857380, 
3081) 1867633271, 
3082) 1870313728, 
3083) 1871355518, 
3084) 1871428116, 
3085) 1872040297, 
3086) 1872107839, 
3087) 1872128103, 
3088) 1873201940, 
3089) 1874363065, 
3090) 1874683731, 
3091) 1875507231, 
3092) 1875691483, 
3093) 1876237317, 
3094) 1876388343, 
3095) 1876682231, 
3096) 1876852402, 
3097) 1877434981, 
3098) 1877514629, 
3099) 1877758989, 
3100) 1878204113, 
3101) 1879446332, 
3102) 1879729130, 
3103) 1880183944, 
3104) 1880320143, 
3105) 1880551606, 
3106) 1880863040, 
3107) 1881100712, 
3108) 1882728465, 
3109) 1883291462, 
3110) 1884230133, 
3111) 1884524521, 
3112) 1884577477, 
3113) 1885044888, 
3114) 1885296967, 
3115) 1885393183, 
3116) 1886287260, 
3117) 1886343215, 
3118) 1886379955, 
3119) 1886897362, 
3120) 1887083189, 
3121) 1887701168, 
3122) 1888314679, 
3123) 1888574244, 
3124) 1888896478, 
3125) 1889075164, 
3126) 1889318469, 
3127) 1889338826, 
3128) 1889822556, 
3129) 1891356348, 
3130) 1891791356, 
3131) 1891979043, 
3132) 1892261687, 
3133) 1892287671, 
3134) 1892574752, 
3135) 1893204129, 
3136) 1893546745, 
3137) 1894253622, 
3138) 1894329888, 
3139) 1894561574, 
3140) 1894878758, 
3141) 1895584686, 
3142) 1895752207, 
3143) 1895921878, 
3144) 1898394993, 
3145) 1899252123, 
3146) 1900016256, 
3147) 1901009452, 
3148) 1901404248, 
3149) 1902541907, 
3150) 1902567143, 
3151) 1903297457, 
3152) 1904071999, 
3153) 1904180668, 
3154) 1906094195, 
3155) 1909189965, 
3156) 1909847623, 
3157) 1911024102, 
3158) 1911248471, 
3159) 1911976507, 
3160) 1912410449, 
3161) 1913184763, 
3162) 1913251037, 
3163) 1913272460, 
3164) 1913527757, 
3165) 1915530964, 
3166) 1915934923, 
3167) 1916403369, 
3168) 1917166150, 
3169) 1917194640, 
3170) 1917642167, 
3171) 1917788398, 
3172) 1918795061, 
3173) 1919064033, 
3174) 1919180638, 
3175) 1919966609, 
3176) 1920826596, 
3177) 1922978319, 
3178) 1923195327, 
3179) 1923757472, 
3180) 1925151983, 
3181) 1925638792, 
3182) 1927002679, 
3183) 1927432073, 
3184) 1928034709, 
3185) 1928409716, 
3186) 1931977679, 
3187) 1932434908, 
3188) 1932556564, 
3189) 1933090352, 
3190) 1935454418, 
3191) 1936876408, 
3192) 1937238111, 
3193) 1937577955, 
3194) 1937901340, 
3195) 1938666472, 
3196) 1939100692, 
3197) 1939498161, 
3198) 1941170530, 
3199) 1941181383, 
3200) 1943015746, 
3201) 1943168259, 
3202) 1943459320, 
3203) 1945319196, 
3204) 1945920954, 
3205) 1946260182, 
3206) 1946718627, 
3207) 1946723242, 
3208) 1946943696, 
3209) 1948242576, 
3210) 1949894187, 
3211) 1950573319, 
3212) 1951273207, 
3213) 1951328436, 
3214) 1952927118, 
3215) 1953460278, 
3216) 1954114314, 
3217) 1954176845, 
3218) 1954387627, 
3219) 1955746906, 
3220) 1956220197, 
3221) 1956571932, 
3222) 1957289258, 
3223) 1957554830, 
3224) 1958585745, 
3225) 1959019053, 
3226) 1959087785, 
3227) 1959375655, 
3228) 1959476167, 
3229) 1959710014, 
3230) 1960335594, 
3231) 1960360610, 
3232) 1961171235, 
3233) 1961248718, 
3234) 1962046526, 
3235) 1963359468, 
3236) 1963410714, 
3237) 1965718014, 
3238) 1965932667, 
3239) 1966850572, 
3240) 1967003469, 
3241) 1967966554, 
3242) 1971816204, 
3243) 1972393135, 
3244) 1972433128, 
3245) 1973874216, 
3246) 1973941075, 
3247) 1975843364, 
3248) 1978040283, 
3249) 1978180929, 
3250) 1978250814, 
3251) 1978787639, 
3252) 1979142312, 
3253) 1979606705, 
3254) 1979890116, 
3255) 1980441741, 
3256) 1980755523, 
3257) 1980960969, 
3258) 1981608591, 
3259) 1981841182, 
3260) 1982012017, 
3261) 1983503351, 
3262) 1984606851, 
3263) 1985644524, 
3264) 1985666695, 
3265) 1987684180, 
3266) 1988186553, 
3267) 1988396848, 
3268) 1988491289, 
3269) 1988898444, 
3270) 1990052562, 
3271) 1992994495, 
3272) 1993044146, 
3273) 1993398530, 
3274) 1995167317, 
3275) 1995496057, 
3276) 1995570828, 
3277) 1997359140, 
3278) 1997362052, 
3279) 1998420944, 
3280) 1999192595, 
3281) 1999323018, 
3282) 2001668811, 
3283) 2002699729, 
3284) 2003229463, 
3285) 2003242659, 
3286) 2003478888, 
3287) 2004665235, 
3288) 2005149947, 
3289) 2005184201, 
3290) 2005630700, 
3291) 2006086602, 
3292) 2006518807, 
3293) 2008500496, 
3294) 2008504400, 
3295) 2008642751, 
3296) 2008762577, 
3297) 2009707052, 
3298) 2009866606, 
3299) 2010003963, 
3300) 2010545268, 
3301) 2011023958, 
3302) 2011053032, 
3303) 2011659508, 
3304) 2012927981, 
3305) 2013279464, 
3306) 2013467560, 
3307) 2013690422, 
3308) 2014240872, 
3309) 2014323592, 
3310) 2014359598, 
3311) 2014926363, 
3312) 2014961862, 
3313) 2014966905, 
3314) 2015227693, 
3315) 2015309277, 
3316) 2015639905, 
3317) 2016138042, 
3318) 2016567266, 
3319) 2016840965, 
3320) 2017295658, 
3321) 2018065105, 
3322) 2018340101, 
3323) 2018940549, 
3324) 2019205853, 
3325) 2019477677, 
3326) 2019730625, 
3327) 2021541490, 
3328) 2022250337, 
3329) 2022363438, 
3330) 2022648279, 
3331) 2023728076, 
3332) 2023949298, 
3333) 2024310524, 
3334) 2024409532, 
3335) 2025521593, 
3336) 2026214001, 
3337) 2027082154, 
3338) 2028957762, 
3339) 2029608079, 
3340) 2030434595, 
3341) 2030620553, 
3342) 2030657713, 
3343) 2030741876, 
3344) 2031495359, 
3345) 2031769928, 
3346) 2032483761, 
3347) 2032700703, 
3348) 2033368807, 
3349) 2033914540, 
3350) 2034649373, 
3351) 2035109644, 
3352) 2036087842, 
3353) 2037135418, 
3354) 2037943365, 
3355) 2038160558, 
3356) 2038872425, 
3357) 2039092848, 
3358) 2039188917, 
3359) 2039731415, 
3360) 2040166571, 
3361) 2040814316, 
3362) 2041054122, 
3363) 2041129042, 
3364) 2041219506, 
3365) 2041414259, 
3366) 2041821180, 
3367) 2041946511, 
3368) 2042251694, 
3369) 2042719361, 
3370) 2044299470, 
3371) 2044594542, 
3372) 2044775403, 
3373) 2045384161, 
3374) 2045492982, 
3375) 2045602966, 
3376) 2046087521, 
3377) 2046943018, 
3378) 2047362748, 
3379) 2048811273, 
3380) 2049562065, 
3381) 2050480618, 
3382) 2051685784, 
3383) 2052488627, 
3384) 2052967315, 
3385) 2053526987, 
3386) 2053970916, 
3387) 2055077328, 
3388) 2055128891, 
3389) 2056055386, 
3390) 2056094542, 
3391) 2056246251, 
3392) 2057686527, 
3393) 2057827395, 
3394) 2058167586, 
3395) 2058533872, 
3396) 2058571179, 
3397) 2058686578, 
3398) 2059391103, 
3399) 2059581227, 
3400) 2060063881, 
3401) 2060677080, 
3402) 2061121508, 
3403) 2061726754, 
3404) 2062054728, 
3405) 2062441490, 
3406) 2063640173, 
3407) 2065480399, 
3408) 2065969868, 
3409) 2066196912, 
3410) 2066202361, 
3411) 2066570445, 
3412) 2067252395, 
3413) 2067745268, 
3414) 2068164120, 
3415) 2068891323, 
3416) 2068965278, 
3417) 2069581400, 
3418) 2069736184, 
3419) 2069821299, 
3420) 2070060287, 
3421) 2070438562, 
3422) 2070505505, 
3423) 2070909701, 
3424) 2070924545, 
3425) 2072861340, 
3426) 2073068441, 
3427) 2073126916, 
3428) 2073425594, 
3429) 2073457312, 
3430) 2073617089, 
3431) 2073964687, 
3432) 2074694694, 
3433) 2075126766, 
3434) 2075563379, 
3435) 2075611275, 
3436) 2076587144, 
3437) 2077243691, 
3438) 2081029866, 
3439) 2081121894, 
3440) 2082911766, 
3441) 2083162493, 
3442) 2083250120, 
3443) 2083927371, 
3444) 2084530820, 
3445) 2085574796, 
3446) 2086146061, 
3447) 2086302915, 
3448) 2087799413, 
3449) 2088347619, 
3450) 2088779246, 
3451) 2089501540, 
3452) 2089775626, 
3453) 2089948645, 
3454) 2090421941, 
3455) 2090844805, 
3456) 2091254480, 
3457) 2091289472, 
3458) 2091312114, 
3459) 2092410239, 
3460) 2093107344, 
3461) 2093577412, 
3462) 2093762028, 
3463) 2093937441, 
3464) 2094717183, 
3465) 2094862111, 
3466) 2095746737, 
3467) 2096626391, 
3468) 2096810957, 
3469) 2096857868, 
3470) 2096948221, 
3471) 2097100982, 
3472) 2097522878, 
3473) 2097792680, 
3474) 2100442458, 
3475) 2101141653, 
3476) 2101548879, 
3477) 2102033058, 
3478) 2102346744, 
3479) 2103978709, 
3480) 2104128332, 
3481) 2105538437, 
3482) 2105755412, 
3483) 2106664832, 
3484) 2106720796, 
3485) 2106734321, 
3486) 2107167577, 
3487) 2107423626, 
3488) 2108012292, 
3489) 2109449151, 
3490) 2109488710, 
3491) 2109708849, 
3492) 2110688442, 
3493) 2111249474, 
3494) 2112528103, 
3495) 2114164543, 
3496) 2114567664, 
3497) 2114883011, 
3498) 2115106436, 
3499) 2115363657, 
3500) 2115863425, 
3501) 2116686579, 
3502) 2116901709, 
3503) 2117522617, 
3504) 2117857757, 
3505) 2118108664, 
3506) 2118201713, 
3507) 2118634799, 
3508) 2118688488, 
3509) 2123245873, 
3510) 2123288174, 
3511) 2123446671, 
3512) 2123490264, 
3513) 2123739640, 
3514) 2125170361, 
3515) 2126501747, 
3516) 2128253394, 
3517) 2128413091, 
3518) 2128541042, 
3519) 2129117740, 
3520) 2129128372, 
3521) 2129191855, 
3522) 2130382371, 
3523) 2131544806, 
3524) 2131696983, 
3525) 2131733845, 
3526) 2133392349, 
3527) 2133773862, 
3528) 2133997663, 
3529) 2134079340, 
3530) 2134743053, 
3531) 2134876584, 
3532) 2135240111, 
3533) 2136014213, 
3534) 2136108394, 
3535) 2136263377, 
3536) 2138067047, 
3537) 2138710254, 
3538) 2139014773, 
3539) 2139165672, 
3540) 2139235155, 
3541) 2141342585, 
3542) 2141509984, 
3543) 2141605823, 
3544) 2142474275, 
3545) 2143425999, 
3546) 2144140268, 
3547) 2144316320, 
3548) 2145295695, 
3549) 2145413650, 
3550) 2145889432, 
3551) 2146714461, 
3552) 2147200595, 
3553) 2148275600, 
3554) 2148473188, 
3555) 2148600130, 
3556) 2148857837, 
3557) 2149413901, 
3558) 2150031951, 
3559) 2150565954, 
3560) 2151062021, 
3561) 2151460157, 
3562) 2151514667, 
3563) 2152008214, 
3564) 2152261513, 
3565) 2152325056, 
3566) 2152625808, 
3567) 2154482948, 
3568) 2155391469, 
3569) 2156005205, 
3570) 2156025910, 
3571) 2156797621, 
3572) 2156857413, 
3573) 2157194104, 
3574) 2157517006, 
3575) 2158004535, 
3576) 2161385832, 
3577) 2163018169, 
3578) 2163112929, 
3579) 2165365811, 
3580) 2167546881, 
3581) 2167586690, 
3582) 2168021732, 
3583) 2168575768, 
3584) 2169139464, 
3585) 2169540315, 
3586) 2169964770, 
3587) 2170196142, 
3588) 2170560690, 
3589) 2171574784, 
3590) 2171603827, 
3591) 2172678532, 
3592) 2173285969, 
3593) 2173380722, 
3594) 2173987547, 
3595) 2175089848, 
3596) 2176390307, 
3597) 2177029788, 
3598) 2177258647, 
3599) 2177801942, 
3600) 2177938823, 
3601) 2178757376, 
3602) 2179175215, 
3603) 2179701114, 
3604) 2179797020, 
3605) 2181036798, 
3606) 2181533511, 
3607) 2182111229, 
3608) 2182338034, 
3609) 2182685716, 
3610) 2184275671, 
3611) 2185131757, 
3612) 2185406079, 
3613) 2185545993, 
3614) 2185976395, 
3615) 2186250792, 
3616) 2186716392, 
3617) 2187351932, 
3618) 2187763829, 
3619) 2187813546, 
3620) 2188323933, 
3621) 2188345781, 
3622) 2189470392, 
3623) 2190626046, 
3624) 2191208877, 
3625) 2191476335, 
3626) 2191532813, 
3627) 2192185579, 
3628) 2192353521, 
3629) 2193159682, 
3630) 2194478416, 
3631) 2194492927, 
3632) 2194659240, 
3633) 2195046801, 
3634) 2195387183, 
3635) 2195590342, 
3636) 2195719535, 
3637) 2195880118, 
3638) 2197158410, 
3639) 2197327441, 
3640) 2197932558, 
3641) 2198071293, 
3642) 2200494236, 
3643) 2201210566, 
3644) 2201499747, 
3645) 2202708324, 
3646) 2204202620, 
3647) 2204503490, 
3648) 2204889932, 
3649) 2206158503, 
3650) 2206797003, 
3651) 2207258023, 
3652) 2208726844, 
3653) 2209092409, 
3654) 2209342190, 
3655) 2210579064, 
3656) 2211362678, 
3657) 2212514965, 
3658) 2212806495, 
3659) 2212849950, 
3660) 2212934571, 
3661) 2213268392, 
3662) 2213318400, 
3663) 2214506786, 
3664) 2214723764, 
3665) 2214772840, 
3666) 2214873832, 
3667) 2215333958, 
3668) 2217133779, 
3669) 2217810213, 
3670) 2219755553, 
3671) 2219989259, 
3672) 2220177040, 
3673) 2220415975, 
3674) 2220726173, 
3675) 2222208861, 
3676) 2222844215, 
3677) 2223374771, 
3678) 2223477912, 
3679) 2227005335, 
3680) 2227581544, 
3681) 2228049015, 
3682) 2228151369, 
3683) 2229267921, 
3684) 2229464475, 
3685) 2229597143, 
3686) 2229697883, 
3687) 2230101041, 
3688) 2230196362, 
3689) 2231481834, 
3690) 2231649863, 
3691) 2232078139, 
3692) 2232156586, 
3693) 2233387841, 
3694) 2233836478, 
3695) 2235362849, 
3696) 2239229916, 
3697) 2239807578, 
3698) 2240212339, 
3699) 2243339789, 
3700) 2243616359, 
3701) 2244439311, 
3702) 2245471625, 
3703) 2245723740, 
3704) 2246074128, 
3705) 2246175902, 
3706) 2246613093, 
3707) 2248049092, 
3708) 2248347720, 
3709) 2248585997, 
3710) 2249493298, 
3711) 2249711748, 
3712) 2251147888, 
3713) 2251972132, 
3714) 2252064417, 
3715) 2252471130, 
3716) 2252721747, 
3717) 2253242511, 
3718) 2253955728, 
3719) 2254059937, 
3720) 2254475653, 
3721) 2255759808, 
3722) 2255856842, 
3723) 2257116927, 
3724) 2258497309, 
3725) 2259286104, 
3726) 2259352032, 
3727) 2259556769, 
3728) 2259817322, 
3729) 2259942684, 
3730) 2260292499, 
3731) 2260298785, 
3732) 2260409246, 
3733) 2261289638, 
3734) 2262418715, 
3735) 2264100880, 
3736) 2264454226, 
3737) 2264536597, 
3738) 2265485576, 
3739) 2267213323, 
3740) 2267830904, 
3741) 2267846338, 
3742) 2268289051, 
3743) 2268572319, 
3744) 2268668203, 
3745) 2269839057, 
3746) 2270440936, 
3747) 2270880516, 
3748) 2271396719, 
3749) 2272022673, 
3750) 2272119090, 
3751) 2272251222, 
3752) 2272891109, 
3753) 2273158429, 
3754) 2274496202, 
3755) 2274533471, 
3756) 2275684909, 
3757) 2276700232, 
3758) 2277174560, 
3759) 2278046853, 
3760) 2278351947, 
3761) 2278470314, 
3762) 2278976232, 
3763) 2279289376, 
3764) 2279407132, 
3765) 2279801819, 
3766) 2279871270, 
3767) 2280276622, 
3768) 2281682433, 
3769) 2281796859, 
3770) 2281958646, 
3771) 2282661022, 
3772) 2283064986, 
3773) 2284002603, 
3774) 2286119126, 
3775) 2286252818, 
3776) 2287158938, 
3777) 2287426213, 
3778) 2288040945, 
3779) 2288762774, 
3780) 2289695345, 
3781) 2290560559, 
3782) 2291694023, 
3783) 2292238942, 
3784) 2293682960, 
3785) 2293890746, 
3786) 2293965015, 
3787) 2296022851, 
3788) 2296159262, 
3789) 2296358459, 
3790) 2296358651, 
3791) 2296828260, 
3792) 2297170241, 
3793) 2297271651, 
3794) 2297531225, 
3795) 2297657840, 
3796) 2297793491, 
3797) 2299751541, 
3798) 2299765730, 
3799) 2299873013, 
3800) 2300420679, 
3801) 2301821622, 
3802) 2302289965, 
3803) 2302377336, 
3804) 2302642415, 
3805) 2302924283, 
3806) 2304243270, 
3807) 2304513810, 
3808) 2304934535, 
3809) 2305612256, 
3810) 2307183198, 
3811) 2307283711, 
3812) 2307652153, 
3813) 2308484661, 
3814) 2308565512, 
3815) 2309092026, 
3816) 2310362948, 
3817) 2311333518, 
3818) 2311783722, 
3819) 2311926128, 
3820) 2312724189, 
3821) 2314201808, 
3822) 2314866525, 
3823) 2315197264, 
3824) 2315528537, 
3825) 2315827233, 
3826) 2316017645, 
3827) 2316187586, 
3828) 2316749003, 
3829) 2317217420, 
3830) 2317626580, 
3831) 2317655341, 
3832) 2318040330, 
3833) 2318714707, 
3834) 2318734084, 
3835) 2318793608, 
3836) 2319994959, 
3837) 2320715661, 
3838) 2320919582, 
3839) 2321537953, 
3840) 2321678049, 
3841) 2321818419, 
3842) 2322014209, 
3843) 2322500607, 
3844) 2322504816, 
3845) 2323137744, 
3846) 2323314372, 
3847) 2323541602, 
3848) 2323847110, 
3849) 2324859115, 
3850) 2324947129, 
3851) 2325221870, 
3852) 2325468351, 
3853) 2325504534, 
3854) 2326694796, 
3855) 2328062168, 
3856) 2328768243, 
3857) 2329238147, 
3858) 2329432321, 
3859) 2329567654, 
3860) 2332573100, 
3861) 2333572917, 
3862) 2335316949, 
3863) 2335669496, 
3864) 2336284965, 
3865) 2336518135, 
3866) 2336857673, 
3867) 2336860641, 
3868) 2336973693, 
3869) 2337338720, 
3870) 2338579763, 
3871) 2339742997, 
3872) 2339958905, 
3873) 2340303461, 
3874) 2341555046, 
3875) 2343357795, 
3876) 2343654769, 
3877) 2344850389, 
3878) 2345617986, 
3879) 2345689939, 
3880) 2346666071, 
3881) 2346946465, 
3882) 2348217279, 
3883) 2348304612, 
3884) 2349526071, 
3885) 2349878832, 
3886) 2349993734, 
3887) 2350437358, 
3888) 2350618868, 
3889) 2350721594, 
3890) 2351001254, 
3891) 2351547913, 
3892) 2352411985, 
3893) 2353807947, 
3894) 2354073915, 
3895) 2354584369, 
3896) 2355039573, 
3897) 2355092995, 
3898) 2355374023, 
3899) 2356906310, 
3900) 2357742949, 
3901) 2358041660, 
3902) 2358784201, 
3903) 2359285623, 
3904) 2359432331, 
3905) 2359521326, 
3906) 2359842861, 
3907) 2360311525, 
3908) 2360773258, 
3909) 2361126618, 
3910) 2361919788, 
3911) 2361930890, 
3912) 2364236089, 
3913) 2364673604, 
3914) 2365063148, 
3915) 2365672438, 
3916) 2365837139, 
3917) 2366743770, 
3918) 2368575245, 
3919) 2369006922, 
3920) 2369206773, 
3921) 2369272787, 
3922) 2369758165, 
3923) 2369831349, 
3924) 2369840887, 
3925) 2370367196, 
3926) 2371432015, 
3927) 2371601726, 
3928) 2371736867, 
3929) 2371884159, 
3930) 2373369548, 
3931) 2373974405, 
3932) 2374157616, 
3933) 2374405266, 
3934) 2374805981, 
3935) 2374998084, 
3936) 2375689789, 
3937) 2377155595, 
3938) 2377224538, 
3939) 2377674575, 
3940) 2378788763, 
3941) 2378973942, 
3942) 2379630642, 
3943) 2379956239, 
3944) 2380001214, 
3945) 2380427725, 
3946) 2381484451, 
3947) 2382191785, 
3948) 2382535213, 
3949) 2382939113, 
3950) 2384091534, 
3951) 2384555787, 
3952) 2386165615, 
3953) 2386536042, 
3954) 2386922279, 
3955) 2386968287, 
3956) 2387351089, 
3957) 2388064164, 
3958) 2388240824, 
3959) 2388980406, 
3960) 2388996615, 
3961) 2389223305, 
3962) 2390143628, 
3963) 2390679027, 
3964) 2391316778, 
3965) 2391480508, 
3966) 2392485472, 
3967) 2392743122, 
3968) 2393115089, 
3969) 2393635806, 
3970) 2393766847, 
3971) 2394731904, 
3972) 2395361620, 
3973) 2397042632, 
3974) 2397506292, 
3975) 2398158230, 
3976) 2398956225, 
3977) 2400464758, 
3978) 2400514123, 
3979) 2401243282, 
3980) 2402066494, 
3981) 2402484896, 
3982) 2403599133, 
3983) 2403614210, 
3984) 2403646802, 
3985) 2404045546, 
3986) 2404906251, 
3987) 2405444916, 
3988) 2405993009, 
3989) 2406071986, 
3990) 2406657412, 
3991) 2407662129, 
3992) 2407814758, 
3993) 2408725597, 
3994) 2408799418, 
3995) 2409775669, 
3996) 2410341129, 
3997) 2410786734, 
3998) 2412812049, 
3999) 2413315911, 
4000) 2414355833, 
4001) 2415039045, 
4002) 2415047418, 
4003) 2415873728, 
4004) 2416409876, 
4005) 2417410682, 
4006) 2417887903, 
4007) 2417996057, 
4008) 2418393405, 
4009) 2418809610, 
4010) 2419702436, 
4011) 2420968376, 
4012) 2421354764, 
4013) 2421827006, 
4014) 2422042594, 
4015) 2422215512, 
4016) 2422247308, 
4017) 2423003340, 
4018) 2423107289, 
4019) 2423123143, 
4020) 2423193023, 
4021) 2423552176, 
4022) 2425153935, 
4023) 2425277181, 
4024) 2425517126, 
4025) 2425850762, 
4026) 2426131239, 
4027) 2427529700, 
4028) 2428834301, 
4029) 2428973786, 
4030) 2429033648, 
4031) 2429372483, 
4032) 2431083410, 
4033) 2431371404, 
4034) 2431714885, 
4035) 2432415472, 
4036) 2432781676, 
4037) 2433559926, 
4038) 2434726183, 
4039) 2435957319, 
4040) 2437628304, 
4041) 2438006290, 
4042) 2438033301, 
4043) 2439516669, 
4044) 2441119031, 
4045) 2441164684, 
4046) 2441400876, 
4047) 2441495859, 
4048) 2442127102, 
4049) 2442349596, 
4050) 2443408473, 
4051) 2444041373, 
4052) 2444886452, 
4053) 2445264430, 
4054) 2446601964, 
4055) 2446779202, 
4056) 2446901619, 
4057) 2446924539, 
4058) 2447437912, 
4059) 2448027152, 
4060) 2448174089, 
4061) 2448474187, 
4062) 2449128671, 
4063) 2449394925, 
4064) 2449431287, 
4065) 2449983179, 
4066) 2450994352, 
4067) 2452354032, 
4068) 2452442657, 
4069) 2452714094, 
4070) 2452907769, 
4071) 2453526566, 
4072) 2453964139, 
4073) 2454370168, 
4074) 2454528644, 
4075) 2454748946, 
4076) 2454795103, 
4077) 2455899535, 
4078) 2456550698, 
4079) 2456718727, 
4080) 2456861117, 
4081) 2457765869, 
4082) 2458280259, 
4083) 2458755007, 
4084) 2459059195, 
4085) 2459702867, 
4086) 2460180933, 
4087) 2460315435, 
4088) 2460543377, 
4089) 2461201434, 
4090) 2461305765, 
4091) 2462092002, 
4092) 2462239097, 
4093) 2463112119, 
4094) 2463844199, 
4095) 2464239805, 
4096) 2464960725, 
4097) 2467651371, 
4098) 2467814027, 
4099) 2468637418, 
4100) 2469198788, 
4101) 2470918807, 
4102) 2471375039, 
4103) 2473129707, 
4104) 2473630993, 
4105) 2473978823, 
4106) 2475567124, 
4107) 2475682683, 
4108) 2475730197, 
4109) 2475833998, 
4110) 2476085901, 
4111) 2476093483, 
4112) 2476652726, 
4113) 2477642877, 
4114) 2477891702, 
4115) 2478437771, 
4116) 2478851244, 
4117) 2478955940, 
4118) 2479955673, 
4119) 2480015787, 
4120) 2480580345, 
4121) 2480929751, 
4122) 2481578844, 
4123) 2483216631, 
4124) 2483298755, 
4125) 2483444575, 
4126) 2484090618, 
4127) 2484639162, 
4128) 2484964942, 
4129) 2486532073, 
4130) 2486593592, 
4131) 2487094820, 
4132) 2487616328, 
4133) 2487660147, 
4134) 2488063051, 
4135) 2488167308, 
4136) 2488509214, 
4137) 2489122089, 
4138) 2489188213, 
4139) 2489890855, 
4140) 2490395901, 
4141) 2490515085, 
4142) 2490975065, 
4143) 2493071902, 
4144) 2493500576, 
4145) 2493606335, 
4146) 2493630263, 
4147) 2493846132, 
4148) 2494387931, 
4149) 2495287297, 
4150) 2495629897, 
4151) 2495944423, 
4152) 2496546880, 
4153) 2496598434, 
4154) 2497107039, 
4155) 2497148971, 
4156) 2497293759, 
4157) 2497391124, 
4158) 2497524798, 
4159) 2498306521, 
4160) 2498936709, 
4161) 2499615949, 
4162) 2499626989, 
4163) 2501723370, 
4164) 2502109574, 
4165) 2504084212, 
4166) 2504293117, 
4167) 2504778836, 
4168) 2506175300, 
4169) 2506936630, 
4170) 2507799920, 
4171) 2507801990, 
4172) 2508113419, 
4173) 2508640754, 
4174) 2508763425, 
4175) 2508884697, 
4176) 2510004916, 
4177) 2511681555, 
4178) 2513189987, 
4179) 2513533858, 
4180) 2515073076, 
4181) 2515367205, 
4182) 2515418110, 
4183) 2515913608, 
4184) 2516166266, 
4185) 2517404596, 
4186) 2517602638, 
4187) 2517610167, 
4188) 2518885091, 
4189) 2519257745, 
4190) 2519604843, 
4191) 2520420304, 
4192) 2520427928, 
4193) 2520561154, 
4194) 2521507851, 
4195) 2521820653, 
4196) 2523252931, 
4197) 2524808309, 
4198) 2525362666, 
4199) 2525814345, 
4200) 2525853798, 
4201) 2526281752, 
4202) 2526333133, 
4203) 2528707248, 
4204) 2528719623, 
4205) 2528742949, 
4206) 2528839986, 
4207) 2529072856, 
4208) 2529519652, 
4209) 2529747783, 
4210) 2530063261, 
4211) 2530460764, 
4212) 2530561087, 
4213) 2531877059, 
4214) 2531960357, 
4215) 2532744314, 
4216) 2532883422, 
4217) 2533223568, 
4218) 2533545400, 
4219) 2533792014, 
4220) 2533975027, 
4221) 2533996591, 
4222) 2534413073, 
4223) 2535077547, 
4224) 2536158783, 
4225) 2536940298, 
4226) 2537373189, 
4227) 2537866903, 
4228) 2538198432, 
4229) 2538221910, 
4230) 2538371367, 
4231) 2539719670, 
4232) 2539782882, 
4233) 2539955561, 
4234) 2541537996, 
4235) 2541767336, 
4236) 2543806614, 
4237) 2543954578, 
4238) 2544556569, 
4239) 2544960419, 
4240) 2546469478, 
4241) 2546574778, 
4242) 2547344270, 
4243) 2549339700, 
4244) 2550865562, 
4245) 2553708399, 
4246) 2554173195, 
4247) 2554562511, 
4248) 2555170363, 
4249) 2555438005, 
4250) 2555705956, 
4251) 2555975223, 
4252) 2556079189, 
4253) 2556096043, 
4254) 2556563159, 
4255) 2556679086, 
4256) 2558713944, 
4257) 2559074028, 
4258) 2560231296, 
4259) 2560902113, 
4260) 2561064956, 
4261) 2561488065, 
4262) 2561681595, 
4263) 2562130609, 
4264) 2562502462, 
4265) 2563355730, 
4266) 2563518373, 
4267) 2563701302, 
4268) 2564061191, 
4269) 2564211033, 
4270) 2564349262, 
4271) 2565243246, 
4272) 2567797565, 
4273) 2567967147, 
4274) 2568762451, 
4275) 2569010509, 
4276) 2571072800, 
4277) 2571095278, 
4278) 2571834704, 
4279) 2572280949, 
4280) 2572881187, 
4281) 2572888529, 
4282) 2574959960, 
4283) 2575122640, 
4284) 2575580621, 
4285) 2575612654, 
4286) 2576752823, 
4287) 2577495980, 
4288) 2578635510, 
4289) 2579036767, 
4290) 2579327214, 
4291) 2579447318, 
4292) 2580247535, 
4293) 2580342078, 
4294) 2581630866, 
4295) 2582311472, 
4296) 2583863504, 
4297) 2584099935, 
4298) 2584582877, 
4299) 2585464646, 
4300) 2585470884, 
4301) 2586093131, 
4302) 2586261257, 
4303) 2586815115, 
4304) 2587414828, 
4305) 2588009830, 
4306) 2589365016, 
4307) 2589412627, 
4308) 2589599247, 
4309) 2589839533, 
4310) 2590639353, 
4311) 2592374990, 
4312) 2592905108, 
4313) 2593346303, 
4314) 2593403115, 
4315) 2594433313, 
4316) 2595148530, 
4317) 2595756160, 
4318) 2596151186, 
4319) 2597169573, 
4320) 2597399491, 
4321) 2599434088, 
4322) 2600747402, 
4323) 2601366341, 
4324) 2602246325, 
4325) 2603059085, 
4326) 2603213016, 
4327) 2603668933, 
4328) 2604684508, 
4329) 2604918006, 
4330) 2604986543, 
4331) 2605084166, 
4332) 2605197285, 
4333) 2605848515, 
4334) 2606830462, 
4335) 2607432416, 
4336) 2607919935, 
4337) 2608168841, 
4338) 2608256672, 
4339) 2608375436, 
4340) 2608638105, 
4341) 2609318428, 
4342) 2610061663, 
4343) 2610343367, 
4344) 2610650127, 
4345) 2611635694, 
4346) 2612065683, 
4347) 2612572221, 
4348) 2612644918, 
4349) 2612914704, 
4350) 2613337592, 
4351) 2613398269, 
4352) 2613550489, 
4353) 2613637659, 
4354) 2613771180, 
4355) 2613877927, 
4356) 2613991135, 
4357) 2614421399, 
4358) 2614913722, 
4359) 2615733369, 
4360) 2616049714, 
4361) 2617457971, 
4362) 2618469474, 
4363) 2620194024, 
4364) 2620580733, 
4365) 2620631297, 
4366) 2621767870, 
4367) 2622277303, 
4368) 2622633087, 
4369) 2623364600, 
4370) 2623470947, 
4371) 2624294666, 
4372) 2624296794, 
4373) 2624634150, 
4374) 2625159359, 
4375) 2625220730, 
4376) 2625539101, 
4377) 2625957332, 
4378) 2626523039, 
4379) 2626921436, 
4380) 2627829232, 
4381) 2627878077, 
4382) 2629121882, 
4383) 2629443113, 
4384) 2629698897, 
4385) 2629950418, 
4386) 2630773458, 
4387) 2630944315, 
4388) 2632034296, 
4389) 2632686045, 
4390) 2633085111, 
4391) 2633208599, 
4392) 2633692227, 
4393) 2633752310, 
4394) 2634998500, 
4395) 2636081851, 
4396) 2636581254, 
4397) 2637516074, 
4398) 2638123921, 
4399) 2638715945, 
4400) 2640075603, 
4401) 2640251837, 
4402) 2640989044, 
4403) 2641771866, 
4404) 2641806161, 
4405) 2641976425, 
4406) 2642280471, 
4407) 2642456466, 
4408) 2644062064, 
4409) 2644124612, 
4410) 2644351754, 
4411) 2645735557, 
4412) 2646724101, 
4413) 2646954229, 
4414) 2647838318, 
4415) 2647874637, 
4416) 2648948634, 
4417) 2649437863, 
4418) 2651335649, 
4419) 2651538551, 
4420) 2652152011, 
4421) 2652329662, 
4422) 2652519199, 
4423) 2652665128, 
4424) 2652954438, 
4425) 2654357440, 
4426) 2655503650, 
4427) 2656240911, 
4428) 2656706404, 
4429) 2657038158, 
4430) 2657397250, 
4431) 2657752176, 
4432) 2658193260, 
4433) 2658483290, 
4434) 2658779002, 
4435) 2659612177, 
4436) 2659627803, 
4437) 2660626159, 
4438) 2660712458, 
4439) 2661108905, 
4440) 2661270566, 
4441) 2661940085, 
4442) 2662339404, 
4443) 2664508818, 
4444) 2665126049, 
4445) 2665559378, 
4446) 2665782286, 
4447) 2665839979, 
4448) 2666456892, 
4449) 2667571332, 
4450) 2669003925, 
4451) 2670211978, 
4452) 2670837748, 
4453) 2671690426, 
4454) 2672175810, 
4455) 2672266408, 
4456) 2672722500, 
4457) 2673554475, 
4458) 2673943150, 
4459) 2677606420, 
4460) 2677868900, 
4461) 2679086062, 
4462) 2679409021, 
4463) 2680423650, 
4464) 2682133991, 
4465) 2682151952, 
4466) 2682307302, 
4467) 2682334023, 
4468) 2682594207, 
4469) 2684835874, 
4470) 2685743231, 
4471) 2687064038, 
4472) 2688038164, 
4473) 2688834741, 
4474) 2689755017, 
4475) 2689867078, 
4476) 2689971030, 
4477) 2690062754, 
4478) 2690148294, 
4479) 2690418580, 
4480) 2692104880, 
4481) 2692132524, 
4482) 2692784235, 
4483) 2692929610, 
4484) 2693087737, 
4485) 2693159463, 
4486) 2694380130, 
4487) 2694662642, 
4488) 2694931392, 
4489) 2695344682, 
4490) 2695735302, 
4491) 2697346570, 
4492) 2697820038, 
4493) 2697871927, 
4494) 2698741079, 
4495) 2699708913, 
4496) 2699811134, 
4497) 2700390253, 
4498) 2701156457, 
4499) 2701631884, 
4500) 2701790859, 
4501) 2701823653, 
4502) 2702969223, 
4503) 2704572024, 
4504) 2705275264, 
4505) 2705677469, 
4506) 2705691404, 
4507) 2707197648, 
4508) 2707572978, 
4509) 2709005268, 
4510) 2709582722, 
4511) 2710453022, 
4512) 2710886851, 
4513) 2711134142, 
4514) 2712104591, 
4515) 2712655613, 
4516) 2712688271, 
4517) 2713048680, 
4518) 2713652020, 
4519) 2713850602, 
4520) 2715121420, 
4521) 2715474628, 
4522) 2716499337, 
4523) 2717258404, 
4524) 2717861192, 
4525) 2718300515, 
4526) 2719791143, 
4527) 2719871121, 
4528) 2721499433, 
4529) 2724953371, 
4530) 2726682188, 
4531) 2727054553, 
4532) 2727266589, 
4533) 2727510096, 
4534) 2729093041, 
4535) 2729630364, 
4536) 2730869531, 
4537) 2730901551, 
4538) 2731117349, 
4539) 2731190441, 
4540) 2731637386, 
4541) 2732029027, 
4542) 2734373268, 
4543) 2735088399, 
4544) 2735890384, 
4545) 2735995261, 
4546) 2736092944, 
4547) 2736309766, 
4548) 2736559239, 
4549) 2739494431, 
4550) 2739576582, 
4551) 2739974767, 
4552) 2740405704, 
4553) 2741429849, 
4554) 2741690760, 
4555) 2743298690, 
4556) 2743471612, 
4557) 2743908126, 
4558) 2743946072, 
4559) 2744155637, 
4560) 2745077001, 
4561) 2745414809, 
4562) 2745630936, 
4563) 2746533009, 
4564) 2747490032, 
4565) 2747516194, 
4566) 2747593566, 
4567) 2748226092, 
4568) 2748571684, 
4569) 2749338161, 
4570) 2750945601, 
4571) 2751783348, 
4572) 2751972781, 
4573) 2752018183, 
4574) 2752545050, 
4575) 2752838527, 
4576) 2752862927, 
4577) 2753656287, 
4578) 2754476098, 
4579) 2754864330, 
4580) 2755058707, 
4581) 2755598285, 
4582) 2756779065, 
4583) 2757504054, 
4584) 2758152224, 
4585) 2758285505, 
4586) 2758809243, 
4587) 2758908416, 
4588) 2760064355, 
4589) 2760989770, 
4590) 2761061073, 
4591) 2761726986, 
4592) 2763472655, 
4593) 2763533713, 
4594) 2763855644, 
4595) 2764723574, 
4596) 2764918172, 
4597) 2765980027, 
4598) 2766013394, 
4599) 2766743379, 
4600) 2767787219, 
4601) 2768325960, 
4602) 2769386719, 
4603) 2769458465, 
4604) 2769845026, 
4605) 2770098526, 
4606) 2770155289, 
4607) 2770419737, 
4608) 2771433173, 
4609) 2771661765, 
4610) 2771695421, 
4611) 2772086163, 
4612) 2772572224, 
4613) 2774873173, 
4614) 2774900005, 
4615) 2777109155, 
4616) 2778367733, 
4617) 2778851797, 
4618) 2779651228, 
4619) 2780358257, 
4620) 2780458561, 
4621) 2780589443, 
4622) 2781311920, 
4623) 2781487183, 
4624) 2781553235, 
4625) 2781789606, 
4626) 2781826350, 
4627) 2781975431, 
4628) 2782063396, 
4629) 2783191679, 
4630) 2785127085, 
4631) 2786043697, 
4632) 2786321734, 
4633) 2787089186, 
4634) 2787309593, 
4635) 2787771346, 
4636) 2787914018, 
4637) 2788219633, 
4638) 2789638322, 
4639) 2790144558, 
4640) 2790323980, 
4641) 2791095115, 
4642) 2791211240, 
4643) 2791243303, 
4644) 2791244855, 
4645) 2791316977, 
4646) 2791645241, 
4647) 2791713672, 
4648) 2791827359, 
4649) 2792355207, 
4650) 2792378240, 
4651) 2793248272, 
4652) 2793369921, 
4653) 2793991720, 
4654) 2795520671, 
4655) 2795744050, 
4656) 2795798912, 
4657) 2795834861, 
4658) 2795889029, 
4659) 2796373055, 
4660) 2796790582, 
4661) 2796933863, 
4662) 2797177799, 
4663) 2797606043, 
4664) 2799309061, 
4665) 2799320477, 
4666) 2799555364, 
4667) 2800011773, 
4668) 2800357163, 
4669) 2800972995, 
4670) 2801396177, 
4671) 2802328938, 
4672) 2803068215, 
4673) 2803178050, 
4674) 2803268909, 
4675) 2803355264, 
4676) 2804220945, 
4677) 2805990976, 
4678) 2806330083, 
4679) 2806432378, 
4680) 2806762794, 
4681) 2807245070, 
4682) 2809330380, 
4683) 2809519482, 
4684) 2809589145, 
4685) 2809756478, 
4686) 2810259966, 
4687) 2810485834, 
4688) 2812615061, 
4689) 2814192297, 
4690) 2814759265, 
4691) 2814967854, 
4692) 2815094538, 
4693) 2815095210, 
4694) 2815469200, 
4695) 2815572443, 
4696) 2815718032, 
4697) 2815805990, 
4698) 2816615899, 
4699) 2818383081, 
4700) 2819207559, 
4701) 2819910274, 
4702) 2819913606, 
4703) 2821380159, 
4704) 2822728465, 
4705) 2822929166, 
4706) 2823167076, 
4707) 2824118057, 
4708) 2824902464, 
4709) 2824967961, 
4710) 2825168195, 
4711) 2825239180, 
4712) 2825530037, 
4713) 2825976765, 
4714) 2826268905, 
4715) 2827032231, 
4716) 2827677456, 
4717) 2828393065, 
4718) 2828737351, 
4719) 2829228163, 
4720) 2829309503, 
4721) 2829867442, 
4722) 2829962497, 
4723) 2830680231, 
4724) 2831947616, 
4725) 2832183467, 
4726) 2832318562, 
4727) 2832494529, 
4728) 2832608834, 
4729) 2832640012, 
4730) 2834522576, 
4731) 2834622987, 
4732) 2837080780, 
4733) 2837116917, 
4734) 2837464648, 
4735) 2837553300, 
4736) 2837603094, 
4737) 2837961185, 
4738) 2838289767, 
4739) 2839224129, 
4740) 2840446521, 
4741) 2841874487, 
4742) 2842619025, 
4743) 2842708024, 
4744) 2843222909, 
4745) 2843749308, 
4746) 2843913121, 
4747) 2845562399, 
4748) 2845627314, 
4749) 2846576465, 
4750) 2846832508, 
4751) 2848174306, 
4752) 2848586022, 
4753) 2849101191, 
4754) 2849131354, 
4755) 2849299840, 
4756) 2849373949, 
4757) 2849496063, 
4758) 2853800014, 
4759) 2853855669, 
4760) 2853859971, 
4761) 2856481489, 
4762) 2857529152, 
4763) 2858179435, 
4764) 2859310337, 
4765) 2859390046, 
4766) 2860009133, 
4767) 2860241283, 
4768) 2860768660, 
4769) 2861902573, 
4770) 2862855770, 
4771) 2862946519, 
4772) 2863734726, 
4773) 2863864156, 
4774) 2864117644, 
4775) 2864488939, 
4776) 2864852322, 
4777) 2865321835, 
4778) 2865772398, 
4779) 2867024638, 
4780) 2868335757, 
4781) 2870770022, 
4782) 2871325431, 
4783) 2872355760, 
4784) 2872515914, 
4785) 2872953276, 
4786) 2873296380, 
4787) 2873718975, 
4788) 2873768221, 
4789) 2875712728, 
4790) 2875901308, 
4791) 2876107006, 
4792) 2876984232, 
4793) 2877054609, 
4794) 2877244186, 
4795) 2877786843, 
4796) 2878052377, 
4797) 2878249947, 
4798) 2878487058, 
4799) 2878520797, 
4800) 2878803959, 
4801) 2878857005, 
4802) 2879445526, 
4803) 2880156697, 
4804) 2881133810, 
4805) 2881447688, 
4806) 2882178617, 
4807) 2882753232, 
4808) 2882873679, 
4809) 2883389314, 
4810) 2883762307, 
4811) 2883787221, 
4812) 2884004386, 
4813) 2884141520, 
4814) 2884146771, 
4815) 2885445141, 
4816) 2885446578, 
4817) 2887870647, 
4818) 2888819603, 
4819) 2888870262, 
4820) 2889931092, 
4821) 2890196327, 
4822) 2890254725, 
4823) 2891204429, 
4824) 2891319494, 
4825) 2892605826, 
4826) 2894525924, 
4827) 2896269062, 
4828) 2896453356, 
4829) 2896634960, 
4830) 2896671213, 
4831) 2896999753, 
4832) 2899258227, 
4833) 2899396050, 
4834) 2899980913, 
4835) 2900781481, 
4836) 2902295924, 
4837) 2903519606, 
4838) 2903545380, 
4839) 2904504402, 
4840) 2905360144, 
4841) 2905419671, 
4842) 2906717039, 
4843) 2907315985, 
4844) 2908880834, 
4845) 2910261907, 
4846) 2910305660, 
4847) 2910549032, 
4848) 2910775724, 
4849) 2912676143, 
4850) 2913035136, 
4851) 2913260899, 
4852) 2913387241, 
4853) 2913641099, 
4854) 2915349962, 
4855) 2915510999, 
4856) 2916374234, 
4857) 2916932251, 
4858) 2917024521, 
4859) 2917257543, 
4860) 2917823634, 
4861) 2918049264, 
4862) 2918172170, 
4863) 2918871042, 
4864) 2918956799, 
4865) 2920011894, 
4866) 2920164837, 
4867) 2920238757, 
4868) 2920679435, 
4869) 2921634030, 
4870) 2921968447, 
4871) 2923721380, 
4872) 2923848635, 
4873) 2925386121, 
4874) 2925613603, 
4875) 2925724478, 
4876) 2925772989, 
4877) 2925850594, 
4878) 2926291466, 
4879) 2926933102, 
4880) 2927350145, 
4881) 2929170250, 
4882) 2929351848, 
4883) 2932239114, 
4884) 2932240947, 
4885) 2933035978, 
4886) 2933103670, 
4887) 2934286856, 
4888) 2934518542, 
4889) 2934967910, 
4890) 2935060818, 
4891) 2935708165, 
4892) 2935766549, 
4893) 2935778564, 
4894) 2936632979, 
4895) 2937150415, 
4896) 2937693085, 
4897) 2938028852, 
4898) 2939079627, 
4899) 2940479830, 
4900) 2942269774, 
4901) 2942472281, 
4902) 2943082083, 
4903) 2943496288, 
4904) 2943507381, 
4905) 2943587699, 
4906) 2943915072, 
4907) 2944717853, 
4908) 2945012944, 
4909) 2945543597, 
4910) 2946191727, 
4911) 2947380397, 
4912) 2948689958, 
4913) 2948851734, 
4914) 2948927129, 
4915) 2949030780, 
4916) 2950234580, 
4917) 2950278260, 
4918) 2951199719, 
4919) 2951335703, 
4920) 2951992252, 
4921) 2953061743, 
4922) 2953211604, 
4923) 2954853180, 
4924) 2955176172, 
4925) 2956214559, 
4926) 2956364072, 
4927) 2956949887, 
4928) 2957276530, 
4929) 2957429874, 
4930) 2959289983, 
4931) 2959727821, 
4932) 2959838395, 
4933) 2960375227, 
4934) 2960700107, 
4935) 2960782771, 
4936) 2961054250, 
4937) 2962495459, 
4938) 2963220776, 
4939) 2963642689, 
4940) 2964303005, 
4941) 2964979164, 
4942) 2965748391, 
4943) 2966332856, 
4944) 2966460915, 
4945) 2966790260, 
4946) 2967739780, 
4947) 2967935309, 
4948) 2968707388, 
4949) 2969914307, 
4950) 2970563359, 
4951) 2970861706, 
4952) 2971197820, 
4953) 2971817154, 
4954) 2972766524, 
4955) 2973138822, 
4956) 2973218355, 
4957) 2973268234, 
4958) 2973281432, 
4959) 2974375360, 
4960) 2974795818, 
4961) 2976291813, 
4962) 2976308824, 
4963) 2977474577, 
4964) 2977844423, 
4965) 2977953956, 
4966) 2978052536, 
4967) 2978612105, 
4968) 2979090310, 
4969) 2979091364, 
4970) 2979276548, 
4971) 2979717956, 
4972) 2981371720, 
4973) 2981986710, 
4974) 2982303007, 
4975) 2984248183, 
4976) 2984267450, 
4977) 2984553252, 
4978) 2984626903, 
4979) 2985060454, 
4980) 2985833951, 
4981) 2987308174, 
4982) 2988261527, 
4983) 2988288902, 
4984) 2989497567, 
4985) 2989861470, 
4986) 2989867957, 
4987) 2990010779, 
4988) 2991760464, 
4989) 2992685904, 
4990) 2993002917, 
4991) 2995998328, 
4992) 2996291578, 
4993) 2996376108, 
4994) 2997520730, 
4995) 2997908707, 
4996) 2998451365, 
4997) 2998517166, 
4998) 2999220506, 
4999) 2999448927, 
