Number of elements is 500
Type of array is sorted
Sorting algorithm - quick
Running time of sorting algorithm is 18ms
0) 3471216, 
1) 7786440, 
2) 8902506, 
3) 14730985, 
4) 18047726, 
5) 25596487, 
6) 35747739, 
7) 37080342, 
8) 39846015, 
9) 49365449, 
10) 54354372, 
11) 55810147, 
12) 58395777, 
13) 72160447, 
14) 72812550, 
15) 72949676, 
16) 74429477, 
17) 79414371, 
18) 79903044, 
19) 81733499, 
20) 89118055, 
21) 90291122, 
22) 97549729, 
23) 107450827, 
24) 119607574, 
25) 120398890, 
26) 120712663, 
27) 122033112, 
28) 123981905, 
29) 134420356, 
30) 143369638, 
31) 144889486, 
32) 148221440, 
33) 153358846, 
34) 158121042, 
35) 171923961, 
36) 185545699, 
37) 186840074, 
38) 190023981, 
39) 191594838, 
40) 192385664, 
41) 202931369, 
42) 204099477, 
43) 204576273, 
44) 205784877, 
45) 206941652, 
46) 208988217, 
47) 209226836, 
48) 216240486, 
49) 227342244, 
50) 244670462, 
51) 247225729, 
52) 250163359, 
53) 261853171, 
54) 266306860, 
55) 267983535, 
56) 271907786, 
57) 276710969, 
58) 281095825, 
59) 285462883, 
60) 292095956, 
61) 299027482, 
62) 306297376, 
63) 313217327, 
64) 316996987, 
65) 321093032, 
66) 325759069, 
67) 328174874, 
68) 329272209, 
69) 329687310, 
70) 330738920, 
71) 334297594, 
72) 345396328, 
73) 350469589, 
74) 352056837, 
75) 353537902, 
76) 355624978, 
77) 356545356, 
78) 368818297, 
79) 371462654, 
80) 372565419, 
81) 373842700, 
82) 374624526, 
83) 379641421, 
84) 396201130, 
85) 408912434, 
86) 413226197, 
87) 413966628, 
88) 414031866, 
89) 415241761, 
90) 425496589, 
91) 431188253, 
92) 455544455, 
93) 469887222, 
94) 473905985, 
95) 474041622, 
96) 476565265, 
97) 485163043, 
98) 487882276, 
99) 504835747, 
100) 512619028, 
101) 527927655, 
102) 530317909, 
103) 537454650, 
104) 543038709, 
105) 549939567, 
106) 556656436, 
107) 561722806, 
108) 567941328, 
109) 568693636, 
110) 581677111, 
111) 599305592, 
112) 607497630, 
113) 625504823, 
114) 639781251, 
115) 640177041, 
116) 646839166, 
117) 649525194, 
118) 651865623, 
119) 656875854, 
120) 676471498, 
121) 682100524, 
122) 695429507, 
123) 700847704, 
124) 703532924, 
125) 708153083, 
126) 717926615, 
127) 731990501, 
128) 733669127, 
129) 736266403, 
130) 737070243, 
131) 743183504, 
132) 754025909, 
133) 761383812, 
134) 778407898, 
135) 782450454, 
136) 784607471, 
137) 788084630, 
138) 799068768, 
139) 803875736, 
140) 812913547, 
141) 813319433, 
142) 813653077, 
143) 827207138, 
144) 829869882, 
145) 836926306, 
146) 837557320, 
147) 839823635, 
148) 843607990, 
149) 844717844, 
150) 855242280, 
151) 857800914, 
152) 858641630, 
153) 861548622, 
154) 869487054, 
155) 878286948, 
156) 883249621, 
157) 900722271, 
158) 906924249, 
159) 913975107, 
160) 922863725, 
161) 923654030, 
162) 932205963, 
163) 935269685, 
164) 950749094, 
165) 953226775, 
166) 963831625, 
167) 963871845, 
168) 976371639, 
169) 983819871, 
170) 990666782, 
171) 992055215, 
172) 992870636, 
173) 1011867136, 
174) 1028112681, 
175) 1033161138, 
176) 1039701578, 
177) 1050091948, 
178) 1052327685, 
179) 1077620838, 
180) 1094088876, 
181) 1096705920, 
182) 1098211162, 
183) 1099785841, 
184) 1112507177, 
185) 1113076550, 
186) 1140672569, 
187) 1153104799, 
188) 1170987956, 
189) 1176123111, 
190) 1181713472, 
191) 1184423392, 
192) 1189394685, 
193) 1195423344, 
194) 1212962187, 
195) 1219253733, 
196) 1224520674, 
197) 1228093829, 
198) 1229177103, 
199) 1234765698, 
200) 1245557883, 
201) 1248395955, 
202) 1264583308, 
203) 1276079257, 
204) 1276548072, 
205) 1287191198, 
206) 1290004928, 
207) 1291015397, 
208) 1294232560, 
209) 1304795968, 
210) 1318478826, 
211) 1326649657, 
212) 1343686845, 
213) 1346463649, 
214) 1351860878, 
215) 1359388412, 
216) 1362043620, 
217) 1362268614, 
218) 1364395173, 
219) 1364625566, 
220) 1374974883, 
221) 1380207064, 
222) 1394525978, 
223) 1424520140, 
224) 1425490014, 
225) 1428829868, 
226) 1434965099, 
227) 1445871144, 
228) 1446054973, 
229) 1451679449, 
230) 1457793440, 
231) 1463367505, 
232) 1464117368, 
233) 1473725902, 
234) 1485978265, 
235) 1495942772, 
236) 1499376778, 
237) 1502060144, 
238) 1506903751, 
239) 1512138336, 
240) 1532202195, 
241) 1533670378, 
242) 1537495981, 
243) 1542077197, 
244) 1543156558, 
245) 1546017810, 
246) 1555553204, 
247) 1558344587, 
248) 1561304254, 
249) 1589716309, 
250) 1589863716, 
251) 1596222805, 
252) 1610091845, 
253) 1610591042, 
254) 1612587602, 
255) 1615388452, 
256) 1628887686, 
257) 1633129591, 
258) 1646583896, 
259) 1652761548, 
260) 1661812746, 
261) 1662755956, 
262) 1673983528, 
263) 1684056713, 
264) 1684533346, 
265) 1693017391, 
266) 1700989335, 
267) 1701234062, 
268) 1703529736, 
269) 1709859665, 
270) 1712234602, 
271) 1717386561, 
272) 1725204311, 
273) 1726472054, 
274) 1728472019, 
275) 1732119528, 
276) 1738454464, 
277) 1743277034, 
278) 1745847930, 
279) 1758011097, 
280) 1763865296, 
281) 1765871537, 
282) 1770412804, 
283) 1776045400, 
284) 1780225811, 
285) 1782820219, 
286) 1783426654, 
287) 1794830288, 
288) 1798554429, 
289) 1804770653, 
290) 1820413642, 
291) 1830165105, 
292) 1833948184, 
293) 1839561459, 
294) 1845291520, 
295) 1845509602, 
296) 1845540566, 
297) 1846784236, 
298) 1846863161, 
299) 1856723194, 
300) 1857378036, 
301) 1865012944, 
302) 1868206782, 
303) 1872173360, 
304) 1874474712, 
305) 1875243394, 
306) 1877859314, 
307) 1882628259, 
308) 1884437937, 
309) 1885991793, 
310) 1892658733, 
311) 1893892368, 
312) 1893937266, 
313) 1897541572, 
314) 1902736335, 
315) 1912650415, 
316) 1916919765, 
317) 1926604845, 
318) 1929662078, 
319) 1936995587, 
320) 1937268662, 
321) 1937757755, 
322) 1939218801, 
323) 1942864635, 
324) 1944420329, 
325) 1946918603, 
326) 1948856753, 
327) 1949428009, 
328) 1954822075, 
329) 1964159368, 
330) 1964483973, 
331) 1965626795, 
332) 1986793866, 
333) 1987179306, 
334) 2006560280, 
335) 2012989790, 
336) 2013799130, 
337) 2015423946, 
338) 2015472847, 
339) 2016933974, 
340) 2017466236, 
341) 2019224692, 
342) 2022362607, 
343) 2023566305, 
344) 2026410241, 
345) 2028960995, 
346) 2032146143, 
347) 2037104148, 
348) 2040592219, 
349) 2045357355, 
350) 2045637895, 
351) 2045932030, 
352) 2059797437, 
353) 2066978265, 
354) 2070559050, 
355) 2071377185, 
356) 2072536251, 
357) 2083388144, 
358) 2087500442, 
359) 2089417967, 
360) 2107001112, 
361) 2107001118, 
362) 2107199282, 
363) 2107519737, 
364) 2118402634, 
365) 2124511784, 
366) 2133734328, 
367) 2134686787, 
368) 2136874984, 
369) 2138086078, 
370) 2140965549, 
371) 2141908279, 
372) 2142501804, 
373) 2148083501, 
374) 2161963285, 
375) 2170021417, 
376) 2171488803, 
377) 2173812945, 
378) 2198555443, 
379) 2204862196, 
380) 2215303584, 
381) 2220772775, 
382) 2228788067, 
383) 2245342569, 
384) 2256752605, 
385) 2259146270, 
386) 2267720092, 
387) 2275382112, 
388) 2286332883, 
389) 2288904885, 
390) 2291571776, 
391) 2303093908, 
392) 2316280785, 
393) 2316573615, 
394) 2317033249, 
395) 2330359525, 
396) 2331895695, 
397) 2353734539, 
398) 2356928249, 
399) 2361388341, 
400) 2372691949, 
401) 2388842513, 
402) 2392159866, 
403) 2398843333, 
404) 2400668474, 
405) 2414352940, 
406) 2415497151, 
407) 2418396168, 
408) 2424589164, 
409) 2432810529, 
410) 2433562556, 
411) 2454964041, 
412) 2455129680, 
413) 2461104382, 
414) 2473497571, 
415) 2476545095, 
416) 2484959916, 
417) 2490113649, 
418) 2492219741, 
419) 2497074218, 
420) 2497323633, 
421) 2503994109, 
422) 2518951515, 
423) 2531240693, 
424) 2538437804, 
425) 2539150288, 
426) 2542976828, 
427) 2545122169, 
428) 2549240608, 
429) 2552090142, 
430) 2556203876, 
431) 2560436659, 
432) 2566223343, 
433) 2567178083, 
434) 2567229230, 
435) 2575922971, 
436) 2586612386, 
437) 2589058494, 
438) 2594851928, 
439) 2602030854, 
440) 2602372801, 
441) 2611715866, 
442) 2622867409, 
443) 2623249893, 
444) 2632521603, 
445) 2635342367, 
446) 2654619851, 
447) 2656770363, 
448) 2660356326, 
449) 2663936413, 
450) 2665346864, 
451) 2691048904, 
452) 2698602209, 
453) 2704094323, 
454) 2713253564, 
455) 2715770902, 
456) 2725032587, 
457) 2725706591, 
458) 2733076266, 
459) 2736237709, 
460) 2737073761, 
461) 2738390873, 
462) 2747763015, 
463) 2758341440, 
464) 2761222344, 
465) 2766970809, 
466) 2773919683, 
467) 2792311957, 
468) 2794366101, 
469) 2802125001, 
470) 2804197599, 
471) 2820942255, 
472) 2821276695, 
473) 2822236739, 
474) 2833166039, 
475) 2833579350, 
476) 2853552796, 
477) 2862215636, 
478) 2877413183, 
479) 2882225151, 
480) 2886958426, 
481) 2893960657, 
482) 2903589959, 
483) 2903934323, 
484) 2904368027, 
485) 2905594606, 
486) 2906759349, 
487) 2909386903, 
488) 2916367527, 
489) 2920392751, 
490) 2934122246, 
491) 2945946690, 
492) 2950794495, 
493) 2951099363, 
494) 2960105419, 
495) 2962744721, 
496) 2965644890, 
497) 2975942843, 
498) 2981885914, 
499) 2996819603, 
