Number of elements is 500
Type of array is rendomized
Sorting algorithm - quick
Running time of sorting algorithm is 54ms
0) 190314, 
1) 12342689, 
2) 27340953, 
3) 33625921, 
4) 34427046, 
5) 36712178, 
6) 41034001, 
7) 46443014, 
8) 49379688, 
9) 55058373, 
10) 61426981, 
11) 68036675, 
12) 71699841, 
13) 75666142, 
14) 80032437, 
15) 80082053, 
16) 80672929, 
17) 87047493, 
18) 88916481, 
19) 99785343, 
20) 132787230, 
21) 142468573, 
22) 146594484, 
23) 149796305, 
24) 161767884, 
25) 162784550, 
26) 163037272, 
27) 172531216, 
28) 172758692, 
29) 181418478, 
30) 185979596, 
31) 187325241, 
32) 193507350, 
33) 197246877, 
34) 199781371, 
35) 220113660, 
36) 233955291, 
37) 240702900, 
38) 242769075, 
39) 253035664, 
40) 257416231, 
41) 265013481, 
42) 267194136, 
43) 277919550, 
44) 291417744, 
45) 299411673, 
46) 300642417, 
47) 301043533, 
48) 302177812, 
49) 302655274, 
50) 304734126, 
51) 311781931, 
52) 315732378, 
53) 317413697, 
54) 322456949, 
55) 328576450, 
56) 330097296, 
57) 337290575, 
58) 344820130, 
59) 356841796, 
60) 361811140, 
61) 394452661, 
62) 394893931, 
63) 407787079, 
64) 418684786, 
65) 430745024, 
66) 437813495, 
67) 438789072, 
68) 442225285, 
69) 444235631, 
70) 445884055, 
71) 451374265, 
72) 453656070, 
73) 466828233, 
74) 471255966, 
75) 471505435, 
76) 473524796, 
77) 477558370, 
78) 498847441, 
79) 501804245, 
80) 505425142, 
81) 507977220, 
82) 509106001, 
83) 510893772, 
84) 516323813, 
85) 517084073, 
86) 517593207, 
87) 552396278, 
88) 555026423, 
89) 556203130, 
90) 558653571, 
91) 559236495, 
92) 571839190, 
93) 573582125, 
94) 579464832, 
95) 594661696, 
96) 616875555, 
97) 623366850, 
98) 625583074, 
99) 627556569, 
100) 631638671, 
101) 641827145, 
102) 645053221, 
103) 657443257, 
104) 658621662, 
105) 661198053, 
106) 663821940, 
107) 682474242, 
108) 687411927, 
109) 689163046, 
110) 701025516, 
111) 709848018, 
112) 711293764, 
113) 715945006, 
114) 717726897, 
115) 718345628, 
116) 726688614, 
117) 731395342, 
118) 757872221, 
119) 769677094, 
120) 784788131, 
121) 787910086, 
122) 790337001, 
123) 808503827, 
124) 817892166, 
125) 821873912, 
126) 831101254, 
127) 833207247, 
128) 839592426, 
129) 853932350, 
130) 857325088, 
131) 867298634, 
132) 873757851, 
133) 875631964, 
134) 887639957, 
135) 901084295, 
136) 904849997, 
137) 909292806, 
138) 910691185, 
139) 911019036, 
140) 930480849, 
141) 930780237, 
142) 943371742, 
143) 944840248, 
144) 951969644, 
145) 955008323, 
146) 958755293, 
147) 973413164, 
148) 974197642, 
149) 991901587, 
150) 994166974, 
151) 1008839175, 
152) 1019863658, 
153) 1029733570, 
154) 1033345102, 
155) 1037072828, 
156) 1042419499, 
157) 1042551244, 
158) 1044477255, 
159) 1049233496, 
160) 1052694853, 
161) 1052699503, 
162) 1060309754, 
163) 1063112026, 
164) 1066450060, 
165) 1081992413, 
166) 1083440898, 
167) 1085403622, 
168) 1086992527, 
169) 1094907760, 
170) 1096285995, 
171) 1100054077, 
172) 1115467683, 
173) 1122403301, 
174) 1124582434, 
175) 1124648275, 
176) 1129097938, 
177) 1130085713, 
178) 1132541191, 
179) 1132935533, 
180) 1133001917, 
181) 1134371264, 
182) 1134600453, 
183) 1136352846, 
184) 1148233778, 
185) 1155385417, 
186) 1184388069, 
187) 1185506903, 
188) 1189800904, 
189) 1203016103, 
190) 1204153790, 
191) 1209288308, 
192) 1221835345, 
193) 1224308852, 
194) 1230328420, 
195) 1266410726, 
196) 1271644642, 
197) 1272282154, 
198) 1281361297, 
199) 1289456664, 
200) 1295424002, 
201) 1304316086, 
202) 1306581220, 
203) 1309664294, 
204) 1314964224, 
205) 1318107377, 
206) 1319721412, 
207) 1321228157, 
208) 1338338473, 
209) 1342407834, 
210) 1343270985, 
211) 1343664552, 
212) 1346813516, 
213) 1348182203, 
214) 1357391083, 
215) 1360677648, 
216) 1367008548, 
217) 1368908863, 
218) 1369703201, 
219) 1370585987, 
220) 1390087227, 
221) 1391951769, 
222) 1395766617, 
223) 1398504580, 
224) 1398816548, 
225) 1402700643, 
226) 1406182091, 
227) 1417012040, 
228) 1422534645, 
229) 1423115280, 
230) 1426312334, 
231) 1429367872, 
232) 1438003812, 
233) 1449441442, 
234) 1457288003, 
235) 1476520777, 
236) 1478064352, 
237) 1478856139, 
238) 1484337040, 
239) 1490785115, 
240) 1499573555, 
241) 1501496344, 
242) 1504188715, 
243) 1504851057, 
244) 1523427325, 
245) 1524061226, 
246) 1536247284, 
247) 1543642108, 
248) 1545538137, 
249) 1546122621, 
250) 1549540161, 
251) 1550170203, 
252) 1553412641, 
253) 1558588422, 
254) 1559761224, 
255) 1564374148, 
256) 1575761246, 
257) 1576910765, 
258) 1577143596, 
259) 1579859014, 
260) 1580232468, 
261) 1600987808, 
262) 1603939847, 
263) 1616624775, 
264) 1617610126, 
265) 1620800749, 
266) 1622561547, 
267) 1622941963, 
268) 1627287338, 
269) 1628693233, 
270) 1643187022, 
271) 1643616700, 
272) 1648850735, 
273) 1653182088, 
274) 1657745796, 
275) 1660792327, 
276) 1669914946, 
277) 1670141178, 
278) 1674814852, 
279) 1682411743, 
280) 1686388182, 
281) 1688358196, 
282) 1690665294, 
283) 1698732868, 
284) 1700490319, 
285) 1705393787, 
286) 1706790246, 
287) 1708810098, 
288) 1709599407, 
289) 1712492800, 
290) 1713820048, 
291) 1721920983, 
292) 1733022053, 
293) 1737800842, 
294) 1753823124, 
295) 1754825277, 
296) 1761839123, 
297) 1785492162, 
298) 1785680797, 
299) 1786902976, 
300) 1794147246, 
301) 1800432121, 
302) 1802457467, 
303) 1810576321, 
304) 1821081552, 
305) 1824809419, 
306) 1828266961, 
307) 1835810563, 
308) 1836193686, 
309) 1837049049, 
310) 1846598586, 
311) 1849396128, 
312) 1857043182, 
313) 1862004843, 
314) 1863039720, 
315) 1866203936, 
316) 1868303404, 
317) 1879677149, 
318) 1886637186, 
319) 1890414868, 
320) 1897931146, 
321) 1901541697, 
322) 1901706749, 
323) 1904492969, 
324) 1907187459, 
325) 1916109424, 
326) 1920395138, 
327) 1921701510, 
328) 1924896257, 
329) 1924943475, 
330) 1941497084, 
331) 1953771162, 
332) 1954282301, 
333) 1956955816, 
334) 1962436329, 
335) 1978864895, 
336) 1982597120, 
337) 1983965011, 
338) 1984305201, 
339) 1984573214, 
340) 1985716289, 
341) 1987634529, 
342) 1989684251, 
343) 1993254735, 
344) 1995759941, 
345) 1998063991, 
346) 2006406261, 
347) 2009708577, 
348) 2013548242, 
349) 2025395552, 
350) 2029769053, 
351) 2032587246, 
352) 2036540424, 
353) 2037115938, 
354) 2042152425, 
355) 2043657654, 
356) 2044696957, 
357) 2045683359, 
358) 2070469701, 
359) 2077724856, 
360) 2078848679, 
361) 2079465628, 
362) 2079963824, 
363) 2098091913, 
364) 2103891676, 
365) 2104094865, 
366) 2112267409, 
367) 2113563363, 
368) 2113884769, 
369) 2117110007, 
370) 2134683465, 
371) 2146852736, 
372) 2147557192, 
373) 2148257829, 
374) 2150207154, 
375) 2153023312, 
376) 2159370873, 
377) 2161481427, 
378) 2167147137, 
379) 2167715818, 
380) 2183001336, 
381) 2195320205, 
382) 2198873007, 
383) 2200616722, 
384) 2203077829, 
385) 2210770247, 
386) 2217725036, 
387) 2220283292, 
388) 2220938427, 
389) 2222345655, 
390) 2228109011, 
391) 2230254589, 
392) 2235212561, 
393) 2248337440, 
394) 2265177133, 
395) 2279962078, 
396) 2291946718, 
397) 2301131125, 
398) 2305982843, 
399) 2307897025, 
400) 2314141396, 
401) 2316961549, 
402) 2330344638, 
403) 2338731981, 
404) 2346477681, 
405) 2354551009, 
406) 2358734574, 
407) 2364778467, 
408) 2367253082, 
409) 2375483498, 
410) 2378312033, 
411) 2381328485, 
412) 2383301315, 
413) 2384448077, 
414) 2385266451, 
415) 2386938743, 
416) 2394586064, 
417) 2396069126, 
418) 2400977550, 
419) 2401533670, 
420) 2408065145, 
421) 2408624090, 
422) 2411869682, 
423) 2418230573, 
424) 2422154877, 
425) 2427882579, 
426) 2436762637, 
427) 2442734187, 
428) 2448900860, 
429) 2453074749, 
430) 2469602391, 
431) 2477573302, 
432) 2481330384, 
433) 2481537153, 
434) 2481603016, 
435) 2487885748, 
436) 2516175901, 
437) 2528593218, 
438) 2540178692, 
439) 2541470960, 
440) 2543438599, 
441) 2545120194, 
442) 2557906542, 
443) 2573266377, 
444) 2581235543, 
445) 2581904466, 
446) 2592256152, 
447) 2597101604, 
448) 2602657877, 
449) 2605599010, 
450) 2614924446, 
451) 2629391365, 
452) 2656921716, 
453) 2661095893, 
454) 2665295048, 
455) 2670768581, 
456) 2678780848, 
457) 2691087281, 
458) 2695185684, 
459) 2701231370, 
460) 2711785520, 
461) 2726052981, 
462) 2727343556, 
463) 2742156666, 
464) 2742264116, 
465) 2747408223, 
466) 2753621518, 
467) 2754752682, 
468) 2759159491, 
469) 2764675277, 
470) 2782829918, 
471) 2784356023, 
472) 2785970691, 
473) 2792195089, 
474) 2794490552, 
475) 2795569647, 
476) 2799298613, 
477) 2815075992, 
478) 2824346352, 
479) 2835291769, 
480) 2836063583, 
481) 2840669001, 
482) 2843532815, 
483) 2843806860, 
484) 2856306526, 
485) 2878732078, 
486) 2884930689, 
487) 2896509839, 
488) 2900172979, 
489) 2907447318, 
490) 2910209935, 
491) 2916647132, 
492) 2921806645, 
493) 2947010852, 
494) 2953759982, 
495) 2954414491, 
496) 2961845376, 
497) 2971920666, 
498) 2989601688, 
499) 2991771692, 
