Number of elements is 100
Type of array is reversed
Sorting algorithm - quick
Running time of sorting algorithm is 4ms
0) 26333058, 
1) 101615035, 
2) 189998222, 
3) 195543515, 
4) 217467961, 
5) 284904339, 
6) 298428609, 
7) 327397310, 
8) 328987787, 
9) 360695941, 
10) 365599283, 
11) 468066559, 
12) 478081106, 
13) 544365117, 
14) 585258192, 
15) 591746988, 
16) 607807638, 
17) 679561824, 
18) 718296171, 
19) 719355389, 
20) 724183363, 
21) 760016942, 
22) 761312865, 
23) 804479597, 
24) 814363020, 
25) 816556431, 
26) 817774718, 
27) 846502716, 
28) 856157109, 
29) 878717151, 
30) 886479483, 
31) 887813807, 
32) 888728657, 
33) 897069347, 
34) 933547327, 
35) 988486957, 
36) 1044266887, 
37) 1085053100, 
38) 1086560168, 
39) 1123091068, 
40) 1126732860, 
41) 1133123889, 
42) 1151343439, 
43) 1168724334, 
44) 1186841810, 
45) 1206721893, 
46) 1227535481, 
47) 1282912000, 
48) 1322589970, 
49) 1324335948, 
50) 1357359163, 
51) 1388559807, 
52) 1404826870, 
53) 1466192461, 
54) 1511224358, 
55) 1565132362, 
56) 1568889749, 
57) 1586637572, 
58) 1597169928, 
59) 1698561503, 
60) 1752108243, 
61) 1754760403, 
62) 1845135508, 
63) 1849655399, 
64) 1857470437, 
65) 1883763903, 
66) 1913705781, 
67) 1914800626, 
68) 1930485529, 
69) 1932914359, 
70) 1953613349, 
71) 2107117960, 
72) 2108605751, 
73) 2153945343, 
74) 2160437881, 
75) 2167458259, 
76) 2173602499, 
77) 2209790782, 
78) 2255577444, 
79) 2324485672, 
80) 2389259582, 
81) 2395907981, 
82) 2437745029, 
83) 2454093116, 
84) 2546180769, 
85) 2551337446, 
86) 2582559605, 
87) 2660667506, 
88) 2696493803, 
89) 2745694887, 
90) 2748605175, 
91) 2794105626, 
92) 2802250125, 
93) 2806901154, 
94) 2811042227, 
95) 2843171299, 
96) 2850664625, 
97) 2895332007, 
98) 2907573121, 
99) 2967776949, 
