Number of elements is 1000
Type of array is sorted
Sorting algorithm - quick
Running time of sorting algorithm is 34ms
0) 1627515, 
1) 2191216, 
2) 3613375, 
3) 4471896, 
4) 7893468, 
5) 8542315, 
6) 13790579, 
7) 16404435, 
8) 22127666, 
9) 26171636, 
10) 26377077, 
11) 33543578, 
12) 34439781, 
13) 34541334, 
14) 36664480, 
15) 39366658, 
16) 40412279, 
17) 48013262, 
18) 51543446, 
19) 52771258, 
20) 53351928, 
21) 53728420, 
22) 59709139, 
23) 60558695, 
24) 60682941, 
25) 60919699, 
26) 62714303, 
27) 64297677, 
28) 67189766, 
29) 67656146, 
30) 70129436, 
31) 71505360, 
32) 75518793, 
33) 87794495, 
34) 88396905, 
35) 90291855, 
36) 93610205, 
37) 94824552, 
38) 95141945, 
39) 95287769, 
40) 95740127, 
41) 98592147, 
42) 100893724, 
43) 104301451, 
44) 110432355, 
45) 113618405, 
46) 114376412, 
47) 122797178, 
48) 125478535, 
49) 125850728, 
50) 130102583, 
51) 133925418, 
52) 135195013, 
53) 138396624, 
54) 139772488, 
55) 140171547, 
56) 149248738, 
57) 150116283, 
58) 154795197, 
59) 156502482, 
60) 159995631, 
61) 164126303, 
62) 171440114, 
63) 173962362, 
64) 177586969, 
65) 179067995, 
66) 179594749, 
67) 180834789, 
68) 183211372, 
69) 189182528, 
70) 195128791, 
71) 196396310, 
72) 206768998, 
73) 216107154, 
74) 217427416, 
75) 220116927, 
76) 221320424, 
77) 221400754, 
78) 222928726, 
79) 224203980, 
80) 225036306, 
81) 225199194, 
82) 229631040, 
83) 234109647, 
84) 234685891, 
85) 236046046, 
86) 236699719, 
87) 243172144, 
88) 250589816, 
89) 253656249, 
90) 256346144, 
91) 256680843, 
92) 260853439, 
93) 272562626, 
94) 273749899, 
95) 275845943, 
96) 276844034, 
97) 278441281, 
98) 288962098, 
99) 289762588, 
100) 291172448, 
101) 297009911, 
102) 300734834, 
103) 301377770, 
104) 301737053, 
105) 304420410, 
106) 306966320, 
107) 307672070, 
108) 315934902, 
109) 318903938, 
110) 322781289, 
111) 322976541, 
112) 327302604, 
113) 331297631, 
114) 337563558, 
115) 345892584, 
116) 347748763, 
117) 348185474, 
118) 348205185, 
119) 350477498, 
120) 352647314, 
121) 358168244, 
122) 359665877, 
123) 361613497, 
124) 363245214, 
125) 367057314, 
126) 368684417, 
127) 368910095, 
128) 371423124, 
129) 376046628, 
130) 379204172, 
131) 383309512, 
132) 384574060, 
133) 386416396, 
134) 388824963, 
135) 389695501, 
136) 390942077, 
137) 397486556, 
138) 397528093, 
139) 417850979, 
140) 426191900, 
141) 426430999, 
142) 429676557, 
143) 430609304, 
144) 435422079, 
145) 439699068, 
146) 440208991, 
147) 444335749, 
148) 447462350, 
149) 451964184, 
150) 452809322, 
151) 454134251, 
152) 456628483, 
153) 458563443, 
154) 459103405, 
155) 464386574, 
156) 470857801, 
157) 473795660, 
158) 479944018, 
159) 482143305, 
160) 482208812, 
161) 484955639, 
162) 484982870, 
163) 488501001, 
164) 494501220, 
165) 497266422, 
166) 503733110, 
167) 512043316, 
168) 519351136, 
169) 520591642, 
170) 520609422, 
171) 520841160, 
172) 523258194, 
173) 527527871, 
174) 530208825, 
175) 533072931, 
176) 533923639, 
177) 536651292, 
178) 537269667, 
179) 539828751, 
180) 540177383, 
181) 541390100, 
182) 542735124, 
183) 547602569, 
184) 548408394, 
185) 550743212, 
186) 550892683, 
187) 554566639, 
188) 555418936, 
189) 571721382, 
190) 571969670, 
191) 574278247, 
192) 575961975, 
193) 576465901, 
194) 588140497, 
195) 592460765, 
196) 593200319, 
197) 597329864, 
198) 599353496, 
199) 600804209, 
200) 602839785, 
201) 603748041, 
202) 607141880, 
203) 617005591, 
204) 617121091, 
205) 622994836, 
206) 625184022, 
207) 628914183, 
208) 634236033, 
209) 638656308, 
210) 650501344, 
211) 655061335, 
212) 662663407, 
213) 666127992, 
214) 666151712, 
215) 667891320, 
216) 668429127, 
217) 671685951, 
218) 674905009, 
219) 677485442, 
220) 677874668, 
221) 678852274, 
222) 688628634, 
223) 689037050, 
224) 689405196, 
225) 691610168, 
226) 693092601, 
227) 696171246, 
228) 703255170, 
229) 704299017, 
230) 706451034, 
231) 711469811, 
232) 727272382, 
233) 729054075, 
234) 730712771, 
235) 732872432, 
236) 734861280, 
237) 739067681, 
238) 740597972, 
239) 743483794, 
240) 744679631, 
241) 745682889, 
242) 747170314, 
243) 749405033, 
244) 751364559, 
245) 751414918, 
246) 753172241, 
247) 753695237, 
248) 756386139, 
249) 758230582, 
250) 758546335, 
251) 760113301, 
252) 764597136, 
253) 767003754, 
254) 771970302, 
255) 772830225, 
256) 776295521, 
257) 779020024, 
258) 783404833, 
259) 785997615, 
260) 787621778, 
261) 790030543, 
262) 793269923, 
263) 795036963, 
264) 796006297, 
265) 796505410, 
266) 797685447, 
267) 799307096, 
268) 802953639, 
269) 803237511, 
270) 805210026, 
271) 805544560, 
272) 807693579, 
273) 814042696, 
274) 815038749, 
275) 821091222, 
276) 821666812, 
277) 824380113, 
278) 824811603, 
279) 826823143, 
280) 827363829, 
281) 828145640, 
282) 831066654, 
283) 835898811, 
284) 841099329, 
285) 845651768, 
286) 847302787, 
287) 847656581, 
288) 849442198, 
289) 850513931, 
290) 852298122, 
291) 852978942, 
292) 853032085, 
293) 854293442, 
294) 861088733, 
295) 863644054, 
296) 876254498, 
297) 877522727, 
298) 878997164, 
299) 879566317, 
300) 880440569, 
301) 881170315, 
302) 882751358, 
303) 883440876, 
304) 887313323, 
305) 900580048, 
306) 905117836, 
307) 906985493, 
308) 907060912, 
309) 908053610, 
310) 909552070, 
311) 910778746, 
312) 912613732, 
313) 913210082, 
314) 914070961, 
315) 918558257, 
316) 919748400, 
317) 926675988, 
318) 928922925, 
319) 930295822, 
320) 936430498, 
321) 942643256, 
322) 945541956, 
323) 947582284, 
324) 948356674, 
325) 948945978, 
326) 951898592, 
327) 953699123, 
328) 955546328, 
329) 957404077, 
330) 961784396, 
331) 966120061, 
332) 968611495, 
333) 974772092, 
334) 977191612, 
335) 981574308, 
336) 982819699, 
337) 984525499, 
338) 987224053, 
339) 989058294, 
340) 991274764, 
341) 998780171, 
342) 1011188262, 
343) 1011523077, 
344) 1012805182, 
345) 1014233788, 
346) 1025798430, 
347) 1027650919, 
348) 1028177798, 
349) 1028336099, 
350) 1032120810, 
351) 1032936922, 
352) 1034019741, 
353) 1036953151, 
354) 1043353715, 
355) 1043406077, 
356) 1045634159, 
357) 1050728182, 
358) 1051186630, 
359) 1052167910, 
360) 1056305416, 
361) 1061952515, 
362) 1062911363, 
363) 1065803326, 
364) 1072881156, 
365) 1075381521, 
366) 1075593749, 
367) 1078143387, 
368) 1086649299, 
369) 1091963680, 
370) 1095092309, 
371) 1095375105, 
372) 1103240840, 
373) 1105366618, 
374) 1107904118, 
375) 1108187164, 
376) 1109257391, 
377) 1110769928, 
378) 1114294919, 
379) 1117930468, 
380) 1121652636, 
381) 1126345129, 
382) 1128338139, 
383) 1132327417, 
384) 1132356057, 
385) 1132750926, 
386) 1133043943, 
387) 1142400066, 
388) 1145195552, 
389) 1147268201, 
390) 1147710137, 
391) 1152292214, 
392) 1154922394, 
393) 1155626736, 
394) 1156156496, 
395) 1159610889, 
396) 1160561922, 
397) 1166897981, 
398) 1167083081, 
399) 1172084447, 
400) 1172219474, 
401) 1172752320, 
402) 1181811505, 
403) 1182905732, 
404) 1184510851, 
405) 1186731186, 
406) 1191369978, 
407) 1198085464, 
408) 1199902061, 
409) 1202036837, 
410) 1203129830, 
411) 1206676385, 
412) 1208246307, 
413) 1208464012, 
414) 1216625927, 
415) 1218433057, 
416) 1220096756, 
417) 1220450625, 
418) 1221339574, 
419) 1227400906, 
420) 1233374783, 
421) 1235952254, 
422) 1236924744, 
423) 1237440689, 
424) 1237961725, 
425) 1246240045, 
426) 1253249329, 
427) 1253893598, 
428) 1258730903, 
429) 1258771161, 
430) 1262337573, 
431) 1269604074, 
432) 1269924493, 
433) 1276783632, 
434) 1279295469, 
435) 1284902037, 
436) 1286035132, 
437) 1287551088, 
438) 1288988529, 
439) 1290046785, 
440) 1292224283, 
441) 1295435816, 
442) 1297281688, 
443) 1297861881, 
444) 1299017412, 
445) 1299259000, 
446) 1300037459, 
447) 1307377593, 
448) 1310643298, 
449) 1313399608, 
450) 1315408702, 
451) 1315807811, 
452) 1320427354, 
453) 1321561740, 
454) 1329334173, 
455) 1330795316, 
456) 1332145145, 
457) 1332386906, 
458) 1333050394, 
459) 1334437053, 
460) 1338941949, 
461) 1340292439, 
462) 1342508866, 
463) 1349603587, 
464) 1359107853, 
465) 1363005371, 
466) 1368237751, 
467) 1375783198, 
468) 1383214975, 
469) 1383436364, 
470) 1387924187, 
471) 1388453276, 
472) 1388769344, 
473) 1388794711, 
474) 1391328858, 
475) 1393828524, 
476) 1394635907, 
477) 1398066588, 
478) 1403814693, 
479) 1405579437, 
480) 1405904780, 
481) 1405963656, 
482) 1412646027, 
483) 1414017158, 
484) 1415740809, 
485) 1424024373, 
486) 1428123246, 
487) 1432967890, 
488) 1436863105, 
489) 1437851328, 
490) 1438289869, 
491) 1439029684, 
492) 1444773625, 
493) 1452529033, 
494) 1453409321, 
495) 1458518942, 
496) 1472858985, 
497) 1478341119, 
498) 1479069580, 
499) 1479230703, 
500) 1480678089, 
501) 1480881622, 
502) 1482274599, 
503) 1486963254, 
504) 1496827414, 
505) 1500307612, 
506) 1507802891, 
507) 1508555064, 
508) 1522830471, 
509) 1523688692, 
510) 1534135780, 
511) 1536457555, 
512) 1538479544, 
513) 1540923201, 
514) 1541969187, 
515) 1548823572, 
516) 1551068281, 
517) 1554396874, 
518) 1556803736, 
519) 1562806567, 
520) 1563061908, 
521) 1566542505, 
522) 1569797770, 
523) 1571441012, 
524) 1584241778, 
525) 1587963471, 
526) 1588962148, 
527) 1589563640, 
528) 1590191791, 
529) 1590408493, 
530) 1592281918, 
531) 1598933995, 
532) 1603568924, 
533) 1604286965, 
534) 1610112594, 
535) 1611910407, 
536) 1613040147, 
537) 1613312183, 
538) 1613832835, 
539) 1615466538, 
540) 1617649461, 
541) 1619213612, 
542) 1620465548, 
543) 1626395319, 
544) 1628720459, 
545) 1632658707, 
546) 1638372726, 
547) 1640667570, 
548) 1641333998, 
549) 1641499639, 
550) 1641515302, 
551) 1645471501, 
552) 1645679132, 
553) 1652281914, 
554) 1653827933, 
555) 1666016098, 
556) 1668086732, 
557) 1669003140, 
558) 1669750963, 
559) 1672681711, 
560) 1679011873, 
561) 1679460538, 
562) 1681313384, 
563) 1683927982, 
564) 1685392509, 
565) 1685654329, 
566) 1687417708, 
567) 1688854381, 
568) 1693150734, 
569) 1693413783, 
570) 1698720297, 
571) 1698806432, 
572) 1698848285, 
573) 1699984452, 
574) 1705088999, 
575) 1710414600, 
576) 1711495526, 
577) 1712589457, 
578) 1714100995, 
579) 1714467821, 
580) 1718296011, 
581) 1722242398, 
582) 1723762195, 
583) 1723902149, 
584) 1727844005, 
585) 1734741294, 
586) 1741652749, 
587) 1742395628, 
588) 1744774108, 
589) 1748203789, 
590) 1749276151, 
591) 1751761471, 
592) 1751923630, 
593) 1755046690, 
594) 1755558425, 
595) 1763113164, 
596) 1763452191, 
597) 1764533600, 
598) 1770345967, 
599) 1770989655, 
600) 1771455007, 
601) 1771497886, 
602) 1772009489, 
603) 1774766205, 
604) 1777291329, 
605) 1778259067, 
606) 1783502887, 
607) 1786988765, 
608) 1787981561, 
609) 1790746399, 
610) 1792529006, 
611) 1797237336, 
612) 1798156264, 
613) 1807127344, 
614) 1809536727, 
615) 1814671257, 
616) 1818767601, 
617) 1821916505, 
618) 1823031122, 
619) 1823982268, 
620) 1825286596, 
621) 1827128527, 
622) 1827519649, 
623) 1828044074, 
624) 1829104180, 
625) 1833972526, 
626) 1834056413, 
627) 1837832406, 
628) 1838742112, 
629) 1839154800, 
630) 1840063223, 
631) 1844118568, 
632) 1855417700, 
633) 1856859593, 
634) 1858076394, 
635) 1858805436, 
636) 1861128079, 
637) 1862671909, 
638) 1865926333, 
639) 1867795813, 
640) 1868669442, 
641) 1869084098, 
642) 1876524714, 
643) 1878971493, 
644) 1879177604, 
645) 1883784477, 
646) 1885836740, 
647) 1886082173, 
648) 1888167432, 
649) 1888259911, 
650) 1890029802, 
651) 1897478909, 
652) 1899183163, 
653) 1902570460, 
654) 1908635028, 
655) 1911564629, 
656) 1912271923, 
657) 1912980773, 
658) 1914395531, 
659) 1915095831, 
660) 1919147141, 
661) 1919621048, 
662) 1921967256, 
663) 1922940425, 
664) 1925436729, 
665) 1926250921, 
666) 1926787606, 
667) 1929133786, 
668) 1938252247, 
669) 1939222086, 
670) 1943668352, 
671) 1944356017, 
672) 1944499104, 
673) 1948731015, 
674) 1948767226, 
675) 1951768136, 
676) 1955308123, 
677) 1955930274, 
678) 1958296619, 
679) 1964150840, 
680) 1964641330, 
681) 1965528501, 
682) 1968162836, 
683) 1968821621, 
684) 1970879704, 
685) 1971937451, 
686) 1973027984, 
687) 1976726321, 
688) 1977405639, 
689) 1978194881, 
690) 1983094993, 
691) 1984377546, 
692) 1985371490, 
693) 1986067167, 
694) 2006460363, 
695) 2010664951, 
696) 2012236555, 
697) 2015200879, 
698) 2017937419, 
699) 2022254262, 
700) 2022688569, 
701) 2027663137, 
702) 2032158947, 
703) 2033712919, 
704) 2037579008, 
705) 2041786393, 
706) 2042009793, 
707) 2052499798, 
708) 2054633737, 
709) 2059272871, 
710) 2063230169, 
711) 2064562763, 
712) 2073712504, 
713) 2076635133, 
714) 2081668710, 
715) 2085388379, 
716) 2085935080, 
717) 2087430133, 
718) 2090982903, 
719) 2093107425, 
720) 2093470932, 
721) 2096896519, 
722) 2097574983, 
723) 2102506197, 
724) 2103692686, 
725) 2109154134, 
726) 2117644356, 
727) 2120495905, 
728) 2121131492, 
729) 2123770780, 
730) 2125210032, 
731) 2127403095, 
732) 2128072045, 
733) 2132385989, 
734) 2141089821, 
735) 2141120239, 
736) 2141193444, 
737) 2146425317, 
738) 2148905975, 
739) 2153312584, 
740) 2157387492, 
741) 2162305358, 
742) 2164076584, 
743) 2164079537, 
744) 2166438423, 
745) 2171815232, 
746) 2172081715, 
747) 2179089503, 
748) 2181307809, 
749) 2193125791, 
750) 2197524017, 
751) 2198037451, 
752) 2205213204, 
753) 2206183049, 
754) 2207262183, 
755) 2213154203, 
756) 2217078905, 
757) 2219947501, 
758) 2223189493, 
759) 2223954302, 
760) 2224000743, 
761) 2227193172, 
762) 2228830499, 
763) 2228890534, 
764) 2232061796, 
765) 2240366941, 
766) 2241398354, 
767) 2241522968, 
768) 2247427861, 
769) 2249709243, 
770) 2250734291, 
771) 2250755419, 
772) 2252304931, 
773) 2254357091, 
774) 2256598339, 
775) 2261935115, 
776) 2263840200, 
777) 2269628936, 
778) 2271333005, 
779) 2272225999, 
780) 2276352529, 
781) 2278469583, 
782) 2280494056, 
783) 2283631888, 
784) 2283914188, 
785) 2289225962, 
786) 2293304496, 
787) 2294807991, 
788) 2295266519, 
789) 2300581432, 
790) 2300871657, 
791) 2309861455, 
792) 2310400809, 
793) 2310670300, 
794) 2318467804, 
795) 2321674509, 
796) 2323743562, 
797) 2344860243, 
798) 2346630547, 
799) 2357661507, 
800) 2361973922, 
801) 2365146578, 
802) 2365592913, 
803) 2366197557, 
804) 2368347604, 
805) 2371790156, 
806) 2372055649, 
807) 2375674133, 
808) 2377450464, 
809) 2380291414, 
810) 2384875469, 
811) 2394864091, 
812) 2399066255, 
813) 2402617762, 
814) 2406413123, 
815) 2407799620, 
816) 2410516701, 
817) 2413847978, 
818) 2413955386, 
819) 2435652498, 
820) 2440131585, 
821) 2441479196, 
822) 2442405565, 
823) 2443004905, 
824) 2453504809, 
825) 2461048382, 
826) 2466191439, 
827) 2467573684, 
828) 2471465940, 
829) 2475823936, 
830) 2489484665, 
831) 2491951118, 
832) 2503044349, 
833) 2503656779, 
834) 2503943831, 
835) 2507499221, 
836) 2514746479, 
837) 2516663941, 
838) 2522052677, 
839) 2523548798, 
840) 2525334625, 
841) 2529549559, 
842) 2536962526, 
843) 2539547072, 
844) 2540232633, 
845) 2564130515, 
846) 2564446668, 
847) 2565836762, 
848) 2566819770, 
849) 2567510587, 
850) 2567664405, 
851) 2568833279, 
852) 2569011007, 
853) 2574586951, 
854) 2577251202, 
855) 2577646829, 
856) 2580713607, 
857) 2582015977, 
858) 2589331504, 
859) 2594608645, 
860) 2598944611, 
861) 2605971005, 
862) 2606328627, 
863) 2607067844, 
864) 2610173517, 
865) 2612224571, 
866) 2612352096, 
867) 2614638500, 
868) 2616996628, 
869) 2624957662, 
870) 2626354341, 
871) 2633016399, 
872) 2633136540, 
873) 2638707666, 
874) 2640113209, 
875) 2643776672, 
876) 2645760875, 
877) 2646054782, 
878) 2649175664, 
879) 2651154110, 
880) 2651992555, 
881) 2653868493, 
882) 2661744057, 
883) 2666184597, 
884) 2668338387, 
885) 2674971518, 
886) 2678397501, 
887) 2679460570, 
888) 2681388962, 
889) 2685158685, 
890) 2685164088, 
891) 2686704533, 
892) 2687350081, 
893) 2687484853, 
894) 2692112383, 
895) 2694922616, 
896) 2697860863, 
897) 2701530227, 
898) 2702154588, 
899) 2703899953, 
900) 2704728250, 
901) 2707666225, 
902) 2709569768, 
903) 2710405627, 
904) 2713026534, 
905) 2714799030, 
906) 2715374656, 
907) 2715528609, 
908) 2716444361, 
909) 2716513414, 
910) 2719035398, 
911) 2727777460, 
912) 2728327402, 
913) 2729284600, 
914) 2732078548, 
915) 2732791361, 
916) 2733888070, 
917) 2734448671, 
918) 2735507201, 
919) 2735916079, 
920) 2737484998, 
921) 2738560383, 
922) 2739644678, 
923) 2743808083, 
924) 2746378793, 
925) 2747334288, 
926) 2747674941, 
927) 2748306735, 
928) 2749294192, 
929) 2762446734, 
930) 2766838508, 
931) 2770719186, 
932) 2770978477, 
933) 2773914719, 
934) 2776288719, 
935) 2778687872, 
936) 2778927188, 
937) 2782268826, 
938) 2782554574, 
939) 2784442150, 
940) 2786772271, 
941) 2793591916, 
942) 2793881399, 
943) 2795148909, 
944) 2798626853, 
945) 2802962614, 
946) 2821797981, 
947) 2825655916, 
948) 2832149351, 
949) 2847187761, 
950) 2847275734, 
951) 2850764505, 
952) 2851721570, 
953) 2853635483, 
954) 2854864433, 
955) 2860954585, 
956) 2862153359, 
957) 2864788230, 
958) 2868637006, 
959) 2870885658, 
960) 2878634404, 
961) 2881112027, 
962) 2883103284, 
963) 2884570056, 
964) 2885264127, 
965) 2885736738, 
966) 2893796339, 
967) 2898881466, 
968) 2903347938, 
969) 2904484008, 
970) 2905853240, 
971) 2910615782, 
972) 2912396623, 
973) 2914613497, 
974) 2918192954, 
975) 2918599812, 
976) 2924641780, 
977) 2929044255, 
978) 2929198389, 
979) 2932843455, 
980) 2937581358, 
981) 2939466125, 
982) 2940051940, 
983) 2940624967, 
984) 2942003467, 
985) 2946461699, 
986) 2949293275, 
987) 2953321951, 
988) 2956446519, 
989) 2965538219, 
990) 2968240002, 
991) 2968771311, 
992) 2969410559, 
993) 2970796058, 
994) 2975801287, 
995) 2977823163, 
996) 2979218826, 
997) 2984823810, 
998) 2994730260, 
999) 2997267229, 
