Number of elements is 5000
Type of array is rendomized
Sorting algorithm - quick
Running time of sorting algorithm is 625ms
0) 78969, 
1) 1049198, 
2) 1576206, 
3) 1730536, 
4) 2044247, 
5) 2371802, 
6) 2548496, 
7) 3412929, 
8) 3480141, 
9) 3765352, 
10) 3849374, 
11) 4345570, 
12) 4964425, 
13) 5651210, 
14) 5756544, 
15) 6337164, 
16) 6457280, 
17) 6853431, 
18) 7095633, 
19) 8229230, 
20) 8630474, 
21) 8718867, 
22) 8844934, 
23) 9272090, 
24) 9966761, 
25) 9996487, 
26) 10052485, 
27) 11610161, 
28) 11914571, 
29) 13034119, 
30) 13477360, 
31) 13590702, 
32) 15951190, 
33) 16010897, 
34) 16133880, 
35) 16299150, 
36) 18671080, 
37) 18815608, 
38) 18893370, 
39) 19074169, 
40) 19629588, 
41) 20542454, 
42) 20718031, 
43) 23040064, 
44) 23271679, 
45) 23672367, 
46) 23987505, 
47) 24131931, 
48) 25098398, 
49) 26060117, 
50) 28563927, 
51) 29025435, 
52) 29426403, 
53) 29527202, 
54) 29836961, 
55) 30762730, 
56) 31620908, 
57) 31821034, 
58) 32020914, 
59) 33247397, 
60) 33270640, 
61) 33286294, 
62) 33948059, 
63) 33956580, 
64) 34220586, 
65) 35060236, 
66) 36476199, 
67) 36678800, 
68) 36714444, 
69) 38405124, 
70) 39412581, 
71) 39565403, 
72) 39879828, 
73) 40136449, 
74) 40596631, 
75) 41198914, 
76) 41982931, 
77) 42179903, 
78) 42819323, 
79) 44836546, 
80) 44868520, 
81) 44918565, 
82) 45130518, 
83) 45145861, 
84) 45215226, 
85) 46735480, 
86) 47872389, 
87) 48880104, 
88) 49732626, 
89) 50436925, 
90) 50625631, 
91) 51316798, 
92) 51900981, 
93) 52202522, 
94) 52647696, 
95) 53822984, 
96) 53931336, 
97) 54151618, 
98) 54610520, 
99) 57987972, 
100) 58742661, 
101) 58947183, 
102) 60047436, 
103) 60657754, 
104) 61469857, 
105) 62288198, 
106) 62614120, 
107) 63099116, 
108) 63303176, 
109) 63810913, 
110) 63989803, 
111) 64886889, 
112) 65521790, 
113) 66789539, 
114) 67342596, 
115) 67610002, 
116) 67798156, 
117) 67808036, 
118) 68592771, 
119) 69717827, 
120) 69989336, 
121) 70948667, 
122) 73141348, 
123) 73687956, 
124) 73972816, 
125) 74235609, 
126) 74904597, 
127) 75006901, 
128) 75504191, 
129) 77310932, 
130) 77313970, 
131) 77431872, 
132) 77839832, 
133) 78487783, 
134) 78799654, 
135) 79526178, 
136) 79590161, 
137) 81512189, 
138) 81940239, 
139) 81976732, 
140) 82645762, 
141) 84468747, 
142) 85128477, 
143) 85489758, 
144) 85696620, 
145) 86031151, 
146) 86517892, 
147) 86780121, 
148) 86969193, 
149) 87111078, 
150) 87230141, 
151) 87500991, 
152) 88218759, 
153) 88527492, 
154) 88580461, 
155) 90029529, 
156) 90537655, 
157) 91177702, 
158) 91277691, 
159) 91401772, 
160) 91588167, 
161) 92540375, 
162) 93053993, 
163) 93519132, 
164) 93963167, 
165) 94424769, 
166) 95526348, 
167) 95724461, 
168) 95983120, 
169) 96692997, 
170) 97093185, 
171) 97201428, 
172) 97932368, 
173) 98678030, 
174) 98786190, 
175) 98834047, 
176) 99213819, 
177) 99806243, 
178) 100543867, 
179) 100780152, 
180) 101223328, 
181) 101983118, 
182) 102272015, 
183) 102416603, 
184) 102510859, 
185) 102547452, 
186) 102668707, 
187) 103477310, 
188) 103574077, 
189) 104233489, 
190) 105380946, 
191) 105397543, 
192) 105422151, 
193) 105519481, 
194) 106138915, 
195) 107365961, 
196) 108349847, 
197) 109180681, 
198) 109455081, 
199) 109857605, 
200) 110066209, 
201) 110329901, 
202) 110461208, 
203) 111689972, 
204) 113522411, 
205) 114542205, 
206) 116775831, 
207) 116855495, 
208) 116909610, 
209) 117563839, 
210) 117925157, 
211) 118804837, 
212) 118887707, 
213) 119408185, 
214) 119663954, 
215) 121123764, 
216) 121469963, 
217) 122229478, 
218) 122498087, 
219) 122982211, 
220) 123012702, 
221) 123066231, 
222) 123272915, 
223) 123468090, 
224) 123909066, 
225) 124123513, 
226) 124794506, 
227) 125333221, 
228) 125810133, 
229) 126045091, 
230) 127892281, 
231) 127917032, 
232) 129865810, 
233) 131307326, 
234) 131566267, 
235) 132335030, 
236) 132799603, 
237) 133301111, 
238) 133369586, 
239) 135306979, 
240) 135748671, 
241) 136278051, 
242) 137217849, 
243) 137287480, 
244) 137401175, 
245) 137813835, 
246) 139259787, 
247) 139541674, 
248) 140746489, 
249) 141715450, 
250) 144007058, 
251) 144753779, 
252) 145229531, 
253) 145242999, 
254) 145478340, 
255) 145526475, 
256) 147152471, 
257) 147376027, 
258) 148060748, 
259) 148623037, 
260) 148883604, 
261) 149446836, 
262) 151010814, 
263) 151811297, 
264) 152735547, 
265) 156147307, 
266) 156593863, 
267) 158113317, 
268) 158261404, 
269) 158423283, 
270) 159006928, 
271) 159160404, 
272) 161443597, 
273) 161907411, 
274) 163335135, 
275) 163516628, 
276) 163769903, 
277) 164187220, 
278) 164292654, 
279) 164617792, 
280) 164761085, 
281) 165900672, 
282) 166446249, 
283) 166865412, 
284) 167574962, 
285) 167626171, 
286) 167892237, 
287) 167906494, 
288) 168619674, 
289) 169181037, 
290) 169815632, 
291) 170793872, 
292) 171139592, 
293) 171180661, 
294) 171482292, 
295) 171519201, 
296) 171667309, 
297) 171892277, 
298) 171971569, 
299) 172662210, 
300) 172826356, 
301) 173347219, 
302) 173972815, 
303) 173993521, 
304) 174146057, 
305) 174969659, 
306) 175687032, 
307) 176626573, 
308) 176776823, 
309) 177964034, 
310) 178295537, 
311) 181021656, 
312) 181704985, 
313) 182467537, 
314) 183710490, 
315) 184206895, 
316) 184324133, 
317) 184724168, 
318) 185841710, 
319) 185930332, 
320) 186211787, 
321) 186721489, 
322) 188228939, 
323) 188518057, 
324) 189325433, 
325) 189385235, 
326) 189530306, 
327) 189753726, 
328) 190120055, 
329) 190241472, 
330) 190317725, 
331) 193158230, 
332) 193740961, 
333) 193803579, 
334) 197831584, 
335) 199338286, 
336) 199754934, 
337) 199995190, 
338) 200056079, 
339) 200621030, 
340) 202456994, 
341) 202551445, 
342) 202701712, 
343) 203381167, 
344) 203651794, 
345) 203867788, 
346) 204011199, 
347) 206312577, 
348) 206662160, 
349) 207424794, 
350) 207935581, 
351) 208235531, 
352) 208471134, 
353) 208613738, 
354) 209675094, 
355) 210902649, 
356) 211068879, 
357) 211376036, 
358) 211684136, 
359) 211826475, 
360) 211931714, 
361) 212488362, 
362) 213918081, 
363) 216519936, 
364) 216561110, 
365) 216970213, 
366) 217254802, 
367) 217949450, 
368) 218005283, 
369) 218494966, 
370) 220993402, 
371) 222688727, 
372) 223193964, 
373) 224102754, 
374) 226053375, 
375) 226237166, 
376) 226321966, 
377) 227030591, 
378) 227104841, 
379) 227179491, 
380) 227618805, 
381) 228141380, 
382) 230220189, 
383) 231468424, 
384) 231545551, 
385) 231688377, 
386) 233920861, 
387) 235586593, 
388) 235818966, 
389) 236330658, 
390) 237206529, 
391) 237666894, 
392) 237668374, 
393) 238754281, 
394) 238954119, 
395) 239998635, 
396) 240022638, 
397) 240670233, 
398) 240838590, 
399) 242799562, 
400) 242920115, 
401) 243293199, 
402) 243865889, 
403) 244668439, 
404) 244821543, 
405) 245380804, 
406) 246035655, 
407) 247833642, 
408) 248055783, 
409) 248070024, 
410) 248545178, 
411) 248736666, 
412) 248833588, 
413) 249955713, 
414) 250031531, 
415) 250484785, 
416) 250671487, 
417) 250672321, 
418) 251777021, 
419) 251824664, 
420) 252398280, 
421) 253042735, 
422) 253060322, 
423) 253449172, 
424) 254417745, 
425) 254833557, 
426) 256612837, 
427) 257147266, 
428) 261511991, 
429) 263608405, 
430) 265006130, 
431) 266232565, 
432) 266406439, 
433) 266618406, 
434) 266727867, 
435) 268267085, 
436) 268786793, 
437) 268788909, 
438) 268887255, 
439) 268919714, 
440) 269989168, 
441) 270009806, 
442) 270867471, 
443) 271325317, 
444) 271389548, 
445) 271557269, 
446) 272503043, 
447) 272748060, 
448) 272936900, 
449) 273839963, 
450) 275022281, 
451) 275292412, 
452) 275650047, 
453) 277697289, 
454) 278624424, 
455) 278833109, 
456) 279347537, 
457) 279872694, 
458) 280185805, 
459) 280970651, 
460) 281068068, 
461) 281525427, 
462) 281663447, 
463) 282013024, 
464) 282364119, 
465) 282678669, 
466) 283218869, 
467) 283306933, 
468) 283420832, 
469) 283828601, 
470) 283875646, 
471) 285212783, 
472) 285493750, 
473) 286373136, 
474) 288534484, 
475) 288771856, 
476) 289307447, 
477) 289386931, 
478) 289761835, 
479) 290481194, 
480) 290769436, 
481) 291921777, 
482) 292648514, 
483) 292766453, 
484) 292800430, 
485) 294450326, 
486) 294939948, 
487) 295519340, 
488) 296480625, 
489) 296583981, 
490) 296658170, 
491) 296854113, 
492) 297338144, 
493) 299087883, 
494) 301046333, 
495) 302044310, 
496) 302885839, 
497) 304634934, 
498) 304835053, 
499) 305039518, 
500) 305450083, 
501) 305870067, 
502) 306503423, 
503) 308036888, 
504) 309159383, 
505) 310185358, 
506) 310701242, 
507) 311102194, 
508) 312546842, 
509) 313583783, 
510) 314859980, 
511) 314863126, 
512) 314895846, 
513) 316616618, 
514) 316709424, 
515) 316795378, 
516) 317392302, 
517) 317665612, 
518) 317743354, 
519) 317985502, 
520) 318525531, 
521) 318940108, 
522) 319486636, 
523) 320288632, 
524) 320523333, 
525) 321283717, 
526) 321800958, 
527) 322703129, 
528) 323201455, 
529) 323813404, 
530) 324032490, 
531) 324202716, 
532) 324236090, 
533) 324447248, 
534) 325782212, 
535) 326362365, 
536) 327040219, 
537) 328416186, 
538) 328995898, 
539) 329329485, 
540) 331105425, 
541) 331282238, 
542) 332543730, 
543) 333081313, 
544) 334119985, 
545) 334307017, 
546) 334401283, 
547) 334418265, 
548) 335232972, 
549) 336334835, 
550) 337994227, 
551) 338196779, 
552) 338344668, 
553) 338459133, 
554) 338932972, 
555) 339006670, 
556) 340337678, 
557) 341092639, 
558) 341269217, 
559) 341392611, 
560) 341570478, 
561) 341982977, 
562) 343821829, 
563) 345746100, 
564) 346071797, 
565) 346098179, 
566) 346857193, 
567) 347712649, 
568) 348065740, 
569) 348185613, 
570) 348530758, 
571) 348846109, 
572) 349056898, 
573) 349102849, 
574) 349785467, 
575) 350111433, 
576) 350319343, 
577) 350368960, 
578) 350466404, 
579) 351720000, 
580) 352881101, 
581) 353630915, 
582) 354014238, 
583) 354639712, 
584) 356133322, 
585) 356950895, 
586) 357388691, 
587) 357662243, 
588) 359031644, 
589) 359576923, 
590) 360292058, 
591) 360648594, 
592) 360733557, 
593) 361474897, 
594) 361585448, 
595) 362051927, 
596) 362953909, 
597) 363211629, 
598) 363794797, 
599) 364821236, 
600) 365164939, 
601) 365310239, 
602) 365378944, 
603) 366352861, 
604) 366738439, 
605) 367363289, 
606) 367550999, 
607) 367585867, 
608) 369225353, 
609) 370428269, 
610) 370509156, 
611) 370861630, 
612) 370862481, 
613) 371545294, 
614) 371757598, 
615) 372192439, 
616) 372346826, 
617) 373066558, 
618) 373355494, 
619) 373866737, 
620) 374251583, 
621) 374612996, 
622) 374711921, 
623) 375342179, 
624) 376000374, 
625) 376980581, 
626) 377712257, 
627) 378033804, 
628) 378487385, 
629) 378629465, 
630) 378663115, 
631) 378928447, 
632) 379052779, 
633) 379244351, 
634) 379260184, 
635) 379855652, 
636) 380604354, 
637) 380838790, 
638) 380892804, 
639) 381648238, 
640) 381990082, 
641) 382079590, 
642) 382267297, 
643) 382389344, 
644) 382543230, 
645) 382708324, 
646) 382735531, 
647) 383161184, 
648) 385168450, 
649) 385288717, 
650) 385622046, 
651) 386089264, 
652) 388410155, 
653) 388447209, 
654) 389471202, 
655) 389635301, 
656) 390986772, 
657) 391538992, 
658) 391858995, 
659) 392630597, 
660) 393462587, 
661) 393723268, 
662) 394113384, 
663) 394485109, 
664) 394620809, 
665) 395150105, 
666) 395250572, 
667) 395725861, 
668) 396078280, 
669) 398555078, 
670) 399512332, 
671) 399870721, 
672) 400337164, 
673) 400392718, 
674) 402005551, 
675) 402527059, 
676) 403691091, 
677) 403963789, 
678) 404233376, 
679) 404752788, 
680) 404911902, 
681) 405196955, 
682) 405326727, 
683) 407684690, 
684) 408532353, 
685) 408959764, 
686) 409715561, 
687) 410582909, 
688) 415008918, 
689) 415034466, 
690) 415701008, 
691) 415851586, 
692) 416012109, 
693) 416083960, 
694) 416424610, 
695) 418897795, 
696) 420059899, 
697) 420515175, 
698) 420601258, 
699) 420885839, 
700) 423128988, 
701) 423364413, 
702) 424122898, 
703) 424919536, 
704) 426026929, 
705) 426430620, 
706) 426761384, 
707) 427550266, 
708) 428520210, 
709) 429506072, 
710) 430429100, 
711) 430563619, 
712) 430792318, 
713) 431167212, 
714) 433908286, 
715) 435195465, 
716) 435573348, 
717) 436287207, 
718) 437409982, 
719) 437489402, 
720) 439884625, 
721) 440360714, 
722) 440696096, 
723) 440750053, 
724) 441128312, 
725) 441363907, 
726) 441768322, 
727) 443685045, 
728) 445130342, 
729) 445169227, 
730) 445373644, 
731) 446701065, 
732) 446776825, 
733) 449822425, 
734) 449876656, 
735) 450314416, 
736) 450346249, 
737) 450468316, 
738) 451550161, 
739) 451604316, 
740) 452205419, 
741) 452756162, 
742) 453320251, 
743) 453702766, 
744) 454927458, 
745) 455175225, 
746) 456273636, 
747) 456326500, 
748) 456523363, 
749) 456656701, 
750) 456904554, 
751) 459192686, 
752) 459723317, 
753) 460398837, 
754) 460865888, 
755) 461065988, 
756) 461078849, 
757) 461679222, 
758) 461759876, 
759) 462626587, 
760) 462942751, 
761) 463949208, 
762) 465045603, 
763) 465269015, 
764) 465577925, 
765) 468018221, 
766) 468348092, 
767) 468642325, 
768) 469322542, 
769) 470282653, 
770) 470923701, 
771) 471283443, 
772) 471350637, 
773) 471955170, 
774) 473918305, 
775) 474011228, 
776) 475306455, 
777) 475409413, 
778) 475931574, 
779) 476319822, 
780) 476880373, 
781) 477517159, 
782) 478220613, 
783) 478222918, 
784) 478659737, 
785) 479468223, 
786) 480693773, 
787) 480888298, 
788) 481233098, 
789) 481741881, 
790) 481940724, 
791) 482315581, 
792) 483275777, 
793) 483888257, 
794) 484254807, 
795) 484362570, 
796) 484443563, 
797) 485091825, 
798) 485863480, 
799) 486133996, 
800) 487998467, 
801) 488518358, 
802) 491252352, 
803) 491398923, 
804) 493493814, 
805) 495369538, 
806) 495530101, 
807) 497689915, 
808) 497812564, 
809) 500355001, 
810) 500771458, 
811) 501826530, 
812) 504711085, 
813) 506012298, 
814) 508029389, 
815) 508465831, 
816) 508895417, 
817) 509537199, 
818) 511061229, 
819) 511612560, 
820) 511780363, 
821) 512330357, 
822) 512340012, 
823) 512636261, 
824) 514001574, 
825) 514010128, 
826) 514377251, 
827) 515031817, 
828) 515084996, 
829) 515578991, 
830) 516204838, 
831) 517751027, 
832) 518357853, 
833) 518693729, 
834) 519575804, 
835) 520330734, 
836) 521062767, 
837) 521896909, 
838) 522055232, 
839) 522546374, 
840) 522956128, 
841) 523553820, 
842) 525185980, 
843) 525317942, 
844) 526040183, 
845) 526642847, 
846) 527275301, 
847) 527440067, 
848) 527808925, 
849) 528022402, 
850) 528840655, 
851) 529125862, 
852) 529802928, 
853) 529891536, 
854) 529974336, 
855) 530046104, 
856) 530464133, 
857) 530592705, 
858) 530699579, 
859) 531052753, 
860) 532292714, 
861) 532781784, 
862) 533121694, 
863) 534079604, 
864) 534257969, 
865) 534734433, 
866) 535785242, 
867) 535937596, 
868) 536198835, 
869) 536683818, 
870) 536695829, 
871) 536868528, 
872) 538489019, 
873) 539369250, 
874) 539582153, 
875) 539738352, 
876) 540001973, 
877) 540201425, 
878) 540945021, 
879) 542472677, 
880) 543607616, 
881) 545886737, 
882) 546371233, 
883) 546981867, 
884) 547303702, 
885) 547663264, 
886) 548245927, 
887) 548694472, 
888) 548893828, 
889) 549329163, 
890) 549556831, 
891) 550126969, 
892) 550383721, 
893) 550888845, 
894) 551137581, 
895) 552783082, 
896) 553154067, 
897) 553230270, 
898) 553520012, 
899) 554887397, 
900) 554902738, 
901) 555200148, 
902) 555405436, 
903) 555614386, 
904) 555777832, 
905) 556069033, 
906) 556175606, 
907) 557669697, 
908) 557779370, 
909) 557930019, 
910) 558404618, 
911) 558738459, 
912) 559420279, 
913) 559903324, 
914) 560805929, 
915) 561137284, 
916) 561339036, 
917) 562868001, 
918) 563526851, 
919) 563545978, 
920) 563596449, 
921) 564695377, 
922) 564865275, 
923) 564902177, 
924) 565361455, 
925) 566208097, 
926) 566836396, 
927) 568417799, 
928) 569748962, 
929) 569961501, 
930) 570023280, 
931) 570080031, 
932) 570328219, 
933) 570645265, 
934) 572372462, 
935) 572979296, 
936) 575083501, 
937) 575091025, 
938) 576810002, 
939) 576814649, 
940) 577793712, 
941) 578012719, 
942) 579284595, 
943) 579508543, 
944) 580060150, 
945) 580147571, 
946) 580225853, 
947) 580348232, 
948) 580987261, 
949) 582066400, 
950) 582355359, 
951) 583148244, 
952) 583362342, 
953) 583378905, 
954) 584287400, 
955) 584397387, 
956) 585359236, 
957) 585491868, 
958) 585497556, 
959) 585634800, 
960) 586825498, 
961) 586855168, 
962) 587014888, 
963) 587306404, 
964) 587526026, 
965) 588920307, 
966) 589512048, 
967) 589637143, 
968) 589715547, 
969) 591965127, 
970) 592016601, 
971) 592753874, 
972) 593364001, 
973) 594301418, 
974) 594961357, 
975) 596645596, 
976) 598769497, 
977) 599030828, 
978) 600347686, 
979) 600540759, 
980) 600669099, 
981) 600733239, 
982) 602845187, 
983) 603089780, 
984) 603402296, 
985) 603469145, 
986) 604673105, 
987) 606833886, 
988) 607925523, 
989) 608130645, 
990) 609095445, 
991) 609101034, 
992) 609413258, 
993) 610344825, 
994) 610621937, 
995) 611019504, 
996) 611505153, 
997) 612003496, 
998) 613643240, 
999) 614091443, 
1000) 614859405, 
1001) 615200651, 
1002) 615229174, 
1003) 616087739, 
1004) 617024889, 
1005) 617448266, 
1006) 618382309, 
1007) 618944285, 
1008) 619516213, 
1009) 620073128, 
1010) 620897533, 
1011) 621927079, 
1012) 622268238, 
1013) 622343369, 
1014) 623260909, 
1015) 623561945, 
1016) 623622157, 
1017) 624400358, 
1018) 624951213, 
1019) 625330883, 
1020) 626337025, 
1021) 627310095, 
1022) 627979434, 
1023) 627992360, 
1024) 628182960, 
1025) 628452344, 
1026) 629006768, 
1027) 629338822, 
1028) 629805380, 
1029) 630339439, 
1030) 630823216, 
1031) 631909807, 
1032) 632983395, 
1033) 633158129, 
1034) 634640550, 
1035) 635257661, 
1036) 635735729, 
1037) 636460555, 
1038) 636887105, 
1039) 637079081, 
1040) 637658627, 
1041) 638003768, 
1042) 638022786, 
1043) 638086951, 
1044) 638448306, 
1045) 638490666, 
1046) 639013518, 
1047) 639483367, 
1048) 642062132, 
1049) 644309831, 
1050) 644791366, 
1051) 645745862, 
1052) 645851641, 
1053) 646031898, 
1054) 646248877, 
1055) 646251026, 
1056) 646697756, 
1057) 646749398, 
1058) 646986527, 
1059) 647061203, 
1060) 647176919, 
1061) 648510153, 
1062) 648952050, 
1063) 649513786, 
1064) 649924266, 
1065) 649936694, 
1066) 650640676, 
1067) 651036340, 
1068) 651143207, 
1069) 651400573, 
1070) 651457502, 
1071) 653327915, 
1072) 653637252, 
1073) 654294840, 
1074) 656580409, 
1075) 657376592, 
1076) 658700730, 
1077) 658976055, 
1078) 658998767, 
1079) 660580233, 
1080) 660593142, 
1081) 660993338, 
1082) 661440777, 
1083) 661625493, 
1084) 662542554, 
1085) 662614548, 
1086) 664635655, 
1087) 664994085, 
1088) 665013336, 
1089) 665203496, 
1090) 665682190, 
1091) 666688728, 
1092) 668196138, 
1093) 668913896, 
1094) 669134807, 
1095) 669984417, 
1096) 670660118, 
1097) 671622560, 
1098) 671713824, 
1099) 672665330, 
1100) 673165598, 
1101) 674749552, 
1102) 675558109, 
1103) 675711176, 
1104) 676263547, 
1105) 676657393, 
1106) 676916589, 
1107) 677458358, 
1108) 677466871, 
1109) 677745354, 
1110) 677890353, 
1111) 678094700, 
1112) 678407003, 
1113) 678411611, 
1114) 679424260, 
1115) 679746120, 
1116) 680457319, 
1117) 680707300, 
1118) 681321487, 
1119) 681910650, 
1120) 682418063, 
1121) 684488462, 
1122) 684665649, 
1123) 684856610, 
1124) 685459584, 
1125) 685950672, 
1126) 686018483, 
1127) 686165689, 
1128) 687132296, 
1129) 689712384, 
1130) 690286310, 
1131) 690399099, 
1132) 690577391, 
1133) 690929099, 
1134) 691164615, 
1135) 693119075, 
1136) 694416974, 
1137) 694678588, 
1138) 697296751, 
1139) 697843609, 
1140) 699130835, 
1141) 699708046, 
1142) 700627692, 
1143) 700813588, 
1144) 701792472, 
1145) 702278007, 
1146) 702722414, 
1147) 703900373, 
1148) 704441057, 
1149) 704623568, 
1150) 704628830, 
1151) 704799934, 
1152) 705242649, 
1153) 706650883, 
1154) 709845236, 
1155) 709877024, 
1156) 709982059, 
1157) 710539322, 
1158) 710584665, 
1159) 711512942, 
1160) 711985345, 
1161) 712282642, 
1162) 712653411, 
1163) 713054957, 
1164) 713816934, 
1165) 713975023, 
1166) 714415313, 
1167) 715982139, 
1168) 716102146, 
1169) 716172317, 
1170) 716635991, 
1171) 716695545, 
1172) 717611486, 
1173) 718728631, 
1174) 718971154, 
1175) 719494090, 
1176) 719572046, 
1177) 720310718, 
1178) 720981493, 
1179) 721105706, 
1180) 722282788, 
1181) 723098199, 
1182) 723645320, 
1183) 723988413, 
1184) 724309650, 
1185) 724575710, 
1186) 724921850, 
1187) 725356272, 
1188) 726145578, 
1189) 726527532, 
1190) 727591444, 
1191) 728128632, 
1192) 728353260, 
1193) 728558243, 
1194) 728880226, 
1195) 729163563, 
1196) 729953270, 
1197) 730780680, 
1198) 733445999, 
1199) 733523816, 
1200) 733629124, 
1201) 733689819, 
1202) 733943141, 
1203) 734223162, 
1204) 734831784, 
1205) 735338985, 
1206) 735478754, 
1207) 736817530, 
1208) 737661597, 
1209) 737873051, 
1210) 738551605, 
1211) 739179441, 
1212) 739243060, 
1213) 739432953, 
1214) 739986083, 
1215) 740020832, 
1216) 740806447, 
1217) 741144039, 
1218) 741174231, 
1219) 741692689, 
1220) 742100909, 
1221) 742890283, 
1222) 742959313, 
1223) 742995920, 
1224) 743012994, 
1225) 743691495, 
1226) 744318737, 
1227) 744437491, 
1228) 744941797, 
1229) 746837214, 
1230) 746962174, 
1231) 748673342, 
1232) 749968213, 
1233) 750119370, 
1234) 750244914, 
1235) 750455505, 
1236) 750965182, 
1237) 752360234, 
1238) 753777844, 
1239) 754695921, 
1240) 754830268, 
1241) 755478679, 
1242) 755979874, 
1243) 756774342, 
1244) 757144382, 
1245) 757395909, 
1246) 758155195, 
1247) 758226333, 
1248) 759046528, 
1249) 760017691, 
1250) 761484368, 
1251) 761534855, 
1252) 762012773, 
1253) 762870020, 
1254) 762973427, 
1255) 763023586, 
1256) 763124748, 
1257) 764261771, 
1258) 764601628, 
1259) 765057476, 
1260) 766351344, 
1261) 766822656, 
1262) 767215154, 
1263) 770227090, 
1264) 770302362, 
1265) 770426002, 
1266) 770618477, 
1267) 771937313, 
1268) 772185581, 
1269) 772377948, 
1270) 772931260, 
1271) 773112797, 
1272) 773684486, 
1273) 774538896, 
1274) 775299084, 
1275) 777254138, 
1276) 777269065, 
1277) 777558810, 
1278) 777744829, 
1279) 779403420, 
1280) 780339310, 
1281) 781306888, 
1282) 781469552, 
1283) 782096421, 
1284) 782139664, 
1285) 782336128, 
1286) 782854164, 
1287) 782950248, 
1288) 783390418, 
1289) 783484953, 
1290) 784997789, 
1291) 785123901, 
1292) 785203533, 
1293) 785611750, 
1294) 786391509, 
1295) 787107774, 
1296) 787364556, 
1297) 787416565, 
1298) 788127267, 
1299) 788469095, 
1300) 788755005, 
1301) 789190267, 
1302) 789338731, 
1303) 789738898, 
1304) 789753893, 
1305) 790114457, 
1306) 791030774, 
1307) 791853688, 
1308) 791957827, 
1309) 792542904, 
1310) 792774122, 
1311) 792966574, 
1312) 793029015, 
1313) 793039069, 
1314) 793997487, 
1315) 795055176, 
1316) 795301002, 
1317) 795508638, 
1318) 796006763, 
1319) 796855137, 
1320) 797820363, 
1321) 798646850, 
1322) 798673829, 
1323) 799180799, 
1324) 800044162, 
1325) 800829943, 
1326) 801207754, 
1327) 801545861, 
1328) 802137411, 
1329) 803009941, 
1330) 803686613, 
1331) 803724959, 
1332) 804324451, 
1333) 804369299, 
1334) 804692447, 
1335) 805388591, 
1336) 805479936, 
1337) 805484768, 
1338) 805961561, 
1339) 806360335, 
1340) 806550401, 
1341) 806551758, 
1342) 806846512, 
1343) 807812080, 
1344) 808337561, 
1345) 808706051, 
1346) 809066393, 
1347) 810929719, 
1348) 812325173, 
1349) 813667215, 
1350) 814070477, 
1351) 814663420, 
1352) 814841351, 
1353) 815492774, 
1354) 815658329, 
1355) 815835726, 
1356) 816591757, 
1357) 817993320, 
1358) 818027056, 
1359) 818029076, 
1360) 818679428, 
1361) 819201222, 
1362) 820070607, 
1363) 820434765, 
1364) 820461184, 
1365) 821110056, 
1366) 821268364, 
1367) 821593064, 
1368) 821935849, 
1369) 822634304, 
1370) 822680826, 
1371) 823854962, 
1372) 824395935, 
1373) 824562363, 
1374) 824873116, 
1375) 824932159, 
1376) 824972733, 
1377) 825195199, 
1378) 825315683, 
1379) 825792307, 
1380) 826220102, 
1381) 826221064, 
1382) 827326680, 
1383) 827816794, 
1384) 828540072, 
1385) 829450654, 
1386) 830288630, 
1387) 830432702, 
1388) 830503239, 
1389) 830653345, 
1390) 831335268, 
1391) 831598385, 
1392) 831644637, 
1393) 832953305, 
1394) 833464452, 
1395) 834279816, 
1396) 835017105, 
1397) 835291105, 
1398) 835358634, 
1399) 836097777, 
1400) 836240032, 
1401) 838034267, 
1402) 838409158, 
1403) 839663127, 
1404) 840641292, 
1405) 840796835, 
1406) 841071060, 
1407) 841195668, 
1408) 841538894, 
1409) 841676266, 
1410) 843317099, 
1411) 843606938, 
1412) 844602973, 
1413) 845367712, 
1414) 846494024, 
1415) 847016700, 
1416) 848690010, 
1417) 849165532, 
1418) 849753016, 
1419) 849859403, 
1420) 849987488, 
1421) 850537706, 
1422) 850910693, 
1423) 851164805, 
1424) 851517454, 
1425) 851747199, 
1426) 851851765, 
1427) 853656172, 
1428) 853965399, 
1429) 853977966, 
1430) 854326215, 
1431) 855743680, 
1432) 855935577, 
1433) 858163037, 
1434) 858516754, 
1435) 858560029, 
1436) 859714069, 
1437) 860449179, 
1438) 861739610, 
1439) 863978629, 
1440) 863995480, 
1441) 864413523, 
1442) 865678309, 
1443) 866420542, 
1444) 866841550, 
1445) 866970367, 
1446) 867434477, 
1447) 867574330, 
1448) 868182403, 
1449) 868521955, 
1450) 868625942, 
1451) 869121562, 
1452) 870161186, 
1453) 870627022, 
1454) 871103488, 
1455) 871219819, 
1456) 871509839, 
1457) 872229011, 
1458) 874446523, 
1459) 874458689, 
1460) 875380939, 
1461) 876040257, 
1462) 877554060, 
1463) 877636939, 
1464) 877736825, 
1465) 877802134, 
1466) 878117686, 
1467) 878187575, 
1468) 878541670, 
1469) 878832919, 
1470) 880573464, 
1471) 881493850, 
1472) 881690044, 
1473) 881862603, 
1474) 882275420, 
1475) 883108827, 
1476) 884416119, 
1477) 884805125, 
1478) 885492365, 
1479) 885976232, 
1480) 886396862, 
1481) 887163280, 
1482) 888083854, 
1483) 888295167, 
1484) 888869595, 
1485) 889127215, 
1486) 890580395, 
1487) 890692116, 
1488) 890741604, 
1489) 891152607, 
1490) 891629326, 
1491) 892247216, 
1492) 894046094, 
1493) 895504720, 
1494) 896999531, 
1495) 897111648, 
1496) 897669592, 
1497) 898528670, 
1498) 899154371, 
1499) 899900069, 
1500) 900306243, 
1501) 900441334, 
1502) 900453735, 
1503) 900807372, 
1504) 900861169, 
1505) 901591727, 
1506) 902135219, 
1507) 902839020, 
1508) 903413791, 
1509) 903538865, 
1510) 904704916, 
1511) 905011741, 
1512) 905599960, 
1513) 906546372, 
1514) 907112586, 
1515) 908756105, 
1516) 908849951, 
1517) 908866032, 
1518) 909789352, 
1519) 910074394, 
1520) 910777570, 
1521) 912185755, 
1522) 912927374, 
1523) 913072195, 
1524) 914005062, 
1525) 914048960, 
1526) 914081224, 
1527) 916564627, 
1528) 916770252, 
1529) 917406889, 
1530) 917852780, 
1531) 917933774, 
1532) 918018519, 
1533) 918528483, 
1534) 919089738, 
1535) 919237440, 
1536) 920052463, 
1537) 920078500, 
1538) 921173196, 
1539) 922152492, 
1540) 923585426, 
1541) 924135527, 
1542) 926045199, 
1543) 927447420, 
1544) 927622562, 
1545) 928242031, 
1546) 928804252, 
1547) 929376446, 
1548) 930426308, 
1549) 931598591, 
1550) 931670695, 
1551) 932214207, 
1552) 932274934, 
1553) 934450322, 
1554) 935256914, 
1555) 936099302, 
1556) 936640528, 
1557) 937237187, 
1558) 937561595, 
1559) 937942919, 
1560) 938618294, 
1561) 939196227, 
1562) 939372729, 
1563) 940279607, 
1564) 940760911, 
1565) 940929796, 
1566) 941557619, 
1567) 941649173, 
1568) 941725118, 
1569) 941849390, 
1570) 942153886, 
1571) 942366072, 
1572) 943011565, 
1573) 945431562, 
1574) 945494699, 
1575) 946037395, 
1576) 946664214, 
1577) 946821937, 
1578) 947474955, 
1579) 948128101, 
1580) 948251596, 
1581) 950418591, 
1582) 950832624, 
1583) 951976612, 
1584) 952373119, 
1585) 952889194, 
1586) 953457035, 
1587) 954100316, 
1588) 954569671, 
1589) 954879359, 
1590) 956099441, 
1591) 956227871, 
1592) 956287817, 
1593) 956704707, 
1594) 958207824, 
1595) 959290497, 
1596) 959386885, 
1597) 960566148, 
1598) 961111953, 
1599) 962612492, 
1600) 962870986, 
1601) 963739283, 
1602) 964092297, 
1603) 964488183, 
1604) 964493134, 
1605) 965185838, 
1606) 965265293, 
1607) 965656139, 
1608) 965827587, 
1609) 966002400, 
1610) 966325634, 
1611) 966805739, 
1612) 967550631, 
1613) 967711413, 
1614) 968078018, 
1615) 968652222, 
1616) 969457552, 
1617) 972281763, 
1618) 972282773, 
1619) 972371902, 
1620) 972516151, 
1621) 972760071, 
1622) 972935441, 
1623) 974236421, 
1624) 974589737, 
1625) 975117921, 
1626) 975249112, 
1627) 975363189, 
1628) 976014049, 
1629) 976110583, 
1630) 977340083, 
1631) 977435025, 
1632) 977833254, 
1633) 978161652, 
1634) 979176391, 
1635) 979609037, 
1636) 979780077, 
1637) 980300280, 
1638) 982868121, 
1639) 983106714, 
1640) 983374285, 
1641) 984492130, 
1642) 986003261, 
1643) 986428155, 
1644) 986463944, 
1645) 987011857, 
1646) 987539682, 
1647) 988356653, 
1648) 988387366, 
1649) 988509250, 
1650) 989214697, 
1651) 989227594, 
1652) 990405261, 
1653) 991158762, 
1654) 991251484, 
1655) 991730008, 
1656) 992791587, 
1657) 993248981, 
1658) 996253004, 
1659) 997302367, 
1660) 997909881, 
1661) 998024306, 
1662) 998137852, 
1663) 999361120, 
1664) 999454871, 
1665) 1000339196, 
1666) 1000374830, 
1667) 1000902188, 
1668) 1001211671, 
1669) 1002440292, 
1670) 1002537052, 
1671) 1003033503, 
1672) 1003901805, 
1673) 1005672570, 
1674) 1006575076, 
1675) 1008426592, 
1676) 1009809953, 
1677) 1010780520, 
1678) 1011396081, 
1679) 1011959844, 
1680) 1013051038, 
1681) 1013369676, 
1682) 1015583327, 
1683) 1017878316, 
1684) 1018255372, 
1685) 1018434781, 
1686) 1018695992, 
1687) 1019613754, 
1688) 1020252397, 
1689) 1020512359, 
1690) 1020513783, 
1691) 1020518574, 
1692) 1020945273, 
1693) 1022170921, 
1694) 1022750667, 
1695) 1023271772, 
1696) 1024183452, 
1697) 1024985495, 
1698) 1026206423, 
1699) 1028651693, 
1700) 1029348053, 
1701) 1029675387, 
1702) 1030242794, 
1703) 1030305141, 
1704) 1030598515, 
1705) 1031065485, 
1706) 1031739715, 
1707) 1032355292, 
1708) 1033229838, 
1709) 1033320910, 
1710) 1033354764, 
1711) 1034390821, 
1712) 1034902312, 
1713) 1035224880, 
1714) 1035893395, 
1715) 1036377235, 
1716) 1036812399, 
1717) 1037716289, 
1718) 1038621977, 
1719) 1038757236, 
1720) 1038845452, 
1721) 1039022690, 
1722) 1040461729, 
1723) 1042412674, 
1724) 1043127122, 
1725) 1044045780, 
1726) 1044403409, 
1727) 1044928150, 
1728) 1047380336, 
1729) 1047511942, 
1730) 1048966263, 
1731) 1049422053, 
1732) 1050320505, 
1733) 1050774299, 
1734) 1051448557, 
1735) 1051787077, 
1736) 1052107562, 
1737) 1052480760, 
1738) 1053039929, 
1739) 1053161604, 
1740) 1053650484, 
1741) 1053832699, 
1742) 1053883236, 
1743) 1054833025, 
1744) 1055041561, 
1745) 1055259588, 
1746) 1055329382, 
1747) 1055434472, 
1748) 1056911453, 
1749) 1057078447, 
1750) 1059375156, 
1751) 1059430248, 
1752) 1059455909, 
1753) 1060859610, 
1754) 1061174128, 
1755) 1063596225, 
1756) 1063786664, 
1757) 1064735123, 
1758) 1065324973, 
1759) 1065602376, 
1760) 1066694345, 
1761) 1068080497, 
1762) 1069952955, 
1763) 1070567593, 
1764) 1070825948, 
1765) 1070953630, 
1766) 1071434565, 
1767) 1071723556, 
1768) 1072009378, 
1769) 1073860370, 
1770) 1074887130, 
1771) 1074939077, 
1772) 1076199308, 
1773) 1076757736, 
1774) 1076895278, 
1775) 1078460917, 
1776) 1079805847, 
1777) 1080183805, 
1778) 1080237960, 
1779) 1081026513, 
1780) 1081350038, 
1781) 1081364593, 
1782) 1084166627, 
1783) 1086175576, 
1784) 1086978738, 
1785) 1087302498, 
1786) 1087908420, 
1787) 1089840471, 
1788) 1089846315, 
1789) 1090124336, 
1790) 1090913218, 
1791) 1091476392, 
1792) 1091972508, 
1793) 1092038865, 
1794) 1092222157, 
1795) 1092837879, 
1796) 1092930997, 
1797) 1093084249, 
1798) 1093841986, 
1799) 1094454819, 
1800) 1094489885, 
1801) 1094906552, 
1802) 1095012942, 
1803) 1096413291, 
1804) 1096609420, 
1805) 1096716311, 
1806) 1097272782, 
1807) 1098637164, 
1808) 1098813570, 
1809) 1099930743, 
1810) 1100017152, 
1811) 1100326326, 
1812) 1100519677, 
1813) 1100930358, 
1814) 1102504890, 
1815) 1103524288, 
1816) 1104675918, 
1817) 1105183265, 
1818) 1107241258, 
1819) 1107265790, 
1820) 1107283621, 
1821) 1107638409, 
1822) 1107667826, 
1823) 1107853557, 
1824) 1109067532, 
1825) 1109564202, 
1826) 1109724767, 
1827) 1110696584, 
1828) 1110697384, 
1829) 1111651802, 
1830) 1112084861, 
1831) 1112548291, 
1832) 1112782523, 
1833) 1112935635, 
1834) 1113602780, 
1835) 1113696097, 
1836) 1114805275, 
1837) 1116389755, 
1838) 1117199661, 
1839) 1118073741, 
1840) 1118866507, 
1841) 1119497672, 
1842) 1120159455, 
1843) 1120186874, 
1844) 1120400854, 
1845) 1121282281, 
1846) 1121534266, 
1847) 1123406491, 
1848) 1123534445, 
1849) 1123566390, 
1850) 1124823510, 
1851) 1125518705, 
1852) 1126196978, 
1853) 1126657851, 
1854) 1126739167, 
1855) 1128070510, 
1856) 1128889228, 
1857) 1129436500, 
1858) 1129796552, 
1859) 1130907004, 
1860) 1131133062, 
1861) 1131149824, 
1862) 1132740038, 
1863) 1133101624, 
1864) 1133252942, 
1865) 1133283069, 
1866) 1134141348, 
1867) 1134410250, 
1868) 1134613107, 
1869) 1134945029, 
1870) 1135630112, 
1871) 1137265158, 
1872) 1137379639, 
1873) 1138502384, 
1874) 1138555299, 
1875) 1138559962, 
1876) 1140183831, 
1877) 1140289876, 
1878) 1141160577, 
1879) 1141184277, 
1880) 1141269603, 
1881) 1141329493, 
1882) 1141372991, 
1883) 1141881619, 
1884) 1142646554, 
1885) 1142887075, 
1886) 1144287887, 
1887) 1144295280, 
1888) 1144570746, 
1889) 1144598892, 
1890) 1144834232, 
1891) 1145421156, 
1892) 1145465596, 
1893) 1146268290, 
1894) 1146518356, 
1895) 1147082056, 
1896) 1147411071, 
1897) 1147426004, 
1898) 1148126592, 
1899) 1149632542, 
1900) 1150606286, 
1901) 1151991196, 
1902) 1152003650, 
1903) 1153447064, 
1904) 1153519206, 
1905) 1154253940, 
1906) 1154404402, 
1907) 1154892672, 
1908) 1156763041, 
1909) 1157535376, 
1910) 1159842868, 
1911) 1160381917, 
1912) 1161068259, 
1913) 1161929921, 
1914) 1162448348, 
1915) 1163067004, 
1916) 1163442387, 
1917) 1163574170, 
1918) 1164055047, 
1919) 1164146963, 
1920) 1165206650, 
1921) 1165979992, 
1922) 1166199341, 
1923) 1166400594, 
1924) 1166898080, 
1925) 1167733197, 
1926) 1167849690, 
1927) 1169539332, 
1928) 1169574424, 
1929) 1170242443, 
1930) 1170499445, 
1931) 1170902647, 
1932) 1171292657, 
1933) 1172088054, 
1934) 1172403982, 
1935) 1172518922, 
1936) 1174084659, 
1937) 1174405869, 
1938) 1174689271, 
1939) 1175473826, 
1940) 1176187830, 
1941) 1177355832, 
1942) 1177908185, 
1943) 1178258950, 
1944) 1178860310, 
1945) 1178877038, 
1946) 1178894421, 
1947) 1179339170, 
1948) 1179349837, 
1949) 1179988256, 
1950) 1180646694, 
1951) 1181445509, 
1952) 1181559862, 
1953) 1181640798, 
1954) 1182434635, 
1955) 1183832237, 
1956) 1184188119, 
1957) 1185104266, 
1958) 1185938259, 
1959) 1186138185, 
1960) 1187351466, 
1961) 1187789519, 
1962) 1188326231, 
1963) 1188608114, 
1964) 1190787923, 
1965) 1191724244, 
1966) 1191884043, 
1967) 1192318844, 
1968) 1192583922, 
1969) 1195421509, 
1970) 1196044304, 
1971) 1196585811, 
1972) 1197284941, 
1973) 1198445925, 
1974) 1198491366, 
1975) 1199091715, 
1976) 1200202172, 
1977) 1200417010, 
1978) 1200716893, 
1979) 1200846632, 
1980) 1201155620, 
1981) 1202942822, 
1982) 1203719398, 
1983) 1203892066, 
1984) 1204633000, 
1985) 1204848353, 
1986) 1205152918, 
1987) 1205191595, 
1988) 1206610694, 
1989) 1207111344, 
1990) 1207140250, 
1991) 1207761297, 
1992) 1207764527, 
1993) 1207964938, 
1994) 1208365018, 
1995) 1208992727, 
1996) 1209029076, 
1997) 1209390743, 
1998) 1210291718, 
1999) 1211185209, 
2000) 1211359131, 
2001) 1211429407, 
2002) 1212360683, 
2003) 1212369500, 
2004) 1212422025, 
2005) 1214033107, 
2006) 1217571456, 
2007) 1217922105, 
2008) 1218199242, 
2009) 1218439886, 
2010) 1218560866, 
2011) 1218675960, 
2012) 1219123905, 
2013) 1220390614, 
2014) 1220843266, 
2015) 1221117245, 
2016) 1221305368, 
2017) 1221374897, 
2018) 1221625999, 
2019) 1221816464, 
2020) 1222103599, 
2021) 1223001696, 
2022) 1223284923, 
2023) 1223316649, 
2024) 1223683631, 
2025) 1225158202, 
2026) 1226030503, 
2027) 1226135609, 
2028) 1226357017, 
2029) 1228133656, 
2030) 1228229356, 
2031) 1228436472, 
2032) 1228437451, 
2033) 1228972193, 
2034) 1229107815, 
2035) 1230116436, 
2036) 1230177586, 
2037) 1231291712, 
2038) 1232061645, 
2039) 1232555412, 
2040) 1232615395, 
2041) 1233791249, 
2042) 1235481278, 
2043) 1235501611, 
2044) 1235751202, 
2045) 1237600861, 
2046) 1238738545, 
2047) 1239368079, 
2048) 1241702480, 
2049) 1242520087, 
2050) 1242560537, 
2051) 1243206761, 
2052) 1243416667, 
2053) 1243633303, 
2054) 1244148933, 
2055) 1244292463, 
2056) 1244439448, 
2057) 1245297644, 
2058) 1245562473, 
2059) 1246395006, 
2060) 1248576130, 
2061) 1248718491, 
2062) 1249078770, 
2063) 1249262049, 
2064) 1249534296, 
2065) 1250444993, 
2066) 1251193834, 
2067) 1254283250, 
2068) 1254432149, 
2069) 1254599199, 
2070) 1255285493, 
2071) 1256027759, 
2072) 1256422407, 
2073) 1257019207, 
2074) 1257293640, 
2075) 1257609469, 
2076) 1258197266, 
2077) 1258909526, 
2078) 1259257007, 
2079) 1259434222, 
2080) 1260278572, 
2081) 1261180184, 
2082) 1261353301, 
2083) 1261381058, 
2084) 1261849703, 
2085) 1262019284, 
2086) 1262095073, 
2087) 1262618182, 
2088) 1262926459, 
2089) 1263594115, 
2090) 1264913245, 
2091) 1264934196, 
2092) 1265047040, 
2093) 1265103250, 
2094) 1265631953, 
2095) 1265924818, 
2096) 1266240787, 
2097) 1266884721, 
2098) 1267073069, 
2099) 1267552828, 
2100) 1268180970, 
2101) 1268692149, 
2102) 1268759005, 
2103) 1269480476, 
2104) 1271142651, 
2105) 1272641856, 
2106) 1273608565, 
2107) 1274337531, 
2108) 1274384681, 
2109) 1274730818, 
2110) 1275701907, 
2111) 1276334326, 
2112) 1276525162, 
2113) 1276798313, 
2114) 1277578662, 
2115) 1278055856, 
2116) 1279141919, 
2117) 1281059397, 
2118) 1281320710, 
2119) 1281397478, 
2120) 1281546933, 
2121) 1281895801, 
2122) 1282373220, 
2123) 1282832182, 
2124) 1283046602, 
2125) 1283494264, 
2126) 1283681329, 
2127) 1283934904, 
2128) 1287799845, 
2129) 1288049755, 
2130) 1288198015, 
2131) 1288390410, 
2132) 1289435476, 
2133) 1290437832, 
2134) 1291466078, 
2135) 1292168069, 
2136) 1293405075, 
2137) 1296522995, 
2138) 1297321056, 
2139) 1298397013, 
2140) 1298455067, 
2141) 1298811152, 
2142) 1298878543, 
2143) 1299003593, 
2144) 1299138890, 
2145) 1299600375, 
2146) 1299867179, 
2147) 1301180259, 
2148) 1301560627, 
2149) 1301927375, 
2150) 1302134270, 
2151) 1302361185, 
2152) 1302506402, 
2153) 1302555704, 
2154) 1302798382, 
2155) 1303015831, 
2156) 1303534304, 
2157) 1304586033, 
2158) 1304685695, 
2159) 1304729761, 
2160) 1304823263, 
2161) 1305226739, 
2162) 1305375335, 
2163) 1306366294, 
2164) 1306712018, 
2165) 1307224567, 
2166) 1308534920, 
2167) 1309401073, 
2168) 1310221644, 
2169) 1310544454, 
2170) 1311865585, 
2171) 1314218546, 
2172) 1314242489, 
2173) 1316063484, 
2174) 1316347792, 
2175) 1316597667, 
2176) 1317049029, 
2177) 1317122376, 
2178) 1317744971, 
2179) 1317906494, 
2180) 1318519310, 
2181) 1319030932, 
2182) 1320006868, 
2183) 1320141631, 
2184) 1320325617, 
2185) 1321634085, 
2186) 1321840047, 
2187) 1322610105, 
2188) 1322873583, 
2189) 1323414046, 
2190) 1323755027, 
2191) 1324474334, 
2192) 1324590808, 
2193) 1324716649, 
2194) 1324893820, 
2195) 1324965821, 
2196) 1325223763, 
2197) 1325410186, 
2198) 1325685900, 
2199) 1325762167, 
2200) 1326496273, 
2201) 1327032399, 
2202) 1327300540, 
2203) 1327414330, 
2204) 1328130363, 
2205) 1328341992, 
2206) 1329378687, 
2207) 1330332939, 
2208) 1330543868, 
2209) 1330592413, 
2210) 1331419260, 
2211) 1331505989, 
2212) 1332787709, 
2213) 1333594042, 
2214) 1334212285, 
2215) 1335084475, 
2216) 1336328013, 
2217) 1336445461, 
2218) 1337024115, 
2219) 1337164573, 
2220) 1337396785, 
2221) 1337612551, 
2222) 1338311609, 
2223) 1338449172, 
2224) 1339247689, 
2225) 1339772259, 
2226) 1339774018, 
2227) 1339987005, 
2228) 1339995604, 
2229) 1340769759, 
2230) 1341406146, 
2231) 1341779937, 
2232) 1342396715, 
2233) 1343675570, 
2234) 1343888284, 
2235) 1344635313, 
2236) 1344974008, 
2237) 1345113540, 
2238) 1345711660, 
2239) 1346158909, 
2240) 1346331210, 
2241) 1346588460, 
2242) 1347071891, 
2243) 1347470803, 
2244) 1347516026, 
2245) 1347750799, 
2246) 1347986057, 
2247) 1348262328, 
2248) 1349264024, 
2249) 1349933442, 
2250) 1350398472, 
2251) 1350932025, 
2252) 1351189689, 
2253) 1352168544, 
2254) 1352460700, 
2255) 1352797805, 
2256) 1352797963, 
2257) 1353217465, 
2258) 1353355164, 
2259) 1353429814, 
2260) 1354232186, 
2261) 1355300995, 
2262) 1355940086, 
2263) 1356083179, 
2264) 1356199124, 
2265) 1356219327, 
2266) 1356984511, 
2267) 1357230299, 
2268) 1358030532, 
2269) 1358742905, 
2270) 1359264121, 
2271) 1359642709, 
2272) 1362647379, 
2273) 1362769401, 
2274) 1363798785, 
2275) 1363842366, 
2276) 1364282843, 
2277) 1364834190, 
2278) 1365286491, 
2279) 1365625366, 
2280) 1365785212, 
2281) 1366145458, 
2282) 1366373929, 
2283) 1366782833, 
2284) 1368019385, 
2285) 1368299788, 
2286) 1368816091, 
2287) 1368940369, 
2288) 1369715504, 
2289) 1370654196, 
2290) 1371659634, 
2291) 1371769350, 
2292) 1372059614, 
2293) 1374090707, 
2294) 1374661222, 
2295) 1375017181, 
2296) 1375343120, 
2297) 1377637023, 
2298) 1377910403, 
2299) 1379683749, 
2300) 1379804424, 
2301) 1380683082, 
2302) 1381393839, 
2303) 1381616268, 
2304) 1382107378, 
2305) 1382437014, 
2306) 1382860559, 
2307) 1383292205, 
2308) 1384129233, 
2309) 1384676690, 
2310) 1385798865, 
2311) 1386429126, 
2312) 1386596536, 
2313) 1386681627, 
2314) 1386942423, 
2315) 1388670334, 
2316) 1388737484, 
2317) 1389005149, 
2318) 1389699904, 
2319) 1390130217, 
2320) 1390147548, 
2321) 1390551629, 
2322) 1390867333, 
2323) 1391000100, 
2324) 1391634851, 
2325) 1391955405, 
2326) 1392093725, 
2327) 1392999472, 
2328) 1394130422, 
2329) 1394406329, 
2330) 1394902907, 
2331) 1395700329, 
2332) 1396136649, 
2333) 1396679437, 
2334) 1398295396, 
2335) 1398918490, 
2336) 1399280335, 
2337) 1399738154, 
2338) 1400654164, 
2339) 1401191412, 
2340) 1401708137, 
2341) 1401811334, 
2342) 1402380023, 
2343) 1402706172, 
2344) 1402803096, 
2345) 1403362256, 
2346) 1404653535, 
2347) 1404756937, 
2348) 1405135212, 
2349) 1405402718, 
2350) 1406250307, 
2351) 1406384460, 
2352) 1406551963, 
2353) 1406664079, 
2354) 1406769915, 
2355) 1407022895, 
2356) 1407065630, 
2357) 1407630727, 
2358) 1408454301, 
2359) 1410594331, 
2360) 1411095163, 
2361) 1411554825, 
2362) 1411611284, 
2363) 1413239475, 
2364) 1413267896, 
2365) 1413861141, 
2366) 1415375695, 
2367) 1415783989, 
2368) 1417690869, 
2369) 1418310367, 
2370) 1418931906, 
2371) 1419265486, 
2372) 1419471849, 
2373) 1419829840, 
2374) 1420174274, 
2375) 1420551092, 
2376) 1420651334, 
2377) 1421085558, 
2378) 1421995270, 
2379) 1422560094, 
2380) 1423068512, 
2381) 1423235266, 
2382) 1423662301, 
2383) 1424088854, 
2384) 1426248773, 
2385) 1426410069, 
2386) 1426441926, 
2387) 1426684230, 
2388) 1427371372, 
2389) 1427741750, 
2390) 1428654794, 
2391) 1429282360, 
2392) 1430245225, 
2393) 1430775579, 
2394) 1433029266, 
2395) 1433258487, 
2396) 1433342826, 
2397) 1433835212, 
2398) 1435453339, 
2399) 1435463229, 
2400) 1435504656, 
2401) 1435665156, 
2402) 1436565950, 
2403) 1436592173, 
2404) 1437250327, 
2405) 1437491106, 
2406) 1437929345, 
2407) 1441096650, 
2408) 1441650909, 
2409) 1442052432, 
2410) 1443465009, 
2411) 1443903834, 
2412) 1444018384, 
2413) 1444121440, 
2414) 1444555112, 
2415) 1444572991, 
2416) 1446226475, 
2417) 1447557723, 
2418) 1447929189, 
2419) 1448151209, 
2420) 1448173794, 
2421) 1448563120, 
2422) 1448913754, 
2423) 1449898127, 
2424) 1450348398, 
2425) 1450708921, 
2426) 1451044774, 
2427) 1451090847, 
2428) 1451778049, 
2429) 1453380646, 
2430) 1454584872, 
2431) 1454770189, 
2432) 1455164268, 
2433) 1455777417, 
2434) 1456009187, 
2435) 1456316618, 
2436) 1457879605, 
2437) 1459591328, 
2438) 1461154633, 
2439) 1461549443, 
2440) 1462673288, 
2441) 1464267155, 
2442) 1464325088, 
2443) 1464715760, 
2444) 1465108990, 
2445) 1466460836, 
2446) 1466534846, 
2447) 1466615352, 
2448) 1468031000, 
2449) 1468240389, 
2450) 1468501137, 
2451) 1469725582, 
2452) 1470309912, 
2453) 1470687305, 
2454) 1472140118, 
2455) 1472192227, 
2456) 1472342197, 
2457) 1472890492, 
2458) 1473194116, 
2459) 1473368532, 
2460) 1473463702, 
2461) 1473465489, 
2462) 1473604261, 
2463) 1474355818, 
2464) 1476927326, 
2465) 1477605868, 
2466) 1477977496, 
2467) 1479326008, 
2468) 1479793117, 
2469) 1480025803, 
2470) 1480083112, 
2471) 1480393947, 
2472) 1480394116, 
2473) 1481193426, 
2474) 1482443863, 
2475) 1482730813, 
2476) 1483256038, 
2477) 1483749786, 
2478) 1483816767, 
2479) 1485165608, 
2480) 1485700841, 
2481) 1487023277, 
2482) 1489004522, 
2483) 1490636721, 
2484) 1490778404, 
2485) 1492175837, 
2486) 1492632866, 
2487) 1493482332, 
2488) 1493711103, 
2489) 1494030921, 
2490) 1495791597, 
2491) 1496731702, 
2492) 1496813535, 
2493) 1496846814, 
2494) 1497204030, 
2495) 1497799149, 
2496) 1498150162, 
2497) 1498949186, 
2498) 1499083705, 
2499) 1499253386, 
2500) 1500057819, 
2501) 1500401413, 
2502) 1501691418, 
2503) 1502772617, 
2504) 1503563072, 
2505) 1505511485, 
2506) 1507383665, 
2507) 1508146114, 
2508) 1508247862, 
2509) 1508250054, 
2510) 1509070419, 
2511) 1509628103, 
2512) 1510834288, 
2513) 1513051375, 
2514) 1513816557, 
2515) 1514132127, 
2516) 1514538279, 
2517) 1515425308, 
2518) 1516264613, 
2519) 1516689988, 
2520) 1517351255, 
2521) 1518148747, 
2522) 1519189153, 
2523) 1519282077, 
2524) 1519948571, 
2525) 1520637269, 
2526) 1520655256, 
2527) 1521476188, 
2528) 1521530384, 
2529) 1523368317, 
2530) 1523687031, 
2531) 1523715232, 
2532) 1525672742, 
2533) 1526614383, 
2534) 1529009358, 
2535) 1529230116, 
2536) 1530043920, 
2537) 1530093735, 
2538) 1530672492, 
2539) 1531324630, 
2540) 1532118635, 
2541) 1532761141, 
2542) 1533585190, 
2543) 1534210303, 
2544) 1534304725, 
2545) 1534905853, 
2546) 1537177455, 
2547) 1538512939, 
2548) 1538674056, 
2549) 1539497350, 
2550) 1540437711, 
2551) 1541534784, 
2552) 1541679393, 
2553) 1541681974, 
2554) 1541885851, 
2555) 1543222595, 
2556) 1543334761, 
2557) 1543687975, 
2558) 1543714485, 
2559) 1543988242, 
2560) 1544582535, 
2561) 1545130987, 
2562) 1545698526, 
2563) 1547515606, 
2564) 1549018422, 
2565) 1549162746, 
2566) 1550104924, 
2567) 1550201408, 
2568) 1550411802, 
2569) 1550490624, 
2570) 1551560803, 
2571) 1551779109, 
2572) 1552042810, 
2573) 1552092111, 
2574) 1552602782, 
2575) 1552810422, 
2576) 1553054403, 
2577) 1553062945, 
2578) 1553301704, 
2579) 1554075546, 
2580) 1554242193, 
2581) 1555018830, 
2582) 1555406164, 
2583) 1555557609, 
2584) 1555752969, 
2585) 1556187281, 
2586) 1557291157, 
2587) 1557570696, 
2588) 1557919883, 
2589) 1558041343, 
2590) 1559427170, 
2591) 1560034614, 
2592) 1560214057, 
2593) 1560378667, 
2594) 1560763159, 
2595) 1561619353, 
2596) 1562635657, 
2597) 1564079868, 
2598) 1564491401, 
2599) 1564874527, 
2600) 1565134365, 
2601) 1565241626, 
2602) 1565278165, 
2603) 1565359039, 
2604) 1566113515, 
2605) 1566135067, 
2606) 1566378341, 
2607) 1567122337, 
2608) 1567397512, 
2609) 1568596677, 
2610) 1569281630, 
2611) 1570097550, 
2612) 1570699010, 
2613) 1571678130, 
2614) 1572695696, 
2615) 1573093071, 
2616) 1573304902, 
2617) 1573368154, 
2618) 1575688477, 
2619) 1575968116, 
2620) 1576014524, 
2621) 1576303423, 
2622) 1576562355, 
2623) 1576883950, 
2624) 1578085802, 
2625) 1578109803, 
2626) 1578485342, 
2627) 1578645787, 
2628) 1578968742, 
2629) 1579176626, 
2630) 1581087828, 
2631) 1581173286, 
2632) 1581483624, 
2633) 1581864179, 
2634) 1582076292, 
2635) 1583116880, 
2636) 1583377430, 
2637) 1585943773, 
2638) 1585950899, 
2639) 1586835399, 
2640) 1586914874, 
2641) 1587097735, 
2642) 1587583263, 
2643) 1588631606, 
2644) 1590050806, 
2645) 1590580397, 
2646) 1590795019, 
2647) 1592059903, 
2648) 1592155684, 
2649) 1592446476, 
2650) 1592589155, 
2651) 1592740599, 
2652) 1593510755, 
2653) 1593855777, 
2654) 1594993590, 
2655) 1596094288, 
2656) 1596490496, 
2657) 1596522292, 
2658) 1596574801, 
2659) 1597041654, 
2660) 1597948840, 
2661) 1598195674, 
2662) 1598199204, 
2663) 1598317385, 
2664) 1598658997, 
2665) 1600456090, 
2666) 1600616448, 
2667) 1600616670, 
2668) 1600794528, 
2669) 1602008917, 
2670) 1602229908, 
2671) 1602264444, 
2672) 1602318863, 
2673) 1602753471, 
2674) 1603608704, 
2675) 1603667826, 
2676) 1604770135, 
2677) 1605088664, 
2678) 1605175646, 
2679) 1606145069, 
2680) 1606423843, 
2681) 1606536014, 
2682) 1606553215, 
2683) 1606889144, 
2684) 1607141162, 
2685) 1607417452, 
2686) 1607946289, 
2687) 1608556582, 
2688) 1609351629, 
2689) 1609490676, 
2690) 1610383802, 
2691) 1610583563, 
2692) 1610701220, 
2693) 1611483788, 
2694) 1611633171, 
2695) 1611760778, 
2696) 1611799729, 
2697) 1612017802, 
2698) 1612265319, 
2699) 1612971612, 
2700) 1614045666, 
2701) 1615097567, 
2702) 1615476247, 
2703) 1615740027, 
2704) 1616490658, 
2705) 1616668084, 
2706) 1617232549, 
2707) 1618175047, 
2708) 1618772737, 
2709) 1619482112, 
2710) 1619646815, 
2711) 1620256840, 
2712) 1620581029, 
2713) 1620918185, 
2714) 1621486215, 
2715) 1622000249, 
2716) 1622011497, 
2717) 1622747996, 
2718) 1622860769, 
2719) 1622909337, 
2720) 1622956265, 
2721) 1623492968, 
2722) 1624451248, 
2723) 1624990833, 
2724) 1625152978, 
2725) 1625643407, 
2726) 1626217882, 
2727) 1626708073, 
2728) 1626801224, 
2729) 1626817659, 
2730) 1626908844, 
2731) 1627043537, 
2732) 1627298120, 
2733) 1628054237, 
2734) 1628206995, 
2735) 1628795274, 
2736) 1629546584, 
2737) 1630457476, 
2738) 1631576094, 
2739) 1631963657, 
2740) 1634028937, 
2741) 1634230123, 
2742) 1634635917, 
2743) 1634745961, 
2744) 1634977747, 
2745) 1635070073, 
2746) 1635607259, 
2747) 1635642677, 
2748) 1636374719, 
2749) 1636778015, 
2750) 1637925525, 
2751) 1639092519, 
2752) 1639103565, 
2753) 1639234074, 
2754) 1639672242, 
2755) 1639975685, 
2756) 1640415203, 
2757) 1640968432, 
2758) 1641008869, 
2759) 1642741232, 
2760) 1642829107, 
2761) 1643183254, 
2762) 1643668464, 
2763) 1643791750, 
2764) 1643852434, 
2765) 1644055414, 
2766) 1644930485, 
2767) 1645873334, 
2768) 1646702975, 
2769) 1646871634, 
2770) 1648290725, 
2771) 1648419548, 
2772) 1649442731, 
2773) 1650336848, 
2774) 1653183159, 
2775) 1654806387, 
2776) 1655099480, 
2777) 1656232612, 
2778) 1656875086, 
2779) 1657738047, 
2780) 1657819255, 
2781) 1658052325, 
2782) 1658444584, 
2783) 1659660489, 
2784) 1659949142, 
2785) 1660022519, 
2786) 1660072932, 
2787) 1660290287, 
2788) 1660811475, 
2789) 1661269501, 
2790) 1661271871, 
2791) 1661410627, 
2792) 1661687643, 
2793) 1663766806, 
2794) 1664026808, 
2795) 1664068502, 
2796) 1665253722, 
2797) 1665566599, 
2798) 1668935816, 
2799) 1668948426, 
2800) 1669385713, 
2801) 1669887209, 
2802) 1671151565, 
2803) 1671370553, 
2804) 1671462235, 
2805) 1671679275, 
2806) 1673019906, 
2807) 1673110692, 
2808) 1673536172, 
2809) 1673751938, 
2810) 1674141934, 
2811) 1674629574, 
2812) 1674843199, 
2813) 1675056480, 
2814) 1676009047, 
2815) 1676669112, 
2816) 1676708766, 
2817) 1678316060, 
2818) 1679065744, 
2819) 1679367640, 
2820) 1680776119, 
2821) 1681099394, 
2822) 1682372274, 
2823) 1682546150, 
2824) 1682598794, 
2825) 1682692268, 
2826) 1684129655, 
2827) 1684466963, 
2828) 1685120102, 
2829) 1685669958, 
2830) 1686037108, 
2831) 1687167832, 
2832) 1688848217, 
2833) 1689102424, 
2834) 1689418303, 
2835) 1691160412, 
2836) 1691381999, 
2837) 1691884657, 
2838) 1694175216, 
2839) 1694394499, 
2840) 1694685966, 
2841) 1694783372, 
2842) 1694828332, 
2843) 1695388444, 
2844) 1695412272, 
2845) 1695530232, 
2846) 1696631179, 
2847) 1697062507, 
2848) 1697582803, 
2849) 1697740471, 
2850) 1697759776, 
2851) 1697831184, 
2852) 1699169932, 
2853) 1699685148, 
2854) 1699758708, 
2855) 1701006322, 
2856) 1701265455, 
2857) 1702543392, 
2858) 1702925317, 
2859) 1703424192, 
2860) 1704256976, 
2861) 1704527944, 
2862) 1704547629, 
2863) 1704707894, 
2864) 1705047950, 
2865) 1705285568, 
2866) 1706054122, 
2867) 1706081629, 
2868) 1706567775, 
2869) 1707668501, 
2870) 1709146767, 
2871) 1709767188, 
2872) 1709939549, 
2873) 1710135873, 
2874) 1710683431, 
2875) 1710690859, 
2876) 1711004488, 
2877) 1711180413, 
2878) 1711298307, 
2879) 1712535060, 
2880) 1712556223, 
2881) 1713297118, 
2882) 1715603938, 
2883) 1716027204, 
2884) 1716351517, 
2885) 1716804734, 
2886) 1717200441, 
2887) 1718414636, 
2888) 1718857649, 
2889) 1719573836, 
2890) 1719634697, 
2891) 1719946345, 
2892) 1720084684, 
2893) 1720233224, 
2894) 1721408434, 
2895) 1721652236, 
2896) 1722786234, 
2897) 1723271064, 
2898) 1723911313, 
2899) 1724416726, 
2900) 1724651628, 
2901) 1724873425, 
2902) 1725375662, 
2903) 1725661977, 
2904) 1726641793, 
2905) 1726783685, 
2906) 1728175809, 
2907) 1728626383, 
2908) 1729031926, 
2909) 1730503204, 
2910) 1731293839, 
2911) 1731397409, 
2912) 1731749988, 
2913) 1731752853, 
2914) 1731874925, 
2915) 1732154731, 
2916) 1733458370, 
2917) 1733731475, 
2918) 1734950263, 
2919) 1736416053, 
2920) 1738524228, 
2921) 1738914110, 
2922) 1739435865, 
2923) 1739523783, 
2924) 1740360478, 
2925) 1741252032, 
2926) 1742102684, 
2927) 1742493872, 
2928) 1742959959, 
2929) 1743353329, 
2930) 1743423301, 
2931) 1743953631, 
2932) 1743990199, 
2933) 1744232358, 
2934) 1746012706, 
2935) 1746080046, 
2936) 1746099345, 
2937) 1746157998, 
2938) 1747326620, 
2939) 1747686466, 
2940) 1748666038, 
2941) 1749828292, 
2942) 1749998768, 
2943) 1751874497, 
2944) 1752243457, 
2945) 1752583436, 
2946) 1752774731, 
2947) 1753429037, 
2948) 1753526197, 
2949) 1753677971, 
2950) 1754383423, 
2951) 1755196286, 
2952) 1756266282, 
2953) 1756398051, 
2954) 1756398463, 
2955) 1757277179, 
2956) 1757532892, 
2957) 1757599245, 
2958) 1757842606, 
2959) 1759794539, 
2960) 1760337355, 
2961) 1761244271, 
2962) 1761516600, 
2963) 1762213318, 
2964) 1762845297, 
2965) 1763595435, 
2966) 1764364973, 
2967) 1764529746, 
2968) 1764637931, 
2969) 1765151151, 
2970) 1766201853, 
2971) 1766295641, 
2972) 1767096091, 
2973) 1767133063, 
2974) 1767907374, 
2975) 1768567869, 
2976) 1769192377, 
2977) 1769922263, 
2978) 1771694203, 
2979) 1771797132, 
2980) 1771854485, 
2981) 1772674814, 
2982) 1773167704, 
2983) 1773174940, 
2984) 1773978413, 
2985) 1774169766, 
2986) 1774222859, 
2987) 1774401085, 
2988) 1775201798, 
2989) 1775386987, 
2990) 1775846774, 
2991) 1775922685, 
2992) 1776109069, 
2993) 1776122234, 
2994) 1776503909, 
2995) 1776523479, 
2996) 1776542401, 
2997) 1776689077, 
2998) 1776731532, 
2999) 1776766188, 
3000) 1776772264, 
3001) 1777612016, 
3002) 1778068936, 
3003) 1778807244, 
3004) 1779236852, 
3005) 1780106140, 
3006) 1781370305, 
3007) 1782132372, 
3008) 1782142303, 
3009) 1784324588, 
3010) 1784387069, 
3011) 1784474039, 
3012) 1785153015, 
3013) 1785881732, 
3014) 1786850380, 
3015) 1786989871, 
3016) 1787173973, 
3017) 1787324189, 
3018) 1787718629, 
3019) 1787948955, 
3020) 1789080309, 
3021) 1789272057, 
3022) 1789540934, 
3023) 1790523293, 
3024) 1790829259, 
3025) 1790839430, 
3026) 1790915558, 
3027) 1791502138, 
3028) 1791852738, 
3029) 1792073662, 
3030) 1792660865, 
3031) 1792794064, 
3032) 1795305208, 
3033) 1796184355, 
3034) 1796304291, 
3035) 1796737307, 
3036) 1797692899, 
3037) 1799285502, 
3038) 1800127133, 
3039) 1800656652, 
3040) 1801380496, 
3041) 1801572660, 
3042) 1801639935, 
3043) 1801667005, 
3044) 1803109948, 
3045) 1803359102, 
3046) 1803463043, 
3047) 1804163426, 
3048) 1804324376, 
3049) 1804717302, 
3050) 1805036299, 
3051) 1805189612, 
3052) 1806016691, 
3053) 1806403246, 
3054) 1807302802, 
3055) 1807520752, 
3056) 1807890241, 
3057) 1808117397, 
3058) 1808482815, 
3059) 1809758817, 
3060) 1809892783, 
3061) 1810290850, 
3062) 1810602251, 
3063) 1811879610, 
3064) 1816046839, 
3065) 1816063339, 
3066) 1816574286, 
3067) 1816638433, 
3068) 1816976712, 
3069) 1817358439, 
3070) 1818645224, 
3071) 1820445036, 
3072) 1821245431, 
3073) 1822404667, 
3074) 1822538114, 
3075) 1823341835, 
3076) 1823722434, 
3077) 1824269864, 
3078) 1824923457, 
3079) 1826531055, 
3080) 1827232180, 
3081) 1827386702, 
3082) 1828506108, 
3083) 1829467750, 
3084) 1830193662, 
3085) 1830570855, 
3086) 1830875466, 
3087) 1831261940, 
3088) 1833605913, 
3089) 1834742648, 
3090) 1835377287, 
3091) 1835474860, 
3092) 1836925303, 
3093) 1837286056, 
3094) 1837521371, 
3095) 1838430839, 
3096) 1838700214, 
3097) 1838884152, 
3098) 1839651540, 
3099) 1840784854, 
3100) 1841064512, 
3101) 1841944363, 
3102) 1842379687, 
3103) 1842550900, 
3104) 1843043752, 
3105) 1843554062, 
3106) 1844248154, 
3107) 1844405151, 
3108) 1845337245, 
3109) 1845875607, 
3110) 1846298770, 
3111) 1846650574, 
3112) 1846709463, 
3113) 1846896357, 
3114) 1846959175, 
3115) 1846989432, 
3116) 1847992469, 
3117) 1848152092, 
3118) 1849032868, 
3119) 1849984772, 
3120) 1850681343, 
3121) 1850832342, 
3122) 1851360230, 
3123) 1851445650, 
3124) 1852000722, 
3125) 1852998976, 
3126) 1853062673, 
3127) 1853477339, 
3128) 1853810214, 
3129) 1854235017, 
3130) 1854693409, 
3131) 1855061726, 
3132) 1855565261, 
3133) 1855795866, 
3134) 1856373995, 
3135) 1856502199, 
3136) 1856503052, 
3137) 1857943093, 
3138) 1858141559, 
3139) 1858350802, 
3140) 1858854995, 
3141) 1859839055, 
3142) 1860613502, 
3143) 1860771134, 
3144) 1861183338, 
3145) 1864358508, 
3146) 1865667654, 
3147) 1867450466, 
3148) 1868095384, 
3149) 1869483899, 
3150) 1869867547, 
3151) 1870064957, 
3152) 1870286187, 
3153) 1870738315, 
3154) 1870928827, 
3155) 1871014380, 
3156) 1871237170, 
3157) 1871559697, 
3158) 1872398413, 
3159) 1872470205, 
3160) 1873043463, 
3161) 1874207324, 
3162) 1874995056, 
3163) 1875469304, 
3164) 1876858919, 
3165) 1877566162, 
3166) 1877769950, 
3167) 1878041181, 
3168) 1878436800, 
3169) 1878835480, 
3170) 1879512665, 
3171) 1879583437, 
3172) 1879602549, 
3173) 1879846838, 
3174) 1879899710, 
3175) 1880288270, 
3176) 1880477842, 
3177) 1881134250, 
3178) 1881187905, 
3179) 1881468019, 
3180) 1882266877, 
3181) 1883076621, 
3182) 1883995433, 
3183) 1885120786, 
3184) 1886236843, 
3185) 1886767314, 
3186) 1886796868, 
3187) 1887107269, 
3188) 1887242434, 
3189) 1887848774, 
3190) 1889170091, 
3191) 1889740854, 
3192) 1892612563, 
3193) 1894123212, 
3194) 1894326819, 
3195) 1895544671, 
3196) 1897763380, 
3197) 1898269919, 
3198) 1899653596, 
3199) 1900119500, 
3200) 1900572978, 
3201) 1901602835, 
3202) 1901638637, 
3203) 1901953603, 
3204) 1903199917, 
3205) 1904511338, 
3206) 1907314229, 
3207) 1907380475, 
3208) 1907644299, 
3209) 1907939111, 
3210) 1908417940, 
3211) 1909850966, 
3212) 1910138653, 
3213) 1911588673, 
3214) 1911890623, 
3215) 1912140526, 
3216) 1912585382, 
3217) 1912886375, 
3218) 1913477852, 
3219) 1913635015, 
3220) 1913769424, 
3221) 1914380443, 
3222) 1914694539, 
3223) 1914965123, 
3224) 1915061363, 
3225) 1915512545, 
3226) 1915737043, 
3227) 1916399787, 
3228) 1916560161, 
3229) 1916784768, 
3230) 1917042981, 
3231) 1918451429, 
3232) 1919469667, 
3233) 1919847604, 
3234) 1919857724, 
3235) 1920661570, 
3236) 1920896112, 
3237) 1921876511, 
3238) 1923365958, 
3239) 1923801576, 
3240) 1925011854, 
3241) 1925390056, 
3242) 1926283418, 
3243) 1926595360, 
3244) 1927496278, 
3245) 1927693331, 
3246) 1927885607, 
3247) 1928190837, 
3248) 1928440247, 
3249) 1929437730, 
3250) 1929793482, 
3251) 1930846470, 
3252) 1930970725, 
3253) 1931063811, 
3254) 1931272742, 
3255) 1932566888, 
3256) 1932925246, 
3257) 1933920032, 
3258) 1934256376, 
3259) 1934258403, 
3260) 1934956672, 
3261) 1935532773, 
3262) 1935937584, 
3263) 1936182022, 
3264) 1938027934, 
3265) 1938267604, 
3266) 1939216373, 
3267) 1940447229, 
3268) 1940739552, 
3269) 1941982418, 
3270) 1942880634, 
3271) 1943715530, 
3272) 1944207412, 
3273) 1944210728, 
3274) 1944366434, 
3275) 1945270541, 
3276) 1945364142, 
3277) 1945771428, 
3278) 1946363838, 
3279) 1946859244, 
3280) 1948942143, 
3281) 1949944111, 
3282) 1951894106, 
3283) 1951975342, 
3284) 1952989880, 
3285) 1954179120, 
3286) 1954844388, 
3287) 1955112795, 
3288) 1955264573, 
3289) 1956087952, 
3290) 1956176375, 
3291) 1956289515, 
3292) 1957285248, 
3293) 1957463169, 
3294) 1957581884, 
3295) 1958056836, 
3296) 1958149347, 
3297) 1958598360, 
3298) 1959243100, 
3299) 1959334601, 
3300) 1959570871, 
3301) 1961171035, 
3302) 1962335516, 
3303) 1962397423, 
3304) 1962657917, 
3305) 1962664627, 
3306) 1962882907, 
3307) 1962898830, 
3308) 1963159518, 
3309) 1964907741, 
3310) 1964996535, 
3311) 1965100665, 
3312) 1965704238, 
3313) 1966294411, 
3314) 1967240190, 
3315) 1967644936, 
3316) 1967673100, 
3317) 1968011741, 
3318) 1968174930, 
3319) 1968571712, 
3320) 1968757992, 
3321) 1968928489, 
3322) 1969636027, 
3323) 1970129740, 
3324) 1970364631, 
3325) 1970540867, 
3326) 1971533550, 
3327) 1972646464, 
3328) 1972901381, 
3329) 1973116195, 
3330) 1973133296, 
3331) 1973333686, 
3332) 1974182748, 
3333) 1975128422, 
3334) 1976849907, 
3335) 1977064314, 
3336) 1977411265, 
3337) 1978254417, 
3338) 1978449382, 
3339) 1978582054, 
3340) 1978582676, 
3341) 1978902830, 
3342) 1979121924, 
3343) 1979171061, 
3344) 1980150907, 
3345) 1980214055, 
3346) 1980354016, 
3347) 1980599455, 
3348) 1980938876, 
3349) 1981587784, 
3350) 1982112812, 
3351) 1982856622, 
3352) 1983370692, 
3353) 1983688028, 
3354) 1985284739, 
3355) 1985760031, 
3356) 1985949444, 
3357) 1986846258, 
3358) 1987357065, 
3359) 1987463750, 
3360) 1988595900, 
3361) 1989470218, 
3362) 1989765792, 
3363) 1991955327, 
3364) 1994073757, 
3365) 1994145262, 
3366) 1994214694, 
3367) 1994272250, 
3368) 1994272846, 
3369) 1994468901, 
3370) 1994708090, 
3371) 1995372530, 
3372) 1995721014, 
3373) 1995955757, 
3374) 1997477584, 
3375) 1998006791, 
3376) 1998760303, 
3377) 1999302066, 
3378) 1999977008, 
3379) 2000300599, 
3380) 2000679623, 
3381) 2000727693, 
3382) 2001567700, 
3383) 2002172156, 
3384) 2004477962, 
3385) 2004504410, 
3386) 2005171325, 
3387) 2005177860, 
3388) 2006224817, 
3389) 2006607940, 
3390) 2007753245, 
3391) 2007753779, 
3392) 2009440554, 
3393) 2010617591, 
3394) 2010668166, 
3395) 2010879761, 
3396) 2011218027, 
3397) 2011448166, 
3398) 2011632053, 
3399) 2012770683, 
3400) 2013185583, 
3401) 2013270107, 
3402) 2013313951, 
3403) 2014038993, 
3404) 2014322743, 
3405) 2015710653, 
3406) 2016172154, 
3407) 2016313400, 
3408) 2017170398, 
3409) 2017430528, 
3410) 2019214084, 
3411) 2019263142, 
3412) 2019987873, 
3413) 2023012849, 
3414) 2023088744, 
3415) 2023137085, 
3416) 2023979168, 
3417) 2024176245, 
3418) 2024791554, 
3419) 2024906256, 
3420) 2025787884, 
3421) 2026104038, 
3422) 2026150180, 
3423) 2026587725, 
3424) 2026916043, 
3425) 2026935781, 
3426) 2026990990, 
3427) 2028150073, 
3428) 2028432678, 
3429) 2028643914, 
3430) 2028797953, 
3431) 2030300429, 
3432) 2030902497, 
3433) 2031676324, 
3434) 2031843438, 
3435) 2033330999, 
3436) 2033355888, 
3437) 2033787475, 
3438) 2034142160, 
3439) 2034814646, 
3440) 2034928225, 
3441) 2035739680, 
3442) 2035927663, 
3443) 2037698566, 
3444) 2038142224, 
3445) 2038230384, 
3446) 2038771942, 
3447) 2039864589, 
3448) 2040955339, 
3449) 2040958085, 
3450) 2041088573, 
3451) 2041153961, 
3452) 2042484811, 
3453) 2043014946, 
3454) 2043094342, 
3455) 2043428171, 
3456) 2044216156, 
3457) 2044432060, 
3458) 2044538610, 
3459) 2044569667, 
3460) 2044734089, 
3461) 2045663555, 
3462) 2047233786, 
3463) 2048072925, 
3464) 2048572117, 
3465) 2048610990, 
3466) 2048786232, 
3467) 2049719478, 
3468) 2051216681, 
3469) 2051298574, 
3470) 2051423575, 
3471) 2051677706, 
3472) 2051840979, 
3473) 2052058792, 
3474) 2052087230, 
3475) 2052319462, 
3476) 2053160600, 
3477) 2053727793, 
3478) 2054061235, 
3479) 2057126523, 
3480) 2057217712, 
3481) 2057509810, 
3482) 2057595330, 
3483) 2058396306, 
3484) 2058745560, 
3485) 2058866843, 
3486) 2060070893, 
3487) 2061891746, 
3488) 2064084923, 
3489) 2064901350, 
3490) 2065094360, 
3491) 2065623574, 
3492) 2066075295, 
3493) 2067095668, 
3494) 2067606914, 
3495) 2067920879, 
3496) 2068121441, 
3497) 2068516397, 
3498) 2068664616, 
3499) 2068733517, 
3500) 2068810795, 
3501) 2070367258, 
3502) 2071383349, 
3503) 2073200097, 
3504) 2073362403, 
3505) 2074011464, 
3506) 2074560255, 
3507) 2075596940, 
3508) 2075869090, 
3509) 2076422185, 
3510) 2076472893, 
3511) 2076826249, 
3512) 2076895869, 
3513) 2077248778, 
3514) 2077676456, 
3515) 2078077967, 
3516) 2078104153, 
3517) 2078275638, 
3518) 2078853802, 
3519) 2078882042, 
3520) 2079149125, 
3521) 2080957334, 
3522) 2081095296, 
3523) 2082023150, 
3524) 2082931758, 
3525) 2082959913, 
3526) 2083489528, 
3527) 2083691916, 
3528) 2084324138, 
3529) 2085627359, 
3530) 2085727280, 
3531) 2086343892, 
3532) 2086881764, 
3533) 2087187434, 
3534) 2087335981, 
3535) 2087916570, 
3536) 2088038201, 
3537) 2088137132, 
3538) 2088237488, 
3539) 2088862469, 
3540) 2089082969, 
3541) 2089159787, 
3542) 2089197714, 
3543) 2090974831, 
3544) 2091384309, 
3545) 2092023202, 
3546) 2092085747, 
3547) 2093552983, 
3548) 2093746112, 
3549) 2094808683, 
3550) 2095429824, 
3551) 2097257531, 
3552) 2097259638, 
3553) 2097270262, 
3554) 2097384191, 
3555) 2098493906, 
3556) 2098508308, 
3557) 2099017842, 
3558) 2099089505, 
3559) 2101221735, 
3560) 2101575371, 
3561) 2102183285, 
3562) 2102556134, 
3563) 2102644410, 
3564) 2102648215, 
3565) 2103494432, 
3566) 2104499765, 
3567) 2105352261, 
3568) 2105355344, 
3569) 2105746433, 
3570) 2105991395, 
3571) 2106159791, 
3572) 2106218413, 
3573) 2106382800, 
3574) 2107102673, 
3575) 2107183378, 
3576) 2107368051, 
3577) 2107536203, 
3578) 2107611031, 
3579) 2108078673, 
3580) 2108313527, 
3581) 2109154698, 
3582) 2109551485, 
3583) 2109741016, 
3584) 2110146007, 
3585) 2110479256, 
3586) 2110511241, 
3587) 2110980171, 
3588) 2112161387, 
3589) 2112538936, 
3590) 2112848272, 
3591) 2114890349, 
3592) 2117951269, 
3593) 2118016477, 
3594) 2118415806, 
3595) 2119080176, 
3596) 2119387886, 
3597) 2119846395, 
3598) 2121561105, 
3599) 2121759271, 
3600) 2121786857, 
3601) 2121994654, 
3602) 2122157155, 
3603) 2123600591, 
3604) 2125161244, 
3605) 2125811562, 
3606) 2125852359, 
3607) 2126072186, 
3608) 2127444663, 
3609) 2129085813, 
3610) 2129638326, 
3611) 2132367979, 
3612) 2132679842, 
3613) 2133052002, 
3614) 2134660157, 
3615) 2134731895, 
3616) 2135250575, 
3617) 2135782432, 
3618) 2135980265, 
3619) 2136357057, 
3620) 2136542543, 
3621) 2137448239, 
3622) 2138066534, 
3623) 2138322918, 
3624) 2138819546, 
3625) 2139102119, 
3626) 2139125660, 
3627) 2139764495, 
3628) 2140466081, 
3629) 2140662757, 
3630) 2141105386, 
3631) 2141910433, 
3632) 2142825217, 
3633) 2142903549, 
3634) 2143276873, 
3635) 2143406823, 
3636) 2144651435, 
3637) 2146291734, 
3638) 2147081962, 
3639) 2147436376, 
3640) 2147704246, 
3641) 2148512308, 
3642) 2148847076, 
3643) 2150599760, 
3644) 2150792520, 
3645) 2151449850, 
3646) 2151935663, 
3647) 2152577742, 
3648) 2153086773, 
3649) 2153343295, 
3650) 2153667270, 
3651) 2154109643, 
3652) 2154181327, 
3653) 2154359927, 
3654) 2154610629, 
3655) 2155193695, 
3656) 2155304230, 
3657) 2155609062, 
3658) 2156023709, 
3659) 2157649313, 
3660) 2157757607, 
3661) 2157835806, 
3662) 2158935839, 
3663) 2158983619, 
3664) 2159294996, 
3665) 2160440747, 
3666) 2160944319, 
3667) 2161170374, 
3668) 2162767340, 
3669) 2163386457, 
3670) 2164203185, 
3671) 2164972959, 
3672) 2165733541, 
3673) 2166066896, 
3674) 2166303459, 
3675) 2166332818, 
3676) 2168190055, 
3677) 2168222708, 
3678) 2168573149, 
3679) 2168721149, 
3680) 2169264356, 
3681) 2169474916, 
3682) 2170710453, 
3683) 2171529207, 
3684) 2172599856, 
3685) 2175054732, 
3686) 2175901688, 
3687) 2175918462, 
3688) 2176012307, 
3689) 2176104379, 
3690) 2176291053, 
3691) 2177532341, 
3692) 2177747377, 
3693) 2177762708, 
3694) 2177869970, 
3695) 2178079877, 
3696) 2178369987, 
3697) 2180069117, 
3698) 2180476508, 
3699) 2180681534, 
3700) 2183206147, 
3701) 2184251979, 
3702) 2185117019, 
3703) 2185275983, 
3704) 2185291107, 
3705) 2185584114, 
3706) 2185753630, 
3707) 2186934799, 
3708) 2187569908, 
3709) 2187788954, 
3710) 2188184169, 
3711) 2189047774, 
3712) 2189984539, 
3713) 2190517361, 
3714) 2190993157, 
3715) 2192427115, 
3716) 2192797234, 
3717) 2193674814, 
3718) 2193685009, 
3719) 2194205909, 
3720) 2194332770, 
3721) 2194343954, 
3722) 2194349952, 
3723) 2194452906, 
3724) 2194597911, 
3725) 2195020363, 
3726) 2195260836, 
3727) 2196007435, 
3728) 2196161588, 
3729) 2196663759, 
3730) 2197353352, 
3731) 2197589588, 
3732) 2198204461, 
3733) 2198667963, 
3734) 2199413543, 
3735) 2199867378, 
3736) 2200033898, 
3737) 2200084053, 
3738) 2200130466, 
3739) 2200198397, 
3740) 2201610974, 
3741) 2202654180, 
3742) 2203807892, 
3743) 2204788738, 
3744) 2205487532, 
3745) 2205642738, 
3746) 2205946002, 
3747) 2205959404, 
3748) 2207207303, 
3749) 2208094579, 
3750) 2209234416, 
3751) 2209433439, 
3752) 2209803273, 
3753) 2209902508, 
3754) 2211165218, 
3755) 2211885282, 
3756) 2211890328, 
3757) 2211971207, 
3758) 2212241370, 
3759) 2212802019, 
3760) 2212947271, 
3761) 2213302473, 
3762) 2214155900, 
3763) 2214304732, 
3764) 2214305718, 
3765) 2215030624, 
3766) 2215404970, 
3767) 2215742511, 
3768) 2216073025, 
3769) 2216423916, 
3770) 2216665235, 
3771) 2216880866, 
3772) 2218608103, 
3773) 2219253418, 
3774) 2219567778, 
3775) 2219802077, 
3776) 2220018091, 
3777) 2220415249, 
3778) 2221590780, 
3779) 2223450718, 
3780) 2224169942, 
3781) 2225204967, 
3782) 2225539546, 
3783) 2225813865, 
3784) 2227953753, 
3785) 2228478385, 
3786) 2228749756, 
3787) 2228795118, 
3788) 2229394119, 
3789) 2230081230, 
3790) 2230204511, 
3791) 2230438923, 
3792) 2231109172, 
3793) 2231971664, 
3794) 2232001604, 
3795) 2232202771, 
3796) 2232636563, 
3797) 2232953509, 
3798) 2233135133, 
3799) 2233328326, 
3800) 2235363034, 
3801) 2235640903, 
3802) 2235738332, 
3803) 2235940742, 
3804) 2238647168, 
3805) 2238771930, 
3806) 2239334051, 
3807) 2239704693, 
3808) 2239925293, 
3809) 2240168968, 
3810) 2240677014, 
3811) 2241357720, 
3812) 2242506983, 
3813) 2242707074, 
3814) 2243830906, 
3815) 2243919617, 
3816) 2245163926, 
3817) 2248780447, 
3818) 2250869446, 
3819) 2250984668, 
3820) 2252103841, 
3821) 2252596062, 
3822) 2253599475, 
3823) 2254530167, 
3824) 2254786511, 
3825) 2255052452, 
3826) 2255323427, 
3827) 2256172804, 
3828) 2256511351, 
3829) 2256579954, 
3830) 2257775696, 
3831) 2259068895, 
3832) 2259405975, 
3833) 2259465274, 
3834) 2260302893, 
3835) 2261111644, 
3836) 2261289042, 
3837) 2262361713, 
3838) 2263527575, 
3839) 2264758317, 
3840) 2264815672, 
3841) 2268666763, 
3842) 2269268158, 
3843) 2270001977, 
3844) 2270139626, 
3845) 2271833090, 
3846) 2271947272, 
3847) 2272230271, 
3848) 2272446068, 
3849) 2273121682, 
3850) 2274109986, 
3851) 2274323283, 
3852) 2274369402, 
3853) 2274675193, 
3854) 2276134608, 
3855) 2276483543, 
3856) 2276622012, 
3857) 2276846037, 
3858) 2278191525, 
3859) 2278462858, 
3860) 2279247194, 
3861) 2279477757, 
3862) 2279745836, 
3863) 2280251438, 
3864) 2280413322, 
3865) 2281078586, 
3866) 2281466505, 
3867) 2281467644, 
3868) 2281727676, 
3869) 2282100837, 
3870) 2283295955, 
3871) 2283716629, 
3872) 2284576152, 
3873) 2284811691, 
3874) 2285353847, 
3875) 2285413296, 
3876) 2285476721, 
3877) 2286429538, 
3878) 2287718029, 
3879) 2288075674, 
3880) 2288079539, 
3881) 2288615077, 
3882) 2289364315, 
3883) 2289435358, 
3884) 2289825862, 
3885) 2291289153, 
3886) 2291944424, 
3887) 2293000817, 
3888) 2293043933, 
3889) 2295123406, 
3890) 2296076854, 
3891) 2296359095, 
3892) 2297464808, 
3893) 2297483941, 
3894) 2298104712, 
3895) 2299099516, 
3896) 2299144743, 
3897) 2299660880, 
3898) 2299798686, 
3899) 2300958755, 
3900) 2302586150, 
3901) 2303000302, 
3902) 2304340272, 
3903) 2304359094, 
3904) 2304816200, 
3905) 2304824966, 
3906) 2305276180, 
3907) 2305556089, 
3908) 2306047470, 
3909) 2306943895, 
3910) 2307578832, 
3911) 2308654178, 
3912) 2309215892, 
3913) 2309824310, 
3914) 2310382048, 
3915) 2311987318, 
3916) 2313068089, 
3917) 2313626020, 
3918) 2314061877, 
3919) 2315215798, 
3920) 2316374071, 
3921) 2316421567, 
3922) 2317850889, 
3923) 2318263400, 
3924) 2320612812, 
3925) 2321374697, 
3926) 2322557260, 
3927) 2322571837, 
3928) 2324868748, 
3929) 2325430931, 
3930) 2326154564, 
3931) 2326861106, 
3932) 2327523868, 
3933) 2327624084, 
3934) 2327970364, 
3935) 2328275161, 
3936) 2328291710, 
3937) 2329567907, 
3938) 2329672280, 
3939) 2330046588, 
3940) 2330209375, 
3941) 2331352428, 
3942) 2333176150, 
3943) 2333657354, 
3944) 2333729610, 
3945) 2335168972, 
3946) 2335549504, 
3947) 2336175074, 
3948) 2336680995, 
3949) 2338718065, 
3950) 2339473691, 
3951) 2339662089, 
3952) 2340606127, 
3953) 2341055001, 
3954) 2342140842, 
3955) 2343911025, 
3956) 2344081248, 
3957) 2344914084, 
3958) 2345304429, 
3959) 2345795670, 
3960) 2346280418, 
3961) 2346579478, 
3962) 2346698200, 
3963) 2346871492, 
3964) 2346932218, 
3965) 2346985468, 
3966) 2347320263, 
3967) 2347590671, 
3968) 2347754256, 
3969) 2348575678, 
3970) 2348682324, 
3971) 2349296341, 
3972) 2349322427, 
3973) 2349497344, 
3974) 2349635246, 
3975) 2352336694, 
3976) 2352532854, 
3977) 2353116839, 
3978) 2353964349, 
3979) 2354214752, 
3980) 2354283108, 
3981) 2354832438, 
3982) 2355509874, 
3983) 2355811203, 
3984) 2356495607, 
3985) 2357052007, 
3986) 2357636054, 
3987) 2358037826, 
3988) 2358243066, 
3989) 2360195106, 
3990) 2360706019, 
3991) 2360876764, 
3992) 2361187194, 
3993) 2361884001, 
3994) 2362853032, 
3995) 2364446000, 
3996) 2364796314, 
3997) 2365895312, 
3998) 2366815675, 
3999) 2367023451, 
4000) 2367400035, 
4001) 2368016425, 
4002) 2368421823, 
4003) 2368955363, 
4004) 2369045865, 
4005) 2369343479, 
4006) 2369439706, 
4007) 2372837084, 
4008) 2373031465, 
4009) 2373095760, 
4010) 2373458726, 
4011) 2373702934, 
4012) 2375550495, 
4013) 2375667602, 
4014) 2376020805, 
4015) 2376325342, 
4016) 2376399546, 
4017) 2376767678, 
4018) 2377110486, 
4019) 2378073326, 
4020) 2378468624, 
4021) 2378666482, 
4022) 2379749036, 
4023) 2380594633, 
4024) 2381197029, 
4025) 2381237403, 
4026) 2381382497, 
4027) 2381422428, 
4028) 2381433300, 
4029) 2381465244, 
4030) 2381724179, 
4031) 2382528940, 
4032) 2382755162, 
4033) 2384877354, 
4034) 2385211135, 
4035) 2387610085, 
4036) 2387709749, 
4037) 2388936012, 
4038) 2390127549, 
4039) 2390398292, 
4040) 2390835419, 
4041) 2390871678, 
4042) 2391573885, 
4043) 2392219946, 
4044) 2393290641, 
4045) 2393681275, 
4046) 2394552375, 
4047) 2395011546, 
4048) 2395223205, 
4049) 2395326729, 
4050) 2395573562, 
4051) 2396091892, 
4052) 2397501446, 
4053) 2400148985, 
4054) 2401306963, 
4055) 2402369582, 
4056) 2403914824, 
4057) 2404350975, 
4058) 2405568565, 
4059) 2405901259, 
4060) 2406457333, 
4061) 2408575808, 
4062) 2408816582, 
4063) 2409448635, 
4064) 2409473819, 
4065) 2410260316, 
4066) 2410926617, 
4067) 2411606233, 
4068) 2411680700, 
4069) 2411937175, 
4070) 2412806207, 
4071) 2413027781, 
4072) 2413374542, 
4073) 2414769917, 
4074) 2415094009, 
4075) 2415709122, 
4076) 2416430084, 
4077) 2416814319, 
4078) 2416870959, 
4079) 2417259581, 
4080) 2417543070, 
4081) 2418027858, 
4082) 2418263676, 
4083) 2418349116, 
4084) 2418621832, 
4085) 2419015303, 
4086) 2421587513, 
4087) 2422337220, 
4088) 2422690252, 
4089) 2422970959, 
4090) 2423332280, 
4091) 2423644350, 
4092) 2423935834, 
4093) 2424155634, 
4094) 2426871562, 
4095) 2427347750, 
4096) 2427540571, 
4097) 2427797090, 
4098) 2428198959, 
4099) 2428735937, 
4100) 2429114189, 
4101) 2429201766, 
4102) 2429276710, 
4103) 2429664232, 
4104) 2429878732, 
4105) 2430362956, 
4106) 2431070475, 
4107) 2431480923, 
4108) 2431644209, 
4109) 2433684430, 
4110) 2433701669, 
4111) 2433843045, 
4112) 2434778371, 
4113) 2434821203, 
4114) 2435485406, 
4115) 2435502315, 
4116) 2435559597, 
4117) 2436089195, 
4118) 2436657830, 
4119) 2436660244, 
4120) 2436872094, 
4121) 2437217935, 
4122) 2438765276, 
4123) 2439370489, 
4124) 2439754048, 
4125) 2441467128, 
4126) 2442202146, 
4127) 2442802800, 
4128) 2443649042, 
4129) 2445156272, 
4130) 2445555047, 
4131) 2446443044, 
4132) 2449080042, 
4133) 2449274026, 
4134) 2449401173, 
4135) 2449917465, 
4136) 2451706950, 
4137) 2452056603, 
4138) 2453651699, 
4139) 2453743435, 
4140) 2454332341, 
4141) 2455265720, 
4142) 2455610756, 
4143) 2455885001, 
4144) 2456288075, 
4145) 2456544626, 
4146) 2457310412, 
4147) 2457698402, 
4148) 2458585561, 
4149) 2460175301, 
4150) 2460583373, 
4151) 2460664370, 
4152) 2461747042, 
4153) 2462022145, 
4154) 2462797893, 
4155) 2463171057, 
4156) 2463364867, 
4157) 2463641024, 
4158) 2463793475, 
4159) 2463812834, 
4160) 2463825495, 
4161) 2464425187, 
4162) 2465146967, 
4163) 2466200303, 
4164) 2466247972, 
4165) 2466316605, 
4166) 2466526438, 
4167) 2468236422, 
4168) 2469330704, 
4169) 2470240913, 
4170) 2470314440, 
4171) 2470646075, 
4172) 2471602361, 
4173) 2475278216, 
4174) 2476405707, 
4175) 2476532263, 
4176) 2476540259, 
4177) 2476705364, 
4178) 2477028352, 
4179) 2477323282, 
4180) 2478987324, 
4181) 2480477016, 
4182) 2481060854, 
4183) 2482098274, 
4184) 2483682400, 
4185) 2484348469, 
4186) 2488303325, 
4187) 2490579328, 
4188) 2490589339, 
4189) 2491062622, 
4190) 2491259304, 
4191) 2491415825, 
4192) 2492304765, 
4193) 2492394218, 
4194) 2492465482, 
4195) 2493176885, 
4196) 2493363792, 
4197) 2494124517, 
4198) 2494600844, 
4199) 2494616993, 
4200) 2494795371, 
4201) 2494809041, 
4202) 2494864225, 
4203) 2495476509, 
4204) 2495720581, 
4205) 2496953138, 
4206) 2497419997, 
4207) 2497990014, 
4208) 2498145666, 
4209) 2499256323, 
4210) 2499369046, 
4211) 2500417638, 
4212) 2500670069, 
4213) 2501079008, 
4214) 2501569274, 
4215) 2501724954, 
4216) 2502035431, 
4217) 2503144695, 
4218) 2503419590, 
4219) 2503705445, 
4220) 2504531396, 
4221) 2506246494, 
4222) 2506262481, 
4223) 2506430308, 
4224) 2506511933, 
4225) 2507588920, 
4226) 2507957041, 
4227) 2508285816, 
4228) 2509128274, 
4229) 2509529406, 
4230) 2510282895, 
4231) 2510409954, 
4232) 2511526372, 
4233) 2512608059, 
4234) 2513357904, 
4235) 2513869656, 
4236) 2513925184, 
4237) 2515309361, 
4238) 2515351327, 
4239) 2515924003, 
4240) 2515942656, 
4241) 2516004770, 
4242) 2516069047, 
4243) 2516466895, 
4244) 2518237227, 
4245) 2518286648, 
4246) 2519287552, 
4247) 2520916864, 
4248) 2521202349, 
4249) 2521939492, 
4250) 2522366904, 
4251) 2523490590, 
4252) 2524009864, 
4253) 2527069938, 
4254) 2528327131, 
4255) 2528376519, 
4256) 2528749520, 
4257) 2528777325, 
4258) 2529401073, 
4259) 2529795012, 
4260) 2529998810, 
4261) 2531291376, 
4262) 2532064127, 
4263) 2532727097, 
4264) 2533446233, 
4265) 2534276675, 
4266) 2534348373, 
4267) 2534633537, 
4268) 2536739797, 
4269) 2537183978, 
4270) 2537686697, 
4271) 2538058700, 
4272) 2538826497, 
4273) 2539072346, 
4274) 2539459257, 
4275) 2541067333, 
4276) 2541308777, 
4277) 2541570367, 
4278) 2542580392, 
4279) 2543363013, 
4280) 2544320913, 
4281) 2545184409, 
4282) 2545694720, 
4283) 2546807101, 
4284) 2547024686, 
4285) 2547957848, 
4286) 2548758560, 
4287) 2549842680, 
4288) 2550784422, 
4289) 2552315836, 
4290) 2552824649, 
4291) 2553186918, 
4292) 2553474334, 
4293) 2553995461, 
4294) 2554394754, 
4295) 2554871146, 
4296) 2555105042, 
4297) 2556605991, 
4298) 2556651477, 
4299) 2556744734, 
4300) 2557412223, 
4301) 2558311457, 
4302) 2558715281, 
4303) 2559637406, 
4304) 2560202339, 
4305) 2560333036, 
4306) 2562065353, 
4307) 2563559049, 
4308) 2563696663, 
4309) 2563797031, 
4310) 2564161419, 
4311) 2565504044, 
4312) 2565572262, 
4313) 2565614054, 
4314) 2567360174, 
4315) 2567549229, 
4316) 2567750909, 
4317) 2568205532, 
4318) 2568663081, 
4319) 2568745741, 
4320) 2570512277, 
4321) 2570704565, 
4322) 2570767032, 
4323) 2570786669, 
4324) 2570868541, 
4325) 2570877861, 
4326) 2570913178, 
4327) 2571155108, 
4328) 2571534697, 
4329) 2572091167, 
4330) 2572153587, 
4331) 2572955470, 
4332) 2573606062, 
4333) 2574666995, 
4334) 2575563698, 
4335) 2575911513, 
4336) 2576728148, 
4337) 2578257143, 
4338) 2578358836, 
4339) 2579219667, 
4340) 2579744939, 
4341) 2580538256, 
4342) 2581864130, 
4343) 2582296067, 
4344) 2582561932, 
4345) 2583883372, 
4346) 2584396308, 
4347) 2584974708, 
4348) 2585832870, 
4349) 2586243731, 
4350) 2586948923, 
4351) 2587746700, 
4352) 2588482771, 
4353) 2589185494, 
4354) 2589381682, 
4355) 2589578488, 
4356) 2589904876, 
4357) 2590036801, 
4358) 2590413330, 
4359) 2591179794, 
4360) 2591368577, 
4361) 2591594626, 
4362) 2591779320, 
4363) 2592224095, 
4364) 2594188004, 
4365) 2595561997, 
4366) 2596716816, 
4367) 2598507821, 
4368) 2598590502, 
4369) 2600070492, 
4370) 2602018204, 
4371) 2602725475, 
4372) 2603191258, 
4373) 2603251835, 
4374) 2603832071, 
4375) 2603918171, 
4376) 2604580900, 
4377) 2605007941, 
4378) 2605916311, 
4379) 2606034748, 
4380) 2606171567, 
4381) 2606578293, 
4382) 2606790994, 
4383) 2608560279, 
4384) 2608701296, 
4385) 2609194634, 
4386) 2609637323, 
4387) 2609666480, 
4388) 2609783067, 
4389) 2609883125, 
4390) 2611024846, 
4391) 2611819453, 
4392) 2611864007, 
4393) 2612404722, 
4394) 2613515553, 
4395) 2614474154, 
4396) 2615245901, 
4397) 2615347743, 
4398) 2617207535, 
4399) 2617565101, 
4400) 2619100904, 
4401) 2619484231, 
4402) 2620283499, 
4403) 2620336504, 
4404) 2621450513, 
4405) 2622178809, 
4406) 2622228892, 
4407) 2622588936, 
4408) 2622807251, 
4409) 2623958694, 
4410) 2624052901, 
4411) 2624204396, 
4412) 2625289065, 
4413) 2625478165, 
4414) 2626125952, 
4415) 2626492099, 
4416) 2627160343, 
4417) 2627464400, 
4418) 2627481218, 
4419) 2627899786, 
4420) 2628333538, 
4421) 2629121799, 
4422) 2629502684, 
4423) 2631312471, 
4424) 2631922610, 
4425) 2633243546, 
4426) 2635439528, 
4427) 2635640578, 
4428) 2635919891, 
4429) 2636520027, 
4430) 2636781821, 
4431) 2638553932, 
4432) 2639322988, 
4433) 2639772076, 
4434) 2640440336, 
4435) 2641759633, 
4436) 2642057495, 
4437) 2642181882, 
4438) 2642278677, 
4439) 2642533942, 
4440) 2642764071, 
4441) 2643657821, 
4442) 2644751137, 
4443) 2644830457, 
4444) 2645700012, 
4445) 2646917906, 
4446) 2646921319, 
4447) 2647514794, 
4448) 2647641261, 
4449) 2647679925, 
4450) 2647929234, 
4451) 2648170828, 
4452) 2648401358, 
4453) 2648846571, 
4454) 2650030418, 
4455) 2650973797, 
4456) 2651811252, 
4457) 2652983621, 
4458) 2653361780, 
4459) 2653440351, 
4460) 2655605268, 
4461) 2655644769, 
4462) 2655669017, 
4463) 2656104178, 
4464) 2657958131, 
4465) 2658300254, 
4466) 2658470814, 
4467) 2658596576, 
4468) 2659315572, 
4469) 2659948125, 
4470) 2660032081, 
4471) 2660236439, 
4472) 2660749137, 
4473) 2660931224, 
4474) 2661765964, 
4475) 2662865581, 
4476) 2663844706, 
4477) 2665015547, 
4478) 2665210578, 
4479) 2665643533, 
4480) 2666443668, 
4481) 2667166614, 
4482) 2667187776, 
4483) 2667200328, 
4484) 2667279152, 
4485) 2668430463, 
4486) 2671511258, 
4487) 2672148136, 
4488) 2672894786, 
4489) 2673824722, 
4490) 2675517126, 
4491) 2678093075, 
4492) 2678316617, 
4493) 2678515098, 
4494) 2679153254, 
4495) 2679421906, 
4496) 2681249799, 
4497) 2681430072, 
4498) 2681653855, 
4499) 2682397943, 
4500) 2683350575, 
4501) 2684730248, 
4502) 2684848813, 
4503) 2685566920, 
4504) 2686327510, 
4505) 2686859644, 
4506) 2687888622, 
4507) 2689076467, 
4508) 2689980366, 
4509) 2690420131, 
4510) 2690607137, 
4511) 2692145305, 
4512) 2692781817, 
4513) 2693155071, 
4514) 2694161792, 
4515) 2694850001, 
4516) 2695321736, 
4517) 2696719292, 
4518) 2697079051, 
4519) 2697171358, 
4520) 2697870299, 
4521) 2697894212, 
4522) 2698187685, 
4523) 2698687761, 
4524) 2698820232, 
4525) 2698833999, 
4526) 2698979040, 
4527) 2699122560, 
4528) 2700685782, 
4529) 2701425987, 
4530) 2701663333, 
4531) 2702275203, 
4532) 2702961175, 
4533) 2703657859, 
4534) 2704302126, 
4535) 2704365139, 
4536) 2704616217, 
4537) 2705539013, 
4538) 2706850908, 
4539) 2707008233, 
4540) 2707534046, 
4541) 2707693346, 
4542) 2708642269, 
4543) 2708926279, 
4544) 2709016784, 
4545) 2709047052, 
4546) 2709060288, 
4547) 2709409364, 
4548) 2709579616, 
4549) 2711258943, 
4550) 2712361043, 
4551) 2712968776, 
4552) 2713291711, 
4553) 2714380221, 
4554) 2714450687, 
4555) 2714751542, 
4556) 2716260401, 
4557) 2716304922, 
4558) 2718084323, 
4559) 2718427664, 
4560) 2718826001, 
4561) 2720296395, 
4562) 2720501955, 
4563) 2722208583, 
4564) 2722443387, 
4565) 2722989614, 
4566) 2723968005, 
4567) 2726322664, 
4568) 2726993447, 
4569) 2727028215, 
4570) 2727919792, 
4571) 2729297074, 
4572) 2731822425, 
4573) 2732300390, 
4574) 2732430788, 
4575) 2732576635, 
4576) 2733159331, 
4577) 2733439341, 
4578) 2734989652, 
4579) 2735490320, 
4580) 2736757440, 
4581) 2738111460, 
4582) 2738329243, 
4583) 2738377233, 
4584) 2738773064, 
4585) 2739319504, 
4586) 2740248230, 
4587) 2740723416, 
4588) 2740975080, 
4589) 2741104731, 
4590) 2741596214, 
4591) 2742173098, 
4592) 2742416015, 
4593) 2742445061, 
4594) 2742448531, 
4595) 2743443287, 
4596) 2745076993, 
4597) 2745531639, 
4598) 2745901260, 
4599) 2746699938, 
4600) 2747482793, 
4601) 2747596356, 
4602) 2748763465, 
4603) 2749438726, 
4604) 2749522685, 
4605) 2749627637, 
4606) 2750072817, 
4607) 2750242473, 
4608) 2750482858, 
4609) 2751454438, 
4610) 2752402934, 
4611) 2752945954, 
4612) 2753005641, 
4613) 2753433634, 
4614) 2753513566, 
4615) 2753518395, 
4616) 2754358070, 
4617) 2754527440, 
4618) 2755030991, 
4619) 2755231448, 
4620) 2756127895, 
4621) 2756447122, 
4622) 2757877316, 
4623) 2758839215, 
4624) 2759034453, 
4625) 2759149342, 
4626) 2759164978, 
4627) 2759509245, 
4628) 2759824247, 
4629) 2760509976, 
4630) 2760601798, 
4631) 2760853366, 
4632) 2761343818, 
4633) 2761923262, 
4634) 2763927711, 
4635) 2764233821, 
4636) 2765204948, 
4637) 2766658724, 
4638) 2768010156, 
4639) 2768210621, 
4640) 2770103134, 
4641) 2771147617, 
4642) 2771837025, 
4643) 2771917819, 
4644) 2772872777, 
4645) 2773145534, 
4646) 2773276613, 
4647) 2773645487, 
4648) 2773982655, 
4649) 2774296348, 
4650) 2776062843, 
4651) 2777994233, 
4652) 2778474478, 
4653) 2779189130, 
4654) 2779976231, 
4655) 2780455342, 
4656) 2781531772, 
4657) 2781813152, 
4658) 2781911134, 
4659) 2781915832, 
4660) 2781999743, 
4661) 2782435985, 
4662) 2783647100, 
4663) 2783945474, 
4664) 2784248078, 
4665) 2784801569, 
4666) 2785197648, 
4667) 2785978585, 
4668) 2787523045, 
4669) 2787616852, 
4670) 2788146789, 
4671) 2789394941, 
4672) 2789725324, 
4673) 2790415652, 
4674) 2790433317, 
4675) 2790825003, 
4676) 2790905063, 
4677) 2791471049, 
4678) 2791793499, 
4679) 2792517674, 
4680) 2793135854, 
4681) 2793761137, 
4682) 2794779026, 
4683) 2796092026, 
4684) 2797399920, 
4685) 2798211207, 
4686) 2798934265, 
4687) 2799065321, 
4688) 2799176391, 
4689) 2799478760, 
4690) 2799795927, 
4691) 2799876068, 
4692) 2800049408, 
4693) 2800459466, 
4694) 2801056453, 
4695) 2801830552, 
4696) 2802418986, 
4697) 2802739408, 
4698) 2804358672, 
4699) 2804891861, 
4700) 2805178514, 
4701) 2805391092, 
4702) 2806413958, 
4703) 2806917189, 
4704) 2807751378, 
4705) 2808627562, 
4706) 2808797893, 
4707) 2809563810, 
4708) 2810687718, 
4709) 2810971705, 
4710) 2813732252, 
4711) 2814065372, 
4712) 2814432181, 
4713) 2815390299, 
4714) 2815653862, 
4715) 2817504208, 
4716) 2820387765, 
4717) 2820670133, 
4718) 2821599397, 
4719) 2821738439, 
4720) 2822850871, 
4721) 2822891521, 
4722) 2822971173, 
4723) 2823375518, 
4724) 2823737722, 
4725) 2825335352, 
4726) 2827390968, 
4727) 2830223115, 
4728) 2830916980, 
4729) 2832096355, 
4730) 2832379243, 
4731) 2832629459, 
4732) 2833924911, 
4733) 2833956587, 
4734) 2834442106, 
4735) 2834616771, 
4736) 2835627153, 
4737) 2836045464, 
4738) 2836793407, 
4739) 2838170217, 
4740) 2838215938, 
4741) 2839790174, 
4742) 2840123746, 
4743) 2841146990, 
4744) 2841483690, 
4745) 2841911386, 
4746) 2842494774, 
4747) 2844545082, 
4748) 2845257638, 
4749) 2845745815, 
4750) 2846192410, 
4751) 2846929940, 
4752) 2848021389, 
4753) 2848140392, 
4754) 2849744769, 
4755) 2850013880, 
4756) 2850807179, 
4757) 2851402441, 
4758) 2851681987, 
4759) 2851825359, 
4760) 2851830051, 
4761) 2851923017, 
4762) 2852438107, 
4763) 2852469571, 
4764) 2852833552, 
4765) 2853158895, 
4766) 2853772140, 
4767) 2854611368, 
4768) 2855870559, 
4769) 2855953859, 
4770) 2856671114, 
4771) 2856808458, 
4772) 2857038516, 
4773) 2857105156, 
4774) 2859136662, 
4775) 2859973595, 
4776) 2860331463, 
4777) 2862315799, 
4778) 2862981999, 
4779) 2864003412, 
4780) 2864553770, 
4781) 2864664879, 
4782) 2864698945, 
4783) 2865317904, 
4784) 2865833467, 
4785) 2867348167, 
4786) 2867975190, 
4787) 2868127674, 
4788) 2869237385, 
4789) 2869269546, 
4790) 2869351522, 
4791) 2869580827, 
4792) 2869584192, 
4793) 2869850577, 
4794) 2869969940, 
4795) 2871460898, 
4796) 2871461592, 
4797) 2872398977, 
4798) 2872776579, 
4799) 2873672822, 
4800) 2877055146, 
4801) 2877103555, 
4802) 2877549088, 
4803) 2878287460, 
4804) 2878563666, 
4805) 2878714066, 
4806) 2880175675, 
4807) 2880347739, 
4808) 2880438546, 
4809) 2880907464, 
4810) 2881277584, 
4811) 2881787147, 
4812) 2881866620, 
4813) 2883408806, 
4814) 2883666958, 
4815) 2883674041, 
4816) 2883918828, 
4817) 2884188454, 
4818) 2884717873, 
4819) 2885414663, 
4820) 2888705307, 
4821) 2889255881, 
4822) 2889562714, 
4823) 2890212675, 
4824) 2890537173, 
4825) 2891424651, 
4826) 2891489451, 
4827) 2892498625, 
4828) 2893030782, 
4829) 2894730442, 
4830) 2895712017, 
4831) 2896335902, 
4832) 2896785952, 
4833) 2896843129, 
4834) 2897804860, 
4835) 2897961527, 
4836) 2898188971, 
4837) 2899405104, 
4838) 2899974196, 
4839) 2901137577, 
4840) 2901336970, 
4841) 2902432115, 
4842) 2902917356, 
4843) 2902994058, 
4844) 2905021299, 
4845) 2905029870, 
4846) 2905177637, 
4847) 2905510222, 
4848) 2905770450, 
4849) 2906084214, 
4850) 2907505596, 
4851) 2908652070, 
4852) 2908799029, 
4853) 2909008441, 
4854) 2910733682, 
4855) 2911138184, 
4856) 2911619032, 
4857) 2911940440, 
4858) 2912025230, 
4859) 2912277478, 
4860) 2913696143, 
4861) 2915709940, 
4862) 2916544317, 
4863) 2916557819, 
4864) 2916702360, 
4865) 2916953022, 
4866) 2917109724, 
4867) 2917407512, 
4868) 2917415232, 
4869) 2918028241, 
4870) 2918741672, 
4871) 2919257343, 
4872) 2919769083, 
4873) 2919865164, 
4874) 2920608850, 
4875) 2920986813, 
4876) 2921064772, 
4877) 2921167316, 
4878) 2921470600, 
4879) 2921642912, 
4880) 2921942711, 
4881) 2922585092, 
4882) 2922601975, 
4883) 2923699311, 
4884) 2923863662, 
4885) 2924686532, 
4886) 2924780223, 
4887) 2925932411, 
4888) 2926235436, 
4889) 2926662396, 
4890) 2928166150, 
4891) 2928230125, 
4892) 2929523172, 
4893) 2929911871, 
4894) 2933471932, 
4895) 2934202727, 
4896) 2934574898, 
4897) 2934595750, 
4898) 2934726781, 
4899) 2935040197, 
4900) 2935979272, 
4901) 2937336875, 
4902) 2937389036, 
4903) 2938688910, 
4904) 2938888564, 
4905) 2939382017, 
4906) 2939552006, 
4907) 2940516058, 
4908) 2940745791, 
4909) 2942168000, 
4910) 2943295889, 
4911) 2943411853, 
4912) 2944963662, 
4913) 2945938887, 
4914) 2946057915, 
4915) 2946836370, 
4916) 2946924438, 
4917) 2947121954, 
4918) 2948557842, 
4919) 2948567666, 
4920) 2950534297, 
4921) 2952532519, 
4922) 2952924271, 
4923) 2953610026, 
4924) 2954077235, 
4925) 2954640804, 
4926) 2954695014, 
4927) 2955100691, 
4928) 2955912486, 
4929) 2957332890, 
4930) 2959293598, 
4931) 2959581611, 
4932) 2960393333, 
4933) 2960863782, 
4934) 2961321075, 
4935) 2961933010, 
4936) 2962878481, 
4937) 2964871598, 
4938) 2966223268, 
4939) 2966251661, 
4940) 2967949381, 
4941) 2968390674, 
4942) 2969014887, 
4943) 2969045312, 
4944) 2970342747, 
4945) 2971126557, 
4946) 2972887060, 
4947) 2973415378, 
4948) 2973573258, 
4949) 2973999035, 
4950) 2974545014, 
4951) 2974921755, 
4952) 2976326032, 
4953) 2976733194, 
4954) 2977829107, 
4955) 2977867354, 
4956) 2977968827, 
4957) 2978370832, 
4958) 2978771864, 
4959) 2978842238, 
4960) 2979919207, 
4961) 2980119523, 
4962) 2980258127, 
4963) 2980376818, 
4964) 2980480245, 
4965) 2982086828, 
4966) 2982203800, 
4967) 2982803680, 
4968) 2982861215, 
4969) 2982997215, 
4970) 2983468150, 
4971) 2985140205, 
4972) 2985194371, 
4973) 2985301961, 
4974) 2985894071, 
4975) 2986830518, 
4976) 2987240792, 
4977) 2987529938, 
4978) 2988088426, 
4979) 2988637254, 
4980) 2988882151, 
4981) 2990441716, 
4982) 2990795187, 
4983) 2991166446, 
4984) 2991648512, 
4985) 2992483164, 
4986) 2993474767, 
4987) 2995139684, 
4988) 2996047429, 
4989) 2996483137, 
4990) 2997780677, 
4991) 2998295430, 
4992) 2998300671, 
4993) 2998563254, 
4994) 2998595430, 
4995) 2998795210, 
4996) 2999018499, 
4997) 2999367242, 
4998) 2999409920, 
4999) 2999512200, 
