Number of elements is 500
Type of array is reversed
Sorting algorithm - quick
Running time of sorting algorithm is 18ms
0) 16791827, 
1) 18164242, 
2) 18735064, 
3) 20890951, 
4) 29431671, 
5) 34470861, 
6) 37171943, 
7) 40426734, 
8) 55617977, 
9) 58256431, 
10) 63738565, 
11) 78379546, 
12) 78628483, 
13) 81400957, 
14) 86833829, 
15) 87939428, 
16) 88235444, 
17) 90928924, 
18) 95510442, 
19) 100767617, 
20) 101513129, 
21) 105364030, 
22) 107311492, 
23) 117383863, 
24) 124258691, 
25) 129055076, 
26) 138849655, 
27) 150393579, 
28) 154097378, 
29) 154982095, 
30) 165641487, 
31) 166457922, 
32) 175661643, 
33) 178911751, 
34) 183650213, 
35) 186211978, 
36) 186390658, 
37) 188905439, 
38) 195814574, 
39) 201412144, 
40) 207077228, 
41) 215763380, 
42) 224670816, 
43) 227432525, 
44) 231170916, 
45) 232862940, 
46) 242521737, 
47) 248777804, 
48) 271040898, 
49) 272572744, 
50) 273625331, 
51) 278815840, 
52) 281418166, 
53) 289963412, 
54) 297180221, 
55) 312433663, 
56) 314689238, 
57) 316723330, 
58) 317688253, 
59) 320169525, 
60) 322294236, 
61) 324596916, 
62) 334466064, 
63) 336054109, 
64) 343207968, 
65) 343894457, 
66) 351736219, 
67) 351894155, 
68) 358223291, 
69) 358976364, 
70) 361700105, 
71) 363944476, 
72) 378879105, 
73) 385799806, 
74) 391573574, 
75) 396388571, 
76) 401916979, 
77) 402046380, 
78) 411657111, 
79) 412282524, 
80) 412670126, 
81) 414080520, 
82) 418213000, 
83) 420793477, 
84) 423816860, 
85) 430257828, 
86) 443513967, 
87) 446739655, 
88) 449329228, 
89) 452597137, 
90) 453390663, 
91) 455413308, 
92) 468956881, 
93) 469150687, 
94) 470768159, 
95) 471354075, 
96) 471847374, 
97) 472563776, 
98) 472794724, 
99) 476647374, 
100) 478495235, 
101) 480365255, 
102) 480898913, 
103) 481942636, 
104) 488232420, 
105) 489179032, 
106) 490693292, 
107) 507837389, 
108) 508033865, 
109) 525503108, 
110) 529418480, 
111) 534945279, 
112) 539290640, 
113) 545667593, 
114) 557686095, 
115) 557930359, 
116) 562847079, 
117) 566811166, 
118) 567660411, 
119) 570025804, 
120) 571208326, 
121) 580076760, 
122) 589915716, 
123) 590658621, 
124) 591531066, 
125) 623504647, 
126) 628334165, 
127) 638233707, 
128) 642195413, 
129) 643227916, 
130) 646565711, 
131) 655078115, 
132) 660711619, 
133) 669998778, 
134) 684633805, 
135) 686895412, 
136) 692787357, 
137) 693465565, 
138) 694774606, 
139) 695760887, 
140) 702165781, 
141) 702807807, 
142) 707143691, 
143) 719979802, 
144) 723688389, 
145) 736391004, 
146) 737368136, 
147) 738334631, 
148) 738830687, 
149) 739836394, 
150) 745835082, 
151) 747155141, 
152) 755149566, 
153) 757484255, 
154) 760449849, 
155) 770752554, 
156) 772461145, 
157) 778585836, 
158) 786874753, 
159) 789685792, 
160) 793212542, 
161) 798210030, 
162) 807578590, 
163) 817147632, 
164) 821937807, 
165) 826598389, 
166) 828674300, 
167) 846771285, 
168) 848535218, 
169) 857325810, 
170) 859106974, 
171) 861130637, 
172) 864290823, 
173) 865819486, 
174) 866203127, 
175) 867342738, 
176) 867659720, 
177) 875899599, 
178) 883772869, 
179) 891678929, 
180) 892988546, 
181) 896481641, 
182) 899381477, 
183) 909475379, 
184) 914891393, 
185) 916631464, 
186) 918497203, 
187) 923674302, 
188) 933378788, 
189) 954908798, 
190) 956057362, 
191) 964427121, 
192) 971508602, 
193) 974936965, 
194) 980499590, 
195) 982799001, 
196) 984871203, 
197) 986645798, 
198) 991113312, 
199) 999741733, 
200) 1004432303, 
201) 1022674577, 
202) 1026964694, 
203) 1054779877, 
204) 1059623925, 
205) 1073404712, 
206) 1077460786, 
207) 1079195899, 
208) 1080631916, 
209) 1094803108, 
210) 1095805838, 
211) 1098782530, 
212) 1124900241, 
213) 1134568729, 
214) 1140637996, 
215) 1148482258, 
216) 1158272477, 
217) 1161129425, 
218) 1174372139, 
219) 1176496528, 
220) 1180454027, 
221) 1181549325, 
222) 1187572564, 
223) 1194297996, 
224) 1195546330, 
225) 1209424616, 
226) 1211621841, 
227) 1214411927, 
228) 1214593213, 
229) 1218279001, 
230) 1231276354, 
231) 1234421573, 
232) 1240245117, 
233) 1242228750, 
234) 1244411963, 
235) 1247003809, 
236) 1250299901, 
237) 1252598989, 
238) 1255521467, 
239) 1256109491, 
240) 1263624764, 
241) 1267177352, 
242) 1275506420, 
243) 1279516439, 
244) 1286807652, 
245) 1303960978, 
246) 1307250339, 
247) 1308342250, 
248) 1311044472, 
249) 1313703067, 
250) 1317287720, 
251) 1329612668, 
252) 1344949228, 
253) 1346473933, 
254) 1349034810, 
255) 1352540660, 
256) 1371461102, 
257) 1376932858, 
258) 1390822082, 
259) 1392379901, 
260) 1392635571, 
261) 1393883035, 
262) 1399126953, 
263) 1401916706, 
264) 1408736470, 
265) 1414620105, 
266) 1418543660, 
267) 1418907007, 
268) 1420130070, 
269) 1428651769, 
270) 1442996034, 
271) 1459651863, 
272) 1460457982, 
273) 1462428515, 
274) 1483479048, 
275) 1483942753, 
276) 1486288139, 
277) 1491142538, 
278) 1491896350, 
279) 1497435627, 
280) 1507476910, 
281) 1508250875, 
282) 1510330452, 
283) 1510965660, 
284) 1512647466, 
285) 1520404558, 
286) 1524080182, 
287) 1537730175, 
288) 1541850628, 
289) 1543883747, 
290) 1567540552, 
291) 1576253771, 
292) 1580418917, 
293) 1590832304, 
294) 1592107113, 
295) 1603793139, 
296) 1609620021, 
297) 1616653129, 
298) 1616966554, 
299) 1619733487, 
300) 1621100205, 
301) 1625533999, 
302) 1627434346, 
303) 1638836640, 
304) 1642468155, 
305) 1649543439, 
306) 1652704163, 
307) 1671981095, 
308) 1672558598, 
309) 1680012497, 
310) 1684214786, 
311) 1684293221, 
312) 1689524573, 
313) 1694765246, 
314) 1694917373, 
315) 1699737008, 
316) 1706564807, 
317) 1708286153, 
318) 1721145999, 
319) 1744313184, 
320) 1745092837, 
321) 1754498446, 
322) 1775882880, 
323) 1785780772, 
324) 1792462989, 
325) 1795004111, 
326) 1796555244, 
327) 1804191406, 
328) 1807646293, 
329) 1815112711, 
330) 1816067508, 
331) 1826086857, 
332) 1827035702, 
333) 1834803126, 
334) 1847714966, 
335) 1851990599, 
336) 1855281439, 
337) 1859065531, 
338) 1864463482, 
339) 1864862115, 
340) 1871787104, 
341) 1874175260, 
342) 1876984548, 
343) 1877432593, 
344) 1892102997, 
345) 1906467081, 
346) 1915459377, 
347) 1915815992, 
348) 1916145070, 
349) 1926598603, 
350) 1928697186, 
351) 1940641275, 
352) 1941406557, 
353) 1942374446, 
354) 1949340586, 
355) 1961011674, 
356) 1962961158, 
357) 1965698564, 
358) 1970722813, 
359) 1973064756, 
360) 1979199383, 
361) 1995286639, 
362) 1995296958, 
363) 2002109205, 
364) 2012673799, 
365) 2019260192, 
366) 2023630882, 
367) 2024264226, 
368) 2024425121, 
369) 2024632760, 
370) 2031942561, 
371) 2032597854, 
372) 2036643352, 
373) 2038181764, 
374) 2052579123, 
375) 2057082927, 
376) 2057450976, 
377) 2065207883, 
378) 2073054257, 
379) 2082558159, 
380) 2091052670, 
381) 2098268859, 
382) 2100087518, 
383) 2116838453, 
384) 2117612200, 
385) 2136311567, 
386) 2148520131, 
387) 2157424028, 
388) 2174764675, 
389) 2176334633, 
390) 2177173837, 
391) 2186231178, 
392) 2212767448, 
393) 2222237944, 
394) 2227826803, 
395) 2232038991, 
396) 2236348240, 
397) 2236411150, 
398) 2237561901, 
399) 2247905987, 
400) 2250126287, 
401) 2264790079, 
402) 2273520322, 
403) 2287410623, 
404) 2292370327, 
405) 2295132539, 
406) 2298294055, 
407) 2300975497, 
408) 2313041907, 
409) 2315565165, 
410) 2318842411, 
411) 2341797236, 
412) 2351864102, 
413) 2355197279, 
414) 2373224650, 
415) 2383415241, 
416) 2385960850, 
417) 2386588166, 
418) 2386698688, 
419) 2392820855, 
420) 2393036098, 
421) 2394081348, 
422) 2405944559, 
423) 2410443626, 
424) 2415302279, 
425) 2433412388, 
426) 2434381234, 
427) 2457239542, 
428) 2480024549, 
429) 2493202741, 
430) 2511648908, 
431) 2526360585, 
432) 2535252256, 
433) 2555659464, 
434) 2564035888, 
435) 2565674350, 
436) 2579147656, 
437) 2599699359, 
438) 2600881691, 
439) 2605369801, 
440) 2617719318, 
441) 2621035293, 
442) 2622608248, 
443) 2633780351, 
444) 2642537988, 
445) 2645132509, 
446) 2655346306, 
447) 2658098264, 
448) 2659816560, 
449) 2662917665, 
450) 2663339617, 
451) 2669054879, 
452) 2686805817, 
453) 2706086388, 
454) 2710477084, 
455) 2727000383, 
456) 2728356933, 
457) 2728550519, 
458) 2731364635, 
459) 2734341198, 
460) 2735737375, 
461) 2738711847, 
462) 2743534859, 
463) 2746605754, 
464) 2749880267, 
465) 2752694841, 
466) 2753264672, 
467) 2754732024, 
468) 2763313967, 
469) 2795274845, 
470) 2813723486, 
471) 2815571781, 
472) 2825061677, 
473) 2825710865, 
474) 2832775482, 
475) 2833089035, 
476) 2849116174, 
477) 2867745031, 
478) 2868994775, 
479) 2870345856, 
480) 2870350853, 
481) 2873280897, 
482) 2873959055, 
483) 2875440648, 
484) 2875632781, 
485) 2888016820, 
486) 2898761954, 
487) 2906418549, 
488) 2920405819, 
489) 2921521718, 
490) 2936478625, 
491) 2939324349, 
492) 2941793463, 
493) 2949360533, 
494) 2949510015, 
495) 2955992821, 
496) 2959088797, 
497) 2972337703, 
498) 2987558069, 
499) 2991758636, 
