Number of elements is 100
Type of array is rendomized
Sorting algorithm - quick
Running time of sorting algorithm is 10ms
0) 12985848, 
1) 28002426, 
2) 128711316, 
3) 128888235, 
4) 192923432, 
5) 201429764, 
6) 213061421, 
7) 245998804, 
8) 266148127, 
9) 284870130, 
10) 291494685, 
11) 317015924, 
12) 362848476, 
13) 428376438, 
14) 442279494, 
15) 467299761, 
16) 485302206, 
17) 494982204, 
18) 495225387, 
19) 513918418, 
20) 518593884, 
21) 542398077, 
22) 722126036, 
23) 753971314, 
24) 797307947, 
25) 809982815, 
26) 829007056, 
27) 833127492, 
28) 915597715, 
29) 979399705, 
30) 984613493, 
31) 988291921, 
32) 1010400163, 
33) 1030053674, 
34) 1035180031, 
35) 1074192672, 
36) 1087758422, 
37) 1128650580, 
38) 1192927484, 
39) 1272896463, 
40) 1409390812, 
41) 1422987076, 
42) 1425725584, 
43) 1462068290, 
44) 1465756786, 
45) 1491496330, 
46) 1500579818, 
47) 1504797507, 
48) 1546934837, 
49) 1617221402, 
50) 1618219469, 
51) 1641260601, 
52) 1730849426, 
53) 1779727313, 
54) 1854281716, 
55) 1931013720, 
56) 1932876404, 
57) 1968235579, 
58) 2000590555, 
59) 2007221821, 
60) 2054844123, 
61) 2137957564, 
62) 2138763907, 
63) 2143567091, 
64) 2176686532, 
65) 2224233110, 
66) 2232416954, 
67) 2253701286, 
68) 2273072209, 
69) 2295073904, 
70) 2301849417, 
71) 2310971661, 
72) 2312479764, 
73) 2356510755, 
74) 2396679819, 
75) 2396810567, 
76) 2410166375, 
77) 2415370005, 
78) 2435206027, 
79) 2494477372, 
80) 2498277877, 
81) 2512112682, 
82) 2539134734, 
83) 2595182488, 
84) 2604583637, 
85) 2621747120, 
86) 2637610882, 
87) 2638638227, 
88) 2690558836, 
89) 2713890766, 
90) 2714545429, 
91) 2717458104, 
92) 2787051351, 
93) 2839795642, 
94) 2882007625, 
95) 2889382140, 
96) 2959560361, 
97) 2976074168, 
98) 2978195122, 
99) 2988998576, 
