Number of elements is 100
Type of array is reversed
Sorting algorithm - radix
Running time of sorting algorithm is 121ms
0) 79248189, 
1) 110938151, 
2) 126261770, 
3) 127153683, 
4) 133291744, 
5) 155561310, 
6) 159148763, 
7) 160822899, 
8) 176409845, 
9) 227308623, 
10) 228973784, 
11) 244337914, 
12) 289008778, 
13) 311688477, 
14) 348397857, 
15) 376774368, 
16) 410383712, 
17) 427872291, 
18) 450433876, 
19) 508516203, 
20) 525553611, 
21) 534410868, 
22) 558424703, 
23) 558763785, 
24) 560977081, 
25) 568980613, 
26) 585966335, 
27) 608704803, 
28) 625252224, 
29) 714835725, 
30) 719405835, 
31) 744627455, 
32) 820551512, 
33) 874014277, 
34) 962061473, 
35) 976507051, 
36) 1030406838, 
37) 1030580409, 
38) 1093215732, 
39) 1095417728, 
40) 1099587797, 
41) 1177708546, 
42) 1183149507, 
43) 1195390390, 
44) 1216542361, 
45) 1261701753, 
46) 1340333698, 
47) 1412164753, 
48) 1426637059, 
49) 1439901123, 
50) 1442526336, 
51) 1454269197, 
52) 1456108830, 
53) 1478136999, 
54) 1515678528, 
55) 1529637149, 
56) 1576833418, 
57) 1580395365, 
58) 1624046271, 
59) 1654032491, 
60) 1828670268, 
61) 1838850840, 
62) 1839369748, 
63) 1872366128, 
64) 1918151646, 
65) 1939656421, 
66) 1966006917, 
67) 1996186742, 
68) 2077226124, 
69) 2130735556, 
70) 2131443424, 
71) 2134080278, 
72) 2140786160, 
73) 2141029062, 
74) 2152637223, 
75) 2153179962, 
76) 2187829607, 
77) 2202774313, 
78) 2210903717, 
79) 2217323190, 
80) 2263409671, 
81) 2300177606, 
82) 2309666021, 
83) 2340525820, 
84) 2355302162, 
85) 2405873221, 
86) 2412917319, 
87) 2418867410, 
88) 2423386508, 
89) 2500428578, 
90) 2593747830, 
91) 2758452983, 
92) 2779931239, 
93) 2844393028, 
94) 2879808144, 
95) 2898798202, 
96) 2939631432, 
97) 2968625902, 
98) 2974933934, 
99) 2978235658, 
