Number of elements is 500
Type of array is rendomized
Sorting algorithm - radix
Running time of sorting algorithm is 580ms
0) 4422665, 
1) 5300268, 
2) 5668124, 
3) 9227779, 
4) 11084081, 
5) 13026445, 
6) 13817835, 
7) 30899431, 
8) 31298555, 
9) 34463525, 
10) 35721605, 
11) 35801523, 
12) 42461953, 
13) 48276228, 
14) 48831086, 
15) 59908383, 
16) 61896211, 
17) 65750824, 
18) 67149419, 
19) 68725556, 
20) 87418837, 
21) 88265448, 
22) 88415189, 
23) 91475500, 
24) 92584652, 
25) 94612856, 
26) 104468755, 
27) 111316477, 
28) 112866412, 
29) 117086182, 
30) 121574207, 
31) 124015820, 
32) 126975169, 
33) 133699089, 
34) 139831481, 
35) 149347041, 
36) 165873809, 
37) 172280844, 
38) 184219070, 
39) 184394906, 
40) 186208468, 
41) 200835080, 
42) 203030033, 
43) 212568049, 
44) 212775814, 
45) 225110941, 
46) 255659085, 
47) 273663619, 
48) 280552809, 
49) 310304583, 
50) 315860398, 
51) 316218843, 
52) 319071977, 
53) 327961733, 
54) 344271073, 
55) 345129020, 
56) 346791215, 
57) 347463925, 
58) 371232147, 
59) 388608614, 
60) 389811714, 
61) 401365891, 
62) 404846140, 
63) 413217091, 
64) 417574354, 
65) 423565293, 
66) 425248901, 
67) 440598621, 
68) 442290624, 
69) 452778548, 
70) 455682063, 
71) 457160544, 
72) 461831260, 
73) 468510411, 
74) 469855128, 
75) 470960468, 
76) 477694969, 
77) 489292322, 
78) 505109013, 
79) 507718421, 
80) 509578156, 
81) 510567235, 
82) 512974179, 
83) 516651996, 
84) 532473520, 
85) 533621760, 
86) 535911734, 
87) 556170275, 
88) 557952939, 
89) 560955731, 
90) 568527629, 
91) 571721415, 
92) 574486883, 
93) 587000431, 
94) 606041619, 
95) 608348395, 
96) 612797677, 
97) 624289165, 
98) 627020899, 
99) 629304998, 
100) 629847424, 
101) 643783279, 
102) 651436408, 
103) 653157887, 
104) 663544813, 
105) 670039563, 
106) 674304897, 
107) 674928955, 
108) 687052273, 
109) 687444221, 
110) 696565392, 
111) 698346196, 
112) 707545915, 
113) 714164901, 
114) 718425934, 
115) 718931601, 
116) 722534893, 
117) 729322000, 
118) 738164743, 
119) 751298548, 
120) 767433086, 
121) 778486037, 
122) 778805530, 
123) 780084829, 
124) 780553243, 
125) 781386909, 
126) 789246241, 
127) 792134810, 
128) 793746976, 
129) 795211687, 
130) 808312802, 
131) 809394907, 
132) 811655608, 
133) 812790525, 
134) 818543606, 
135) 820558012, 
136) 823572460, 
137) 824855422, 
138) 832627330, 
139) 843694622, 
140) 844363655, 
141) 846916605, 
142) 850942256, 
143) 854188762, 
144) 860498968, 
145) 880417977, 
146) 890327084, 
147) 892914224, 
148) 899711671, 
149) 908241848, 
150) 909387670, 
151) 917883160, 
152) 919217109, 
153) 920714037, 
154) 923380962, 
155) 924578545, 
156) 928723852, 
157) 931030754, 
158) 931107745, 
159) 936024754, 
160) 936722440, 
161) 937677944, 
162) 957644741, 
163) 958515995, 
164) 962486050, 
165) 973633042, 
166) 974145846, 
167) 976308448, 
168) 986288037, 
169) 988319926, 
170) 988514639, 
171) 1006272384, 
172) 1007871943, 
173) 1014635465, 
174) 1021096782, 
175) 1023474561, 
176) 1030304719, 
177) 1038174251, 
178) 1051725665, 
179) 1055381582, 
180) 1057648041, 
181) 1063338987, 
182) 1066085943, 
183) 1068905625, 
184) 1070029622, 
185) 1084135958, 
186) 1086010943, 
187) 1092101564, 
188) 1098882384, 
189) 1099830456, 
190) 1123523063, 
191) 1123725667, 
192) 1140709009, 
193) 1147739497, 
194) 1165135624, 
195) 1178052767, 
196) 1178088202, 
197) 1180768941, 
198) 1200750680, 
199) 1201997642, 
200) 1202859872, 
201) 1206132257, 
202) 1209437939, 
203) 1210045410, 
204) 1211271941, 
205) 1228327062, 
206) 1229583535, 
207) 1229720764, 
208) 1231819741, 
209) 1234691930, 
210) 1236761345, 
211) 1241716596, 
212) 1252000839, 
213) 1257067913, 
214) 1260591499, 
215) 1261850118, 
216) 1263880068, 
217) 1276203354, 
218) 1285102283, 
219) 1287304462, 
220) 1288412383, 
221) 1291801460, 
222) 1291957406, 
223) 1295907731, 
224) 1296240529, 
225) 1300433979, 
226) 1303062031, 
227) 1305588656, 
228) 1317619341, 
229) 1318842592, 
230) 1325526093, 
231) 1352217001, 
232) 1354652040, 
233) 1359068938, 
234) 1361987665, 
235) 1365002868, 
236) 1365650603, 
237) 1373425254, 
238) 1382162465, 
239) 1384392648, 
240) 1398360733, 
241) 1401088374, 
242) 1408247229, 
243) 1416434534, 
244) 1417403388, 
245) 1422259966, 
246) 1438749690, 
247) 1446611991, 
248) 1452216518, 
249) 1457264525, 
250) 1459917151, 
251) 1477126037, 
252) 1479650596, 
253) 1488705630, 
254) 1494940929, 
255) 1502950181, 
256) 1505297117, 
257) 1505627909, 
258) 1516699838, 
259) 1517332582, 
260) 1535128908, 
261) 1536596957, 
262) 1540082949, 
263) 1542537173, 
264) 1559805872, 
265) 1562737354, 
266) 1566412445, 
267) 1568674193, 
268) 1572497031, 
269) 1576211542, 
270) 1578198809, 
271) 1584318352, 
272) 1591944668, 
273) 1593664006, 
274) 1593807628, 
275) 1594757418, 
276) 1602693891, 
277) 1613800669, 
278) 1619716082, 
279) 1621575900, 
280) 1623137327, 
281) 1627298843, 
282) 1631092175, 
283) 1637961275, 
284) 1640828288, 
285) 1645279059, 
286) 1653302682, 
287) 1658337595, 
288) 1659246541, 
289) 1662496361, 
290) 1665923938, 
291) 1675137273, 
292) 1679793829, 
293) 1683051428, 
294) 1683962762, 
295) 1684625679, 
296) 1698065578, 
297) 1698415189, 
298) 1705884606, 
299) 1725207377, 
300) 1726693975, 
301) 1734065269, 
302) 1737593254, 
303) 1747041903, 
304) 1753243756, 
305) 1767926510, 
306) 1783159881, 
307) 1786622990, 
308) 1795598422, 
309) 1805739067, 
310) 1811260712, 
311) 1815223086, 
312) 1818534762, 
313) 1819548180, 
314) 1822905423, 
315) 1823348383, 
316) 1825705291, 
317) 1838011425, 
318) 1843599273, 
319) 1856461688, 
320) 1861412874, 
321) 1870702825, 
322) 1872552070, 
323) 1888935887, 
324) 1890770732, 
325) 1897348707, 
326) 1906237785, 
327) 1925910523, 
328) 1927780220, 
329) 1934796525, 
330) 1944553351, 
331) 1947584333, 
332) 1954402363, 
333) 1955809885, 
334) 1975742466, 
335) 1980181986, 
336) 1986710075, 
337) 1988876339, 
338) 1994504536, 
339) 1996499168, 
340) 1997698681, 
341) 1998358371, 
342) 2005647968, 
343) 2018251550, 
344) 2021125587, 
345) 2024079060, 
346) 2027339101, 
347) 2033064915, 
348) 2047968506, 
349) 2057075481, 
350) 2062419781, 
351) 2076649774, 
352) 2084331851, 
353) 2089894934, 
354) 2090181776, 
355) 2094223016, 
356) 2096238385, 
357) 2100937526, 
358) 2104370947, 
359) 2118654714, 
360) 2125940094, 
361) 2126842335, 
362) 2130310190, 
363) 2131837938, 
364) 2159871001, 
365) 2161970472, 
366) 2162959605, 
367) 2172562170, 
368) 2177015027, 
369) 2179900963, 
370) 2196949835, 
371) 2196996124, 
372) 2203476818, 
373) 2207988569, 
374) 2212185227, 
375) 2220590293, 
376) 2221732680, 
377) 2222031211, 
378) 2222980573, 
379) 2236941241, 
380) 2236989009, 
381) 2242422337, 
382) 2245700203, 
383) 2250547128, 
384) 2252390568, 
385) 2264407477, 
386) 2277391063, 
387) 2278298826, 
388) 2284225643, 
389) 2289250735, 
390) 2292782778, 
391) 2295354737, 
392) 2302473984, 
393) 2307628822, 
394) 2310669785, 
395) 2315276441, 
396) 2322220215, 
397) 2324476244, 
398) 2325158917, 
399) 2335092606, 
400) 2337039550, 
401) 2340367646, 
402) 2341024269, 
403) 2344107417, 
404) 2344530100, 
405) 2365022371, 
406) 2367888093, 
407) 2369535066, 
408) 2370376727, 
409) 2372531971, 
410) 2376595754, 
411) 2379471337, 
412) 2381875988, 
413) 2387427503, 
414) 2389611056, 
415) 2391082609, 
416) 2404048576, 
417) 2407342537, 
418) 2413871039, 
419) 2414492740, 
420) 2422611042, 
421) 2422901093, 
422) 2425208829, 
423) 2432484620, 
424) 2434753945, 
425) 2436341540, 
426) 2452267945, 
427) 2466577982, 
428) 2472551899, 
429) 2481642560, 
430) 2499930589, 
431) 2502300957, 
432) 2515612762, 
433) 2517630014, 
434) 2517790760, 
435) 2517925845, 
436) 2525602992, 
437) 2527671393, 
438) 2529844026, 
439) 2549357510, 
440) 2574991898, 
441) 2575674820, 
442) 2581426010, 
443) 2586222474, 
444) 2594177293, 
445) 2599924450, 
446) 2601356474, 
447) 2601618718, 
448) 2606133274, 
449) 2614316769, 
450) 2625183217, 
451) 2625809294, 
452) 2632402324, 
453) 2635295366, 
454) 2640743700, 
455) 2642015127, 
456) 2644734090, 
457) 2677820516, 
458) 2681670932, 
459) 2692903706, 
460) 2698922733, 
461) 2708779735, 
462) 2710829568, 
463) 2712681242, 
464) 2725690572, 
465) 2733182293, 
466) 2733640244, 
467) 2745354906, 
468) 2761782678, 
469) 2779615452, 
470) 2793727764, 
471) 2793811566, 
472) 2795814781, 
473) 2801791800, 
474) 2802285535, 
475) 2819005987, 
476) 2819070694, 
477) 2821027039, 
478) 2821878046, 
479) 2833166297, 
480) 2833884906, 
481) 2844998740, 
482) 2849248964, 
483) 2849809882, 
484) 2852249261, 
485) 2862329121, 
486) 2884199957, 
487) 2892062558, 
488) 2897758473, 
489) 2905547256, 
490) 2924313053, 
491) 2934167535, 
492) 2936752461, 
493) 2949586769, 
494) 2949804451, 
495) 2953546910, 
496) 2954787573, 
497) 2955501584, 
498) 2986867459, 
499) 2999089717, 
