Number of elements is 100
Type of array is reversed
Sorting algorithm - radix
Running time of sorting algorithm is 124ms
0) 9462698, 
1) 30396362, 
2) 104501876, 
3) 110056178, 
4) 125621412, 
5) 199052915, 
6) 200674317, 
7) 235490740, 
8) 272228929, 
9) 297844483, 
10) 301496346, 
11) 301722028, 
12) 348107851, 
13) 359302257, 
14) 359465050, 
15) 360791125, 
16) 395300797, 
17) 408238555, 
18) 442247427, 
19) 463229715, 
20) 470786229, 
21) 601356370, 
22) 628738695, 
23) 685899364, 
24) 701337213, 
25) 711407327, 
26) 722149878, 
27) 750247915, 
28) 830978136, 
29) 853660998, 
30) 871062617, 
31) 873133678, 
32) 908186002, 
33) 909059658, 
34) 978238753, 
35) 1000249901, 
36) 1014450129, 
37) 1016427625, 
38) 1019089135, 
39) 1039463141, 
40) 1042592704, 
41) 1051329714, 
42) 1071522301, 
43) 1073495297, 
44) 1139424246, 
45) 1155244506, 
46) 1174969139, 
47) 1201360832, 
48) 1254399759, 
49) 1256972981, 
50) 1286360127, 
51) 1297118503, 
52) 1299118607, 
53) 1313488757, 
54) 1333675420, 
55) 1352692034, 
56) 1471097296, 
57) 1507178492, 
58) 1518124789, 
59) 1563396470, 
60) 1565102847, 
61) 1741243377, 
62) 1782352405, 
63) 1902816083, 
64) 1916309818, 
65) 1929265552, 
66) 1964154086, 
67) 2009204181, 
68) 2077255429, 
69) 2082118930, 
70) 2109947077, 
71) 2110232175, 
72) 2112100640, 
73) 2132142263, 
74) 2170156517, 
75) 2188932707, 
76) 2239206845, 
77) 2298590451, 
78) 2318476960, 
79) 2360055354, 
80) 2389917115, 
81) 2393582245, 
82) 2419441643, 
83) 2445364444, 
84) 2482945418, 
85) 2489991091, 
86) 2504313058, 
87) 2517850963, 
88) 2527493776, 
89) 2551088362, 
90) 2653402976, 
91) 2665853063, 
92) 2710540361, 
93) 2750306002, 
94) 2814032839, 
95) 2835554910, 
96) 2868162530, 
97) 2935749092, 
98) 2966087748, 
99) 2991762286, 
