Number of elements is 5000
Type of array is rendomized
Sorting algorithm - radix
Running time of sorting algorithm is 5656ms
0) 29492, 
1) 2488535, 
2) 2789688, 
3) 3396602, 
4) 4377943, 
5) 4422037, 
6) 4788925, 
7) 4794782, 
8) 4929575, 
9) 5379404, 
10) 5749121, 
11) 6365763, 
12) 7943228, 
13) 7999768, 
14) 8392302, 
15) 8613084, 
16) 9009569, 
17) 9948038, 
18) 10042252, 
19) 10294947, 
20) 11041669, 
21) 11488700, 
22) 11535207, 
23) 11732328, 
24) 13390159, 
25) 14150022, 
26) 14419097, 
27) 14490226, 
28) 14543955, 
29) 14901025, 
30) 16690273, 
31) 16877736, 
32) 18461244, 
33) 18757161, 
34) 19029462, 
35) 20070061, 
36) 20554303, 
37) 21420010, 
38) 21826772, 
39) 21927994, 
40) 23985843, 
41) 24751333, 
42) 25029756, 
43) 25368222, 
44) 25778943, 
45) 27183293, 
46) 27413197, 
47) 27484790, 
48) 27891615, 
49) 27979469, 
50) 28254777, 
51) 28390258, 
52) 28796668, 
53) 30550110, 
54) 31240919, 
55) 31539661, 
56) 32480105, 
57) 32927982, 
58) 33042787, 
59) 33119302, 
60) 33853693, 
61) 33983579, 
62) 34020614, 
63) 34276939, 
64) 35580379, 
65) 35772820, 
66) 36795548, 
67) 37303734, 
68) 37782900, 
69) 37858673, 
70) 37934480, 
71) 38281634, 
72) 39209831, 
73) 39300921, 
74) 39531204, 
75) 39746199, 
76) 39774171, 
77) 40057347, 
78) 43537028, 
79) 44377586, 
80) 44814217, 
81) 45074406, 
82) 45549992, 
83) 46464981, 
84) 47849296, 
85) 47897742, 
86) 47919764, 
87) 49724098, 
88) 51542254, 
89) 51611331, 
90) 52300749, 
91) 53182451, 
92) 53565696, 
93) 53947387, 
94) 54774472, 
95) 54914888, 
96) 55125256, 
97) 56248738, 
98) 56369509, 
99) 57453028, 
100) 57560109, 
101) 58023252, 
102) 58334870, 
103) 58532831, 
104) 58617892, 
105) 58836891, 
106) 59806999, 
107) 60136882, 
108) 60645648, 
109) 61029937, 
110) 61989118, 
111) 62438666, 
112) 62619670, 
113) 63201942, 
114) 63589292, 
115) 63813688, 
116) 63879968, 
117) 63961048, 
118) 63964398, 
119) 64364857, 
120) 65173263, 
121) 66199289, 
122) 66367454, 
123) 66901567, 
124) 67170803, 
125) 68215841, 
126) 68269395, 
127) 68812089, 
128) 69200878, 
129) 69700134, 
130) 69778391, 
131) 69801536, 
132) 70844308, 
133) 70890901, 
134) 71413662, 
135) 71841212, 
136) 72147758, 
137) 72368378, 
138) 73513733, 
139) 73549875, 
140) 73643486, 
141) 73909764, 
142) 74302958, 
143) 74388481, 
144) 74595501, 
145) 74605802, 
146) 74753461, 
147) 74908536, 
148) 76318545, 
149) 77929046, 
150) 78327789, 
151) 78528788, 
152) 78741027, 
153) 79459902, 
154) 79798357, 
155) 80162801, 
156) 80306115, 
157) 80803622, 
158) 80916257, 
159) 81368767, 
160) 82236105, 
161) 84115319, 
162) 84986412, 
163) 85190167, 
164) 85517804, 
165) 85901429, 
166) 86314594, 
167) 87559707, 
168) 88228532, 
169) 91475066, 
170) 91601539, 
171) 92845708, 
172) 92872760, 
173) 93570535, 
174) 94300448, 
175) 95524501, 
176) 97927206, 
177) 98667357, 
178) 98819672, 
179) 99048110, 
180) 99106017, 
181) 99231188, 
182) 100079852, 
183) 101183151, 
184) 101766096, 
185) 103191137, 
186) 103228420, 
187) 103259760, 
188) 104339289, 
189) 104450814, 
190) 106085313, 
191) 106338399, 
192) 106373584, 
193) 107238436, 
194) 108290796, 
195) 109028984, 
196) 109261514, 
197) 109954369, 
198) 110198521, 
199) 110207083, 
200) 110574199, 
201) 111185655, 
202) 111211959, 
203) 111310933, 
204) 111940935, 
205) 112541807, 
206) 112763563, 
207) 113032518, 
208) 114295370, 
209) 115763391, 
210) 116173249, 
211) 116459805, 
212) 116492915, 
213) 117399126, 
214) 117989044, 
215) 117996676, 
216) 118777621, 
217) 119084286, 
218) 120909373, 
219) 121116761, 
220) 121376645, 
221) 122474899, 
222) 122897446, 
223) 123089674, 
224) 123520392, 
225) 124337689, 
226) 124889741, 
227) 125457119, 
228) 125604525, 
229) 126083672, 
230) 126198366, 
231) 126213632, 
232) 127192680, 
233) 127745562, 
234) 128465454, 
235) 129558130, 
236) 129894320, 
237) 130164889, 
238) 130476932, 
239) 130737470, 
240) 131152115, 
241) 131466061, 
242) 132068561, 
243) 133000595, 
244) 133428121, 
245) 133570127, 
246) 133748185, 
247) 133759038, 
248) 134106314, 
249) 135490438, 
250) 135695721, 
251) 136889640, 
252) 136967654, 
253) 137003628, 
254) 137356022, 
255) 137387329, 
256) 138329953, 
257) 138385725, 
258) 138663579, 
259) 138871361, 
260) 139197997, 
261) 139371165, 
262) 139373823, 
263) 139728411, 
264) 139873910, 
265) 141063956, 
266) 141161600, 
267) 142062419, 
268) 144102445, 
269) 144576641, 
270) 145112503, 
271) 145442018, 
272) 145493905, 
273) 145634201, 
274) 146056055, 
275) 146320065, 
276) 146322539, 
277) 146725429, 
278) 146945214, 
279) 147043453, 
280) 147841161, 
281) 148567966, 
282) 150650274, 
283) 151123002, 
284) 151455379, 
285) 151465588, 
286) 152189585, 
287) 152381948, 
288) 152954147, 
289) 152977323, 
290) 153240999, 
291) 154950662, 
292) 155506383, 
293) 155615053, 
294) 157618452, 
295) 157714387, 
296) 158683817, 
297) 158809092, 
298) 158864210, 
299) 161141069, 
300) 161163766, 
301) 162255413, 
302) 163089590, 
303) 163828757, 
304) 164016291, 
305) 164635938, 
306) 164847043, 
307) 165871279, 
308) 165981866, 
309) 168194613, 
310) 168391785, 
311) 168727129, 
312) 169459656, 
313) 169784582, 
314) 170205476, 
315) 170740660, 
316) 170778345, 
317) 171091846, 
318) 171365176, 
319) 171619672, 
320) 173101591, 
321) 173747655, 
322) 173848008, 
323) 174302548, 
324) 174626360, 
325) 175480655, 
326) 175646239, 
327) 175751698, 
328) 177173750, 
329) 178038829, 
330) 178048140, 
331) 178246610, 
332) 178508712, 
333) 180327814, 
334) 180967079, 
335) 181096075, 
336) 181310930, 
337) 181331920, 
338) 183772767, 
339) 183981427, 
340) 184110089, 
341) 184868471, 
342) 185009474, 
343) 185448257, 
344) 185603927, 
345) 185700528, 
346) 185902031, 
347) 186396998, 
348) 186419350, 
349) 187206876, 
350) 188875096, 
351) 189347143, 
352) 189454932, 
353) 189974527, 
354) 190370280, 
355) 191182889, 
356) 191298746, 
357) 191319673, 
358) 191530784, 
359) 192999596, 
360) 193430865, 
361) 194770195, 
362) 195110925, 
363) 195882376, 
364) 196724558, 
365) 196738924, 
366) 198628116, 
367) 198730075, 
368) 199130394, 
369) 200063553, 
370) 200887268, 
371) 202097594, 
372) 203267080, 
373) 203601014, 
374) 204751290, 
375) 205268743, 
376) 205628643, 
377) 205740175, 
378) 205848792, 
379) 205974457, 
380) 206477275, 
381) 206824682, 
382) 207411195, 
383) 208021807, 
384) 208074783, 
385) 208354689, 
386) 209076649, 
387) 209169270, 
388) 209743293, 
389) 210334358, 
390) 210490013, 
391) 211033797, 
392) 211128064, 
393) 211744525, 
394) 211992891, 
395) 211994609, 
396) 212090100, 
397) 212332297, 
398) 212968649, 
399) 217190075, 
400) 218611307, 
401) 219823377, 
402) 220806680, 
403) 221344214, 
404) 221426266, 
405) 222369144, 
406) 223294250, 
407) 223688956, 
408) 223747090, 
409) 225557886, 
410) 230187087, 
411) 230598253, 
412) 231513561, 
413) 231517984, 
414) 231812895, 
415) 231955837, 
416) 232700269, 
417) 233089741, 
418) 234456757, 
419) 234768974, 
420) 235217655, 
421) 235619326, 
422) 239638332, 
423) 239829340, 
424) 240500708, 
425) 241419395, 
426) 243718477, 
427) 244547666, 
428) 245774231, 
429) 246461670, 
430) 248477302, 
431) 248641235, 
432) 248733414, 
433) 249979979, 
434) 250148474, 
435) 251992335, 
436) 252782219, 
437) 254299609, 
438) 255866494, 
439) 256393427, 
440) 256570527, 
441) 257967247, 
442) 258058657, 
443) 258986270, 
444) 259141444, 
445) 259148042, 
446) 259166968, 
447) 259379821, 
448) 260130036, 
449) 261363123, 
450) 261379930, 
451) 261401106, 
452) 261928576, 
453) 262428810, 
454) 262875709, 
455) 263024079, 
456) 263060375, 
457) 263375118, 
458) 263383938, 
459) 263422379, 
460) 263657392, 
461) 263708015, 
462) 263854263, 
463) 264957158, 
464) 265271503, 
465) 266144951, 
466) 266306061, 
467) 267196453, 
468) 267457170, 
469) 267717586, 
470) 267829676, 
471) 268576339, 
472) 270350563, 
473) 271159750, 
474) 272999537, 
475) 274094236, 
476) 274130183, 
477) 276095864, 
478) 276561204, 
479) 277184782, 
480) 277628993, 
481) 278350909, 
482) 279792143, 
483) 279792954, 
484) 279913415, 
485) 280463491, 
486) 282138070, 
487) 282786709, 
488) 283361878, 
489) 285445002, 
490) 285709520, 
491) 287220042, 
492) 287509693, 
493) 287751299, 
494) 288367544, 
495) 288469547, 
496) 288576096, 
497) 288848392, 
498) 289154888, 
499) 289871060, 
500) 291068128, 
501) 291872147, 
502) 292492694, 
503) 292771528, 
504) 293158787, 
505) 293336591, 
506) 296142163, 
507) 296439033, 
508) 296752995, 
509) 297074849, 
510) 297547078, 
511) 297670517, 
512) 297742894, 
513) 298877107, 
514) 299098019, 
515) 300579867, 
516) 301029068, 
517) 301164355, 
518) 302494111, 
519) 303383439, 
520) 304543031, 
521) 305138039, 
522) 306604362, 
523) 306618931, 
524) 310839754, 
525) 311592565, 
526) 312351486, 
527) 312758716, 
528) 312890666, 
529) 314471889, 
530) 315138911, 
531) 315936753, 
532) 317752296, 
533) 319488701, 
534) 319547932, 
535) 319635299, 
536) 319697161, 
537) 320198308, 
538) 320330619, 
539) 321252565, 
540) 321719948, 
541) 321952291, 
542) 322513339, 
543) 322756900, 
544) 323675291, 
545) 325056160, 
546) 325455786, 
547) 326023679, 
548) 326299970, 
549) 327390449, 
550) 327666388, 
551) 329282967, 
552) 329524049, 
553) 329786251, 
554) 329807830, 
555) 329952204, 
556) 330146511, 
557) 330373648, 
558) 331007270, 
559) 331629212, 
560) 331843278, 
561) 331919206, 
562) 332368302, 
563) 332723287, 
564) 333069788, 
565) 333173039, 
566) 336169231, 
567) 336225425, 
568) 336682862, 
569) 337727793, 
570) 338761970, 
571) 339140752, 
572) 339519008, 
573) 341463278, 
574) 342220043, 
575) 342840333, 
576) 344770158, 
577) 345108591, 
578) 345554202, 
579) 346211672, 
580) 348810156, 
581) 349095104, 
582) 350409459, 
583) 350484005, 
584) 351475426, 
585) 352233108, 
586) 352821647, 
587) 352825322, 
588) 352892795, 
589) 353271571, 
590) 353336724, 
591) 355344129, 
592) 355682368, 
593) 356048390, 
594) 356108631, 
595) 359955016, 
596) 361502881, 
597) 362198939, 
598) 363308889, 
599) 363719511, 
600) 365240757, 
601) 366082323, 
602) 366184641, 
603) 366584835, 
604) 367175193, 
605) 367738927, 
606) 367888257, 
607) 370007922, 
608) 370764090, 
609) 372270407, 
610) 372889069, 
611) 374198497, 
612) 374670929, 
613) 375040779, 
614) 376057609, 
615) 376190306, 
616) 376619255, 
617) 377175966, 
618) 377694717, 
619) 378727599, 
620) 379656303, 
621) 380185126, 
622) 380571758, 
623) 381660189, 
624) 381988657, 
625) 382016859, 
626) 382141480, 
627) 382196759, 
628) 382782686, 
629) 382808808, 
630) 383020285, 
631) 383039808, 
632) 383963815, 
633) 385202036, 
634) 385460748, 
635) 386131422, 
636) 386396476, 
637) 386624619, 
638) 387768434, 
639) 388260898, 
640) 389335173, 
641) 389369897, 
642) 389792850, 
643) 390129932, 
644) 390256169, 
645) 390469736, 
646) 390704061, 
647) 391158757, 
648) 392505406, 
649) 393320933, 
650) 393802185, 
651) 393979037, 
652) 396054783, 
653) 396738300, 
654) 396910822, 
655) 397230181, 
656) 397820894, 
657) 397978278, 
658) 399827443, 
659) 400348439, 
660) 401753613, 
661) 401759496, 
662) 402574054, 
663) 402622690, 
664) 402916885, 
665) 403039738, 
666) 403849420, 
667) 404288929, 
668) 404391778, 
669) 404663475, 
670) 405388751, 
671) 406068034, 
672) 406076166, 
673) 406363869, 
674) 406801903, 
675) 407090662, 
676) 407357249, 
677) 408906852, 
678) 409115045, 
679) 411249328, 
680) 411352555, 
681) 412410845, 
682) 412521093, 
683) 413457991, 
684) 414116741, 
685) 414299491, 
686) 415098399, 
687) 415393734, 
688) 415838145, 
689) 415974694, 
690) 416067751, 
691) 416373381, 
692) 416500775, 
693) 416553584, 
694) 416833745, 
695) 416955903, 
696) 417418420, 
697) 417581417, 
698) 418772218, 
699) 420986526, 
700) 421786339, 
701) 422479375, 
702) 422524237, 
703) 422761785, 
704) 422896775, 
705) 423504094, 
706) 424643291, 
707) 424711260, 
708) 425256170, 
709) 425286108, 
710) 425455593, 
711) 425517989, 
712) 427172917, 
713) 427470204, 
714) 427634635, 
715) 428016050, 
716) 429925286, 
717) 430188153, 
718) 430433986, 
719) 430769898, 
720) 431076870, 
721) 432141549, 
722) 433220791, 
723) 435225143, 
724) 435643583, 
725) 436655338, 
726) 437381157, 
727) 437989114, 
728) 438699120, 
729) 439506969, 
730) 439627781, 
731) 440075947, 
732) 440550545, 
733) 440875802, 
734) 441897271, 
735) 442303901, 
736) 442896541, 
737) 444109289, 
738) 444720890, 
739) 447195344, 
740) 447498517, 
741) 447670263, 
742) 448041299, 
743) 449253797, 
744) 449594055, 
745) 449882031, 
746) 450475359, 
747) 450497080, 
748) 451155001, 
749) 451285053, 
750) 451953992, 
751) 452733297, 
752) 452881268, 
753) 452954457, 
754) 453058141, 
755) 453147431, 
756) 453360872, 
757) 454345288, 
758) 454669688, 
759) 454903232, 
760) 456123631, 
761) 456434745, 
762) 458564831, 
763) 458910762, 
764) 459556963, 
765) 459773871, 
766) 459881492, 
767) 460579044, 
768) 460974724, 
769) 461540021, 
770) 461576467, 
771) 461598284, 
772) 461734698, 
773) 462771898, 
774) 463842468, 
775) 463934115, 
776) 464338012, 
777) 464856493, 
778) 464962121, 
779) 465067247, 
780) 467384456, 
781) 468084207, 
782) 468123371, 
783) 469336308, 
784) 469336804, 
785) 469666835, 
786) 470037141, 
787) 470423254, 
788) 471334699, 
789) 471643714, 
790) 471727486, 
791) 471959597, 
792) 472234670, 
793) 472277918, 
794) 473756913, 
795) 474692645, 
796) 474726867, 
797) 476988046, 
798) 477103679, 
799) 477106394, 
800) 477394109, 
801) 477773868, 
802) 478516062, 
803) 479346450, 
804) 479414845, 
805) 480799612, 
806) 481014197, 
807) 481725371, 
808) 482599280, 
809) 482701818, 
810) 483138852, 
811) 483382243, 
812) 483649871, 
813) 484144440, 
814) 484277823, 
815) 485015781, 
816) 486621443, 
817) 487023586, 
818) 487566071, 
819) 487814766, 
820) 489733780, 
821) 491909993, 
822) 493008478, 
823) 494684336, 
824) 495416226, 
825) 496163819, 
826) 496346026, 
827) 496867678, 
828) 496927618, 
829) 497171446, 
830) 498716465, 
831) 500101764, 
832) 500838413, 
833) 501731865, 
834) 502712655, 
835) 503478569, 
836) 504246273, 
837) 504928841, 
838) 507213857, 
839) 507780982, 
840) 508067341, 
841) 508511909, 
842) 508525765, 
843) 508826157, 
844) 509867067, 
845) 510184072, 
846) 510279456, 
847) 510484940, 
848) 511047659, 
849) 511547380, 
850) 511619839, 
851) 511816021, 
852) 513510606, 
853) 514133065, 
854) 514537987, 
855) 514797002, 
856) 515371169, 
857) 515594104, 
858) 515809904, 
859) 515832570, 
860) 515999047, 
861) 516125997, 
862) 516257612, 
863) 517025214, 
864) 518234470, 
865) 519579347, 
866) 520637111, 
867) 520817281, 
868) 521180063, 
869) 521439259, 
870) 521753913, 
871) 521755821, 
872) 522407688, 
873) 522500674, 
874) 523709474, 
875) 524852716, 
876) 525995187, 
877) 526101697, 
878) 527755590, 
879) 528324459, 
880) 529359472, 
881) 529627350, 
882) 530239574, 
883) 530443334, 
884) 531182783, 
885) 531756819, 
886) 532856799, 
887) 533687828, 
888) 534043655, 
889) 534066985, 
890) 534208267, 
891) 534345885, 
892) 534862219, 
893) 535190462, 
894) 535256182, 
895) 535423078, 
896) 536410633, 
897) 537490560, 
898) 538030173, 
899) 539266374, 
900) 539320929, 
901) 541974097, 
902) 542238003, 
903) 543472471, 
904) 543851108, 
905) 544625867, 
906) 544765346, 
907) 545765789, 
908) 546331558, 
909) 546773492, 
910) 548733907, 
911) 549651958, 
912) 549660008, 
913) 549775463, 
914) 550517786, 
915) 551297701, 
916) 551926096, 
917) 552001342, 
918) 552766059, 
919) 554522452, 
920) 555023313, 
921) 555581285, 
922) 555794014, 
923) 555811319, 
924) 557009666, 
925) 557110320, 
926) 558829959, 
927) 559110118, 
928) 561325807, 
929) 561782088, 
930) 562361754, 
931) 563864136, 
932) 563999718, 
933) 564180850, 
934) 564762465, 
935) 565283689, 
936) 566101065, 
937) 567061099, 
938) 568422860, 
939) 569104833, 
940) 569773467, 
941) 571341897, 
942) 571662841, 
943) 572260592, 
944) 572477509, 
945) 573547099, 
946) 574064630, 
947) 574789317, 
948) 574938303, 
949) 574961215, 
950) 575320584, 
951) 576569378, 
952) 576601239, 
953) 577454196, 
954) 577675351, 
955) 579108555, 
956) 579786850, 
957) 579924251, 
958) 580082501, 
959) 581284546, 
960) 581554280, 
961) 582119839, 
962) 582680706, 
963) 583534307, 
964) 584155655, 
965) 585164411, 
966) 585782478, 
967) 587166272, 
968) 588601418, 
969) 589462651, 
970) 590138580, 
971) 590460790, 
972) 590533488, 
973) 591024447, 
974) 591226121, 
975) 592702793, 
976) 593973526, 
977) 595349247, 
978) 595945948, 
979) 596588538, 
980) 597135736, 
981) 597278700, 
982) 598119736, 
983) 598731954, 
984) 598757533, 
985) 599026922, 
986) 600197377, 
987) 600793831, 
988) 601330577, 
989) 603988655, 
990) 604089022, 
991) 604645462, 
992) 604980792, 
993) 606796545, 
994) 607175003, 
995) 607433970, 
996) 607649875, 
997) 607731880, 
998) 607758779, 
999) 608485352, 
1000) 608758806, 
1001) 608830663, 
1002) 610041902, 
1003) 610168214, 
1004) 610232023, 
1005) 610512257, 
1006) 610831972, 
1007) 611358126, 
1008) 612483598, 
1009) 612872364, 
1010) 612881987, 
1011) 613018414, 
1012) 613032334, 
1013) 614439760, 
1014) 616551805, 
1015) 616881065, 
1016) 617382280, 
1017) 617442485, 
1018) 618610756, 
1019) 619549314, 
1020) 619731920, 
1021) 620003305, 
1022) 620156371, 
1023) 620561139, 
1024) 621564669, 
1025) 622341903, 
1026) 622428239, 
1027) 622490316, 
1028) 622533297, 
1029) 623165576, 
1030) 623179227, 
1031) 624129226, 
1032) 624452925, 
1033) 625855483, 
1034) 625993741, 
1035) 627049076, 
1036) 627211452, 
1037) 627295274, 
1038) 627464189, 
1039) 628026492, 
1040) 628122321, 
1041) 628227730, 
1042) 628672574, 
1043) 628925017, 
1044) 629111175, 
1045) 629161502, 
1046) 629838631, 
1047) 630072880, 
1048) 630617396, 
1049) 630803339, 
1050) 630901395, 
1051) 631677363, 
1052) 631790591, 
1053) 632159510, 
1054) 632949986, 
1055) 633354671, 
1056) 634139760, 
1057) 634712633, 
1058) 635546162, 
1059) 635600136, 
1060) 636640939, 
1061) 637437038, 
1062) 639282376, 
1063) 639396825, 
1064) 639637218, 
1065) 639988203, 
1066) 640027968, 
1067) 640258590, 
1068) 640351264, 
1069) 640583272, 
1070) 641204029, 
1071) 641282621, 
1072) 641901032, 
1073) 642251774, 
1074) 643730381, 
1075) 644037397, 
1076) 644235870, 
1077) 644473062, 
1078) 645025532, 
1079) 645703333, 
1080) 646372202, 
1081) 646726272, 
1082) 647665940, 
1083) 648866911, 
1084) 649380468, 
1085) 649741033, 
1086) 651530531, 
1087) 651540444, 
1088) 652128139, 
1089) 652262980, 
1090) 652430393, 
1091) 652636145, 
1092) 654142471, 
1093) 654604215, 
1094) 655328827, 
1095) 655512226, 
1096) 655775551, 
1097) 656052640, 
1098) 657044850, 
1099) 657336534, 
1100) 657829381, 
1101) 658456443, 
1102) 658537118, 
1103) 658584757, 
1104) 659337283, 
1105) 660375339, 
1106) 661108679, 
1107) 661145638, 
1108) 661946399, 
1109) 661972867, 
1110) 662816442, 
1111) 663149965, 
1112) 663486611, 
1113) 663958253, 
1114) 664242379, 
1115) 664258409, 
1116) 665250185, 
1117) 666147943, 
1118) 666197638, 
1119) 666532672, 
1120) 666593857, 
1121) 666602630, 
1122) 667226557, 
1123) 667321566, 
1124) 667929691, 
1125) 668009061, 
1126) 669017189, 
1127) 669313070, 
1128) 669317964, 
1129) 669763916, 
1130) 669865882, 
1131) 670325749, 
1132) 670411746, 
1133) 671005609, 
1134) 671424616, 
1135) 671962655, 
1136) 672345390, 
1137) 672941256, 
1138) 672979739, 
1139) 674435477, 
1140) 674603778, 
1141) 674652570, 
1142) 675254810, 
1143) 675276978, 
1144) 675304825, 
1145) 675880912, 
1146) 675951543, 
1147) 676266376, 
1148) 676515478, 
1149) 676676663, 
1150) 677437620, 
1151) 677876333, 
1152) 679428106, 
1153) 680281558, 
1154) 680391684, 
1155) 680440725, 
1156) 680924768, 
1157) 681698814, 
1158) 682488626, 
1159) 682790623, 
1160) 684701397, 
1161) 684886398, 
1162) 685773863, 
1163) 685865439, 
1164) 686132293, 
1165) 686934347, 
1166) 686949898, 
1167) 687340356, 
1168) 687493418, 
1169) 687531688, 
1170) 688071335, 
1171) 688126000, 
1172) 688465324, 
1173) 688988558, 
1174) 689449876, 
1175) 689532335, 
1176) 690400518, 
1177) 690891391, 
1178) 691036832, 
1179) 691539512, 
1180) 691761804, 
1181) 691791672, 
1182) 692162046, 
1183) 692411431, 
1184) 692673937, 
1185) 692701451, 
1186) 692985248, 
1187) 693587383, 
1188) 694056289, 
1189) 694706958, 
1190) 695004559, 
1191) 697346501, 
1192) 697375155, 
1193) 698173637, 
1194) 698400866, 
1195) 699094603, 
1196) 699422482, 
1197) 699755682, 
1198) 702124107, 
1199) 702805395, 
1200) 703529195, 
1201) 703798247, 
1202) 704555834, 
1203) 704682281, 
1204) 705464922, 
1205) 705641858, 
1206) 706060373, 
1207) 706599013, 
1208) 706784364, 
1209) 707665676, 
1210) 708788311, 
1211) 709372628, 
1212) 709405966, 
1213) 710258068, 
1214) 710649456, 
1215) 711119011, 
1216) 712549000, 
1217) 712816447, 
1218) 713844185, 
1219) 714522894, 
1220) 714619600, 
1221) 714963300, 
1222) 715393974, 
1223) 715701380, 
1224) 715784794, 
1225) 716146498, 
1226) 716179416, 
1227) 716398106, 
1228) 716429440, 
1229) 717224117, 
1230) 717472534, 
1231) 718976898, 
1232) 720047391, 
1233) 720214952, 
1234) 720542206, 
1235) 720694522, 
1236) 720839567, 
1237) 721032488, 
1238) 721033934, 
1239) 721526884, 
1240) 721545038, 
1241) 721918372, 
1242) 722536680, 
1243) 722607209, 
1244) 723192429, 
1245) 723848519, 
1246) 724342968, 
1247) 724559683, 
1248) 726506512, 
1249) 728079884, 
1250) 728212186, 
1251) 728623999, 
1252) 729773203, 
1253) 729851923, 
1254) 730250161, 
1255) 730443438, 
1256) 732395416, 
1257) 732817526, 
1258) 733083747, 
1259) 733778306, 
1260) 734884360, 
1261) 735085981, 
1262) 737071838, 
1263) 737792896, 
1264) 737959278, 
1265) 738902846, 
1266) 739354131, 
1267) 739541400, 
1268) 739751469, 
1269) 741147973, 
1270) 741724056, 
1271) 743148942, 
1272) 744068138, 
1273) 744176309, 
1274) 744411340, 
1275) 745578931, 
1276) 746081284, 
1277) 746123591, 
1278) 747088584, 
1279) 747186667, 
1280) 747495008, 
1281) 747796881, 
1282) 747974810, 
1283) 748501677, 
1284) 749326523, 
1285) 750910653, 
1286) 751364806, 
1287) 751403649, 
1288) 751947001, 
1289) 752935336, 
1290) 753120761, 
1291) 753583314, 
1292) 754129613, 
1293) 755303542, 
1294) 757800551, 
1295) 758534030, 
1296) 759465839, 
1297) 759559414, 
1298) 760159992, 
1299) 762626355, 
1300) 763762486, 
1301) 764207980, 
1302) 764224452, 
1303) 764886775, 
1304) 765095107, 
1305) 765790608, 
1306) 766488255, 
1307) 766786015, 
1308) 767911056, 
1309) 768483908, 
1310) 768966652, 
1311) 769017690, 
1312) 769313386, 
1313) 770056430, 
1314) 771363352, 
1315) 771733813, 
1316) 771832293, 
1317) 774569250, 
1318) 775131994, 
1319) 775616593, 
1320) 775926832, 
1321) 776583046, 
1322) 777637995, 
1323) 779509128, 
1324) 780911991, 
1325) 781486271, 
1326) 781820018, 
1327) 781932612, 
1328) 782378489, 
1329) 782586847, 
1330) 782762812, 
1331) 782937329, 
1332) 783220331, 
1333) 785878792, 
1334) 786243634, 
1335) 786942154, 
1336) 786972971, 
1337) 787348054, 
1338) 787407713, 
1339) 787969528, 
1340) 788643037, 
1341) 788767089, 
1342) 789154689, 
1343) 789727275, 
1344) 790052252, 
1345) 790123417, 
1346) 791401504, 
1347) 792114368, 
1348) 793247186, 
1349) 793676920, 
1350) 793903480, 
1351) 794333626, 
1352) 794449698, 
1353) 794624234, 
1354) 794860020, 
1355) 795789955, 
1356) 796337136, 
1357) 796628336, 
1358) 797132853, 
1359) 798144117, 
1360) 798805484, 
1361) 799068699, 
1362) 799663041, 
1363) 799840292, 
1364) 800043192, 
1365) 800812137, 
1366) 802273984, 
1367) 802594086, 
1368) 803094560, 
1369) 803939905, 
1370) 804140969, 
1371) 804436004, 
1372) 806033716, 
1373) 806107254, 
1374) 806380642, 
1375) 807458521, 
1376) 807621554, 
1377) 807944372, 
1378) 808342188, 
1379) 808703339, 
1380) 808992905, 
1381) 809279415, 
1382) 809666326, 
1383) 810287991, 
1384) 810685746, 
1385) 811047392, 
1386) 811162682, 
1387) 811550594, 
1388) 813036177, 
1389) 813977295, 
1390) 814642818, 
1391) 814844592, 
1392) 815094295, 
1393) 815129251, 
1394) 816167268, 
1395) 816525165, 
1396) 816560892, 
1397) 817337434, 
1398) 817429554, 
1399) 819421613, 
1400) 820373670, 
1401) 820472573, 
1402) 820762707, 
1403) 823458450, 
1404) 823961786, 
1405) 824298107, 
1406) 825135236, 
1407) 825151119, 
1408) 825609647, 
1409) 825889281, 
1410) 825952248, 
1411) 826287371, 
1412) 827147380, 
1413) 827798230, 
1414) 827917275, 
1415) 828102584, 
1416) 828821750, 
1417) 829784104, 
1418) 830687721, 
1419) 833106461, 
1420) 833410751, 
1421) 833507530, 
1422) 834068384, 
1423) 834504594, 
1424) 836140869, 
1425) 836293747, 
1426) 836710815, 
1427) 837137922, 
1428) 837580697, 
1429) 837765849, 
1430) 839299005, 
1431) 839645102, 
1432) 840939031, 
1433) 841397233, 
1434) 841465327, 
1435) 841659600, 
1436) 841919059, 
1437) 842423451, 
1438) 843095986, 
1439) 844142960, 
1440) 844468044, 
1441) 845247179, 
1442) 846006744, 
1443) 846386957, 
1444) 847515922, 
1445) 848479613, 
1446) 849124049, 
1447) 849229479, 
1448) 849490516, 
1449) 849991313, 
1450) 850513799, 
1451) 851660126, 
1452) 851849806, 
1453) 852268043, 
1454) 852996396, 
1455) 853656745, 
1456) 853805110, 
1457) 854093701, 
1458) 854541169, 
1459) 854890221, 
1460) 855532134, 
1461) 855761497, 
1462) 856904020, 
1463) 857576716, 
1464) 857819002, 
1465) 858012382, 
1466) 858145848, 
1467) 859032785, 
1468) 859461265, 
1469) 861321122, 
1470) 861495884, 
1471) 861738074, 
1472) 861913654, 
1473) 862095377, 
1474) 862469550, 
1475) 862619437, 
1476) 862981928, 
1477) 863932045, 
1478) 864018837, 
1479) 864184458, 
1480) 864531691, 
1481) 864756600, 
1482) 865607819, 
1483) 865632088, 
1484) 865632445, 
1485) 866264101, 
1486) 866265414, 
1487) 868898429, 
1488) 869795200, 
1489) 869889412, 
1490) 870380729, 
1491) 873462185, 
1492) 873536128, 
1493) 873670504, 
1494) 873707338, 
1495) 873940702, 
1496) 875528447, 
1497) 876375594, 
1498) 876763852, 
1499) 877489694, 
1500) 878142422, 
1501) 878551260, 
1502) 878874674, 
1503) 880059767, 
1504) 880355129, 
1505) 880869307, 
1506) 880890748, 
1507) 881299523, 
1508) 882257132, 
1509) 882557047, 
1510) 883484314, 
1511) 883873469, 
1512) 884151610, 
1513) 885608585, 
1514) 885717738, 
1515) 886557919, 
1516) 886999903, 
1517) 889570794, 
1518) 889730895, 
1519) 890230816, 
1520) 890870801, 
1521) 891432643, 
1522) 893551970, 
1523) 893619852, 
1524) 894259502, 
1525) 894891491, 
1526) 895391031, 
1527) 896279820, 
1528) 896709436, 
1529) 898214334, 
1530) 898803583, 
1531) 899062356, 
1532) 899112688, 
1533) 899122099, 
1534) 899290646, 
1535) 901790925, 
1536) 902241075, 
1537) 903447968, 
1538) 904074465, 
1539) 904098325, 
1540) 904966598, 
1541) 909040026, 
1542) 909655385, 
1543) 909896391, 
1544) 910107967, 
1545) 910320733, 
1546) 910532806, 
1547) 910608452, 
1548) 912461107, 
1549) 912540880, 
1550) 913265631, 
1551) 913641284, 
1552) 913942228, 
1553) 914118140, 
1554) 914438382, 
1555) 915744405, 
1556) 915940402, 
1557) 915979500, 
1558) 916848433, 
1559) 917358532, 
1560) 917551505, 
1561) 918158411, 
1562) 918253011, 
1563) 918453088, 
1564) 918623506, 
1565) 919268997, 
1566) 920043848, 
1567) 921141489, 
1568) 921316576, 
1569) 921953478, 
1570) 922430008, 
1571) 924063335, 
1572) 924804855, 
1573) 924930480, 
1574) 927376849, 
1575) 928130611, 
1576) 929251509, 
1577) 929791732, 
1578) 930164681, 
1579) 930451052, 
1580) 930630397, 
1581) 930799664, 
1582) 931327594, 
1583) 931466809, 
1584) 932366081, 
1585) 933500092, 
1586) 933530121, 
1587) 933575697, 
1588) 933840741, 
1589) 935661848, 
1590) 935774948, 
1591) 935924772, 
1592) 936955022, 
1593) 937113456, 
1594) 937561300, 
1595) 937596369, 
1596) 938052052, 
1597) 940064556, 
1598) 940556873, 
1599) 940868928, 
1600) 941641187, 
1601) 944026330, 
1602) 944941466, 
1603) 945517498, 
1604) 945582140, 
1605) 946521442, 
1606) 946699411, 
1607) 947131909, 
1608) 947321171, 
1609) 947338235, 
1610) 947623294, 
1611) 948374956, 
1612) 948558678, 
1613) 949732504, 
1614) 951396592, 
1615) 951804539, 
1616) 952090299, 
1617) 952940303, 
1618) 953614920, 
1619) 954014233, 
1620) 954101563, 
1621) 954530618, 
1622) 955401055, 
1623) 955473172, 
1624) 955908120, 
1625) 955939746, 
1626) 960126608, 
1627) 960394773, 
1628) 960546798, 
1629) 960895133, 
1630) 961226323, 
1631) 962762735, 
1632) 966639184, 
1633) 967328876, 
1634) 967591141, 
1635) 967749667, 
1636) 967816927, 
1637) 968292822, 
1638) 968582823, 
1639) 968829151, 
1640) 968877127, 
1641) 968916729, 
1642) 970092770, 
1643) 971629966, 
1644) 971716814, 
1645) 971743022, 
1646) 972834208, 
1647) 973225638, 
1648) 973430861, 
1649) 974441850, 
1650) 974707346, 
1651) 975540022, 
1652) 976179407, 
1653) 976738069, 
1654) 976881160, 
1655) 977509694, 
1656) 977532644, 
1657) 978202166, 
1658) 978289523, 
1659) 978360844, 
1660) 978488152, 
1661) 979433730, 
1662) 979654086, 
1663) 979821631, 
1664) 981521386, 
1665) 982600260, 
1666) 983294745, 
1667) 984140172, 
1668) 984471421, 
1669) 985572889, 
1670) 985688542, 
1671) 985922977, 
1672) 985958074, 
1673) 986332528, 
1674) 986702020, 
1675) 987454568, 
1676) 987896302, 
1677) 988648307, 
1678) 988971823, 
1679) 990098495, 
1680) 991007561, 
1681) 991939551, 
1682) 992217969, 
1683) 992530760, 
1684) 992721390, 
1685) 993137679, 
1686) 993168161, 
1687) 993516606, 
1688) 993723200, 
1689) 994453175, 
1690) 994712554, 
1691) 994903213, 
1692) 995130261, 
1693) 995819839, 
1694) 996842092, 
1695) 996851661, 
1696) 997635721, 
1697) 997955738, 
1698) 998587280, 
1699) 998950063, 
1700) 998964722, 
1701) 1001546232, 
1702) 1003240654, 
1703) 1005559078, 
1704) 1005624293, 
1705) 1005860167, 
1706) 1005935266, 
1707) 1006260596, 
1708) 1006864438, 
1709) 1007882833, 
1710) 1007968895, 
1711) 1008164750, 
1712) 1008196160, 
1713) 1008925334, 
1714) 1009539644, 
1715) 1011271421, 
1716) 1011375257, 
1717) 1011770695, 
1718) 1011800724, 
1719) 1013000616, 
1720) 1013524112, 
1721) 1013854431, 
1722) 1014645963, 
1723) 1015229513, 
1724) 1015235290, 
1725) 1016405056, 
1726) 1017314198, 
1727) 1017851633, 
1728) 1019140535, 
1729) 1019403938, 
1730) 1019622583, 
1731) 1020188639, 
1732) 1020554856, 
1733) 1020758626, 
1734) 1021028307, 
1735) 1021589934, 
1736) 1021981247, 
1737) 1022090592, 
1738) 1022342380, 
1739) 1022610635, 
1740) 1022641293, 
1741) 1023181583, 
1742) 1023306488, 
1743) 1023528092, 
1744) 1024766029, 
1745) 1025380707, 
1746) 1026536388, 
1747) 1027153119, 
1748) 1027263047, 
1749) 1027409006, 
1750) 1027417180, 
1751) 1027596048, 
1752) 1028287749, 
1753) 1028292486, 
1754) 1028432279, 
1755) 1029385284, 
1756) 1029663622, 
1757) 1031474938, 
1758) 1032083183, 
1759) 1033051485, 
1760) 1033157340, 
1761) 1033580317, 
1762) 1033706890, 
1763) 1034522232, 
1764) 1034541781, 
1765) 1034748896, 
1766) 1035237166, 
1767) 1036126014, 
1768) 1036649731, 
1769) 1036700491, 
1770) 1037493748, 
1771) 1037975369, 
1772) 1039244900, 
1773) 1039501600, 
1774) 1039855075, 
1775) 1040232164, 
1776) 1040393232, 
1777) 1041041730, 
1778) 1041055020, 
1779) 1041521142, 
1780) 1042073933, 
1781) 1042154277, 
1782) 1042542703, 
1783) 1042990441, 
1784) 1043201368, 
1785) 1044251307, 
1786) 1045892908, 
1787) 1046539293, 
1788) 1046798363, 
1789) 1048909469, 
1790) 1050829970, 
1791) 1051948484, 
1792) 1052088853, 
1793) 1054413853, 
1794) 1055310748, 
1795) 1057793324, 
1796) 1057799012, 
1797) 1057962514, 
1798) 1058897251, 
1799) 1059583309, 
1800) 1059827541, 
1801) 1060620335, 
1802) 1060918051, 
1803) 1061665653, 
1804) 1061905354, 
1805) 1062179873, 
1806) 1062563541, 
1807) 1063287549, 
1808) 1063706428, 
1809) 1064332692, 
1810) 1064729457, 
1811) 1065473063, 
1812) 1066100498, 
1813) 1067880080, 
1814) 1068013771, 
1815) 1068594245, 
1816) 1068758122, 
1817) 1069518496, 
1818) 1069555720, 
1819) 1069611746, 
1820) 1070220940, 
1821) 1070637848, 
1822) 1071158605, 
1823) 1072548676, 
1824) 1072652943, 
1825) 1072698591, 
1826) 1072799928, 
1827) 1073253266, 
1828) 1074107233, 
1829) 1074726050, 
1830) 1075598295, 
1831) 1077120876, 
1832) 1077261941, 
1833) 1077580789, 
1834) 1077616708, 
1835) 1079481874, 
1836) 1079758234, 
1837) 1081479325, 
1838) 1081720755, 
1839) 1082319100, 
1840) 1082822346, 
1841) 1083196472, 
1842) 1083461541, 
1843) 1083878014, 
1844) 1084627898, 
1845) 1086769417, 
1846) 1087661930, 
1847) 1087897029, 
1848) 1088049069, 
1849) 1088333532, 
1850) 1089485620, 
1851) 1089814983, 
1852) 1090718661, 
1853) 1091015353, 
1854) 1091026654, 
1855) 1091453285, 
1856) 1091939316, 
1857) 1093375651, 
1858) 1093748237, 
1859) 1094212833, 
1860) 1094899441, 
1861) 1095460871, 
1862) 1095547658, 
1863) 1095823818, 
1864) 1096170407, 
1865) 1096725622, 
1866) 1098098653, 
1867) 1099428066, 
1868) 1099840510, 
1869) 1099911446, 
1870) 1099970322, 
1871) 1100325914, 
1872) 1100919740, 
1873) 1101452722, 
1874) 1102656332, 
1875) 1103671447, 
1876) 1104890008, 
1877) 1105478358, 
1878) 1107178247, 
1879) 1107180653, 
1880) 1107388124, 
1881) 1108358298, 
1882) 1108815096, 
1883) 1110088456, 
1884) 1110585980, 
1885) 1110586971, 
1886) 1110737612, 
1887) 1111017442, 
1888) 1112770451, 
1889) 1113712614, 
1890) 1113809591, 
1891) 1114431883, 
1892) 1114807003, 
1893) 1114836673, 
1894) 1115054448, 
1895) 1115577614, 
1896) 1115584779, 
1897) 1116218297, 
1898) 1117610438, 
1899) 1117669444, 
1900) 1117802112, 
1901) 1118307205, 
1902) 1118880946, 
1903) 1119352320, 
1904) 1120307499, 
1905) 1120485016, 
1906) 1120519314, 
1907) 1120782447, 
1908) 1121703578, 
1909) 1122108034, 
1910) 1123040979, 
1911) 1124863059, 
1912) 1126207168, 
1913) 1126225753, 
1914) 1126302529, 
1915) 1126505643, 
1916) 1126676734, 
1917) 1127426818, 
1918) 1127762297, 
1919) 1128376969, 
1920) 1131751954, 
1921) 1132015846, 
1922) 1132287872, 
1923) 1132579484, 
1924) 1132691395, 
1925) 1132838243, 
1926) 1133588695, 
1927) 1133669367, 
1928) 1134285773, 
1929) 1134443075, 
1930) 1134460308, 
1931) 1136717548, 
1932) 1137125080, 
1933) 1137314649, 
1934) 1138192478, 
1935) 1138303107, 
1936) 1138382056, 
1937) 1138529810, 
1938) 1138725132, 
1939) 1139647511, 
1940) 1142171422, 
1941) 1143069153, 
1942) 1144427358, 
1943) 1144545558, 
1944) 1144927826, 
1945) 1144940614, 
1946) 1145420589, 
1947) 1145491887, 
1948) 1146298800, 
1949) 1147107717, 
1950) 1148319472, 
1951) 1148529426, 
1952) 1148959626, 
1953) 1149001000, 
1954) 1150814851, 
1955) 1152194058, 
1956) 1152426465, 
1957) 1152769127, 
1958) 1153712333, 
1959) 1154194887, 
1960) 1154301280, 
1961) 1155810558, 
1962) 1156104759, 
1963) 1156902087, 
1964) 1156923023, 
1965) 1158428984, 
1966) 1159360882, 
1967) 1159522117, 
1968) 1160156958, 
1969) 1161244930, 
1970) 1161717023, 
1971) 1161810741, 
1972) 1162348123, 
1973) 1162959000, 
1974) 1164151572, 
1975) 1164219641, 
1976) 1164654904, 
1977) 1164781089, 
1978) 1164843191, 
1979) 1165271057, 
1980) 1165569281, 
1981) 1165938466, 
1982) 1166390723, 
1983) 1167818083, 
1984) 1168689389, 
1985) 1168709084, 
1986) 1168884944, 
1987) 1169263117, 
1988) 1169516615, 
1989) 1169731264, 
1990) 1169749114, 
1991) 1171066085, 
1992) 1171071792, 
1993) 1171102700, 
1994) 1172398996, 
1995) 1173175476, 
1996) 1173666437, 
1997) 1174531704, 
1998) 1175563414, 
1999) 1175800130, 
2000) 1175998568, 
2001) 1176054486, 
2002) 1176300247, 
2003) 1177030197, 
2004) 1177044766, 
2005) 1178050722, 
2006) 1178681110, 
2007) 1180726054, 
2008) 1182580271, 
2009) 1182617667, 
2010) 1182850880, 
2011) 1183263694, 
2012) 1183539310, 
2013) 1184084570, 
2014) 1184321733, 
2015) 1184867782, 
2016) 1185057180, 
2017) 1185899383, 
2018) 1186473296, 
2019) 1188107798, 
2020) 1191521435, 
2021) 1192195462, 
2022) 1192666672, 
2023) 1192962519, 
2024) 1192984291, 
2025) 1194494173, 
2026) 1194977049, 
2027) 1195814127, 
2028) 1195836100, 
2029) 1196329054, 
2030) 1197012764, 
2031) 1198394189, 
2032) 1200180526, 
2033) 1200845466, 
2034) 1201754180, 
2035) 1201819620, 
2036) 1203358588, 
2037) 1204003442, 
2038) 1204331554, 
2039) 1204777134, 
2040) 1205112782, 
2041) 1205362379, 
2042) 1206086964, 
2043) 1206853841, 
2044) 1207348546, 
2045) 1208618624, 
2046) 1209355399, 
2047) 1210372427, 
2048) 1210651022, 
2049) 1210707237, 
2050) 1211062031, 
2051) 1211840099, 
2052) 1214470199, 
2053) 1215166602, 
2054) 1216029939, 
2055) 1216955015, 
2056) 1217195445, 
2057) 1217377343, 
2058) 1219017472, 
2059) 1220035697, 
2060) 1220454308, 
2061) 1220626246, 
2062) 1220858730, 
2063) 1221019011, 
2064) 1221306662, 
2065) 1221340952, 
2066) 1221479726, 
2067) 1222034406, 
2068) 1222049120, 
2069) 1222243234, 
2070) 1222957065, 
2071) 1223173262, 
2072) 1223601778, 
2073) 1224568574, 
2074) 1224841601, 
2075) 1225340461, 
2076) 1225390590, 
2077) 1226467107, 
2078) 1226899876, 
2079) 1227328146, 
2080) 1228249477, 
2081) 1228953898, 
2082) 1229554585, 
2083) 1229866594, 
2084) 1231371057, 
2085) 1231449247, 
2086) 1231826918, 
2087) 1232072754, 
2088) 1232683480, 
2089) 1232848484, 
2090) 1233134281, 
2091) 1233224318, 
2092) 1233459431, 
2093) 1233482143, 
2094) 1236532037, 
2095) 1236678428, 
2096) 1237430349, 
2097) 1238252129, 
2098) 1238271010, 
2099) 1238999283, 
2100) 1239427233, 
2101) 1241108584, 
2102) 1241299194, 
2103) 1241846825, 
2104) 1242319534, 
2105) 1243910138, 
2106) 1244502276, 
2107) 1244929245, 
2108) 1245708624, 
2109) 1245854349, 
2110) 1246565250, 
2111) 1247202075, 
2112) 1247692354, 
2113) 1249493125, 
2114) 1249609754, 
2115) 1249927604, 
2116) 1249991723, 
2117) 1250656029, 
2118) 1250961325, 
2119) 1251130200, 
2120) 1251774023, 
2121) 1252023547, 
2122) 1254411362, 
2123) 1254696220, 
2124) 1256541079, 
2125) 1257294789, 
2126) 1257534025, 
2127) 1257787916, 
2128) 1258023795, 
2129) 1258413578, 
2130) 1258733371, 
2131) 1259253927, 
2132) 1259531367, 
2133) 1260952212, 
2134) 1261035808, 
2135) 1261425726, 
2136) 1261474679, 
2137) 1261560132, 
2138) 1261918882, 
2139) 1261927426, 
2140) 1262560306, 
2141) 1263252627, 
2142) 1263903510, 
2143) 1264032717, 
2144) 1265948098, 
2145) 1266310753, 
2146) 1266361505, 
2147) 1266484347, 
2148) 1268204294, 
2149) 1268544277, 
2150) 1268653074, 
2151) 1270045927, 
2152) 1270278113, 
2153) 1271097073, 
2154) 1271469450, 
2155) 1272075780, 
2156) 1274959265, 
2157) 1275951519, 
2158) 1276104760, 
2159) 1276872137, 
2160) 1279282939, 
2161) 1280203378, 
2162) 1281386197, 
2163) 1281440508, 
2164) 1281807207, 
2165) 1282632112, 
2166) 1282750846, 
2167) 1283183954, 
2168) 1284979206, 
2169) 1285669445, 
2170) 1285989595, 
2171) 1287346739, 
2172) 1288556682, 
2173) 1289320360, 
2174) 1289924828, 
2175) 1290000051, 
2176) 1290295446, 
2177) 1290320269, 
2178) 1290363047, 
2179) 1291312275, 
2180) 1291559125, 
2181) 1292008528, 
2182) 1292555016, 
2183) 1292692972, 
2184) 1294117931, 
2185) 1295490503, 
2186) 1296988850, 
2187) 1298111237, 
2188) 1298159343, 
2189) 1298520333, 
2190) 1299751461, 
2191) 1300248814, 
2192) 1300275815, 
2193) 1300293872, 
2194) 1300324083, 
2195) 1300691831, 
2196) 1301418183, 
2197) 1302145859, 
2198) 1302377660, 
2199) 1303037220, 
2200) 1303523687, 
2201) 1303605845, 
2202) 1304089096, 
2203) 1305392503, 
2204) 1305616789, 
2205) 1306555766, 
2206) 1307524117, 
2207) 1307922565, 
2208) 1309042165, 
2209) 1310361544, 
2210) 1310426340, 
2211) 1311049881, 
2212) 1311515435, 
2213) 1311695515, 
2214) 1311730000, 
2215) 1312196306, 
2216) 1312580318, 
2217) 1313111673, 
2218) 1315041413, 
2219) 1315157933, 
2220) 1315293791, 
2221) 1315647725, 
2222) 1315827765, 
2223) 1317035977, 
2224) 1317308781, 
2225) 1317574431, 
2226) 1318353327, 
2227) 1319098157, 
2228) 1319231094, 
2229) 1319602735, 
2230) 1319872594, 
2231) 1319948833, 
2232) 1320002655, 
2233) 1321355316, 
2234) 1321724742, 
2235) 1321971944, 
2236) 1323243068, 
2237) 1323544461, 
2238) 1324287472, 
2239) 1324476959, 
2240) 1325322809, 
2241) 1325594476, 
2242) 1325827988, 
2243) 1326605100, 
2244) 1326734454, 
2245) 1327554668, 
2246) 1328087435, 
2247) 1328316364, 
2248) 1328387484, 
2249) 1328819117, 
2250) 1329764963, 
2251) 1330207138, 
2252) 1330757344, 
2253) 1331543106, 
2254) 1331948689, 
2255) 1332016126, 
2256) 1332446627, 
2257) 1332893283, 
2258) 1333142812, 
2259) 1333409702, 
2260) 1334193770, 
2261) 1334406489, 
2262) 1334704972, 
2263) 1335707911, 
2264) 1337100630, 
2265) 1338534743, 
2266) 1339539260, 
2267) 1340297713, 
2268) 1340586335, 
2269) 1340871404, 
2270) 1341712280, 
2271) 1342687926, 
2272) 1344580892, 
2273) 1344896416, 
2274) 1345190840, 
2275) 1346577044, 
2276) 1347834619, 
2277) 1348697500, 
2278) 1348771147, 
2279) 1348883636, 
2280) 1349751905, 
2281) 1349884313, 
2282) 1350430489, 
2283) 1350789708, 
2284) 1351262221, 
2285) 1351525364, 
2286) 1351989364, 
2287) 1352217653, 
2288) 1352372621, 
2289) 1352549123, 
2290) 1354208322, 
2291) 1354758944, 
2292) 1354826098, 
2293) 1355577189, 
2294) 1357175625, 
2295) 1357526583, 
2296) 1357630747, 
2297) 1358077660, 
2298) 1359211889, 
2299) 1359954808, 
2300) 1360209940, 
2301) 1360622953, 
2302) 1361045096, 
2303) 1361152027, 
2304) 1362295715, 
2305) 1363294796, 
2306) 1364027302, 
2307) 1364471290, 
2308) 1364871315, 
2309) 1364949395, 
2310) 1365103931, 
2311) 1366618253, 
2312) 1368159926, 
2313) 1368653991, 
2314) 1368818484, 
2315) 1369212659, 
2316) 1369323998, 
2317) 1371249717, 
2318) 1371397334, 
2319) 1372147079, 
2320) 1372560397, 
2321) 1373063274, 
2322) 1373124061, 
2323) 1373448754, 
2324) 1373485711, 
2325) 1374551939, 
2326) 1376564766, 
2327) 1377387583, 
2328) 1377746362, 
2329) 1377986865, 
2330) 1378286750, 
2331) 1378323608, 
2332) 1378684540, 
2333) 1378917537, 
2334) 1379644116, 
2335) 1379900326, 
2336) 1380746529, 
2337) 1380884216, 
2338) 1380884389, 
2339) 1381044940, 
2340) 1382213064, 
2341) 1382989328, 
2342) 1383115983, 
2343) 1383145192, 
2344) 1384239323, 
2345) 1385344594, 
2346) 1385395508, 
2347) 1388240191, 
2348) 1388585038, 
2349) 1388803954, 
2350) 1389010295, 
2351) 1389722389, 
2352) 1389764740, 
2353) 1392778159, 
2354) 1394339717, 
2355) 1396211442, 
2356) 1396218901, 
2357) 1399017007, 
2358) 1399262301, 
2359) 1399323919, 
2360) 1399751498, 
2361) 1400137560, 
2362) 1400199540, 
2363) 1400272503, 
2364) 1402655277, 
2365) 1403088912, 
2366) 1403784367, 
2367) 1404941923, 
2368) 1405097845, 
2369) 1405550245, 
2370) 1406808366, 
2371) 1406892984, 
2372) 1407229528, 
2373) 1407784093, 
2374) 1407832121, 
2375) 1407942978, 
2376) 1409193359, 
2377) 1409380568, 
2378) 1410767485, 
2379) 1411020091, 
2380) 1411540910, 
2381) 1413317808, 
2382) 1413786021, 
2383) 1414552263, 
2384) 1415348866, 
2385) 1417534097, 
2386) 1418258607, 
2387) 1418445428, 
2388) 1418497791, 
2389) 1419466394, 
2390) 1420052467, 
2391) 1420164936, 
2392) 1420943390, 
2393) 1423033613, 
2394) 1423694112, 
2395) 1424349851, 
2396) 1424404363, 
2397) 1425006892, 
2398) 1425064247, 
2399) 1425158324, 
2400) 1425315381, 
2401) 1426334547, 
2402) 1426510590, 
2403) 1426786843, 
2404) 1427471607, 
2405) 1427841843, 
2406) 1428781933, 
2407) 1428827017, 
2408) 1429268280, 
2409) 1429310069, 
2410) 1429639382, 
2411) 1429776472, 
2412) 1429989011, 
2413) 1431866999, 
2414) 1432121139, 
2415) 1432223996, 
2416) 1432943815, 
2417) 1433456236, 
2418) 1433766388, 
2419) 1434798115, 
2420) 1435442356, 
2421) 1435771767, 
2422) 1436282003, 
2423) 1436754805, 
2424) 1437832137, 
2425) 1438439446, 
2426) 1439755219, 
2427) 1440154014, 
2428) 1440579561, 
2429) 1440619488, 
2430) 1440820543, 
2431) 1442087288, 
2432) 1442736029, 
2433) 1442857181, 
2434) 1442928418, 
2435) 1442962578, 
2436) 1443575720, 
2437) 1443690798, 
2438) 1444830576, 
2439) 1445314104, 
2440) 1445314959, 
2441) 1445826731, 
2442) 1447086482, 
2443) 1447125872, 
2444) 1448412383, 
2445) 1448424539, 
2446) 1449753472, 
2447) 1449777626, 
2448) 1450095952, 
2449) 1450247988, 
2450) 1450481113, 
2451) 1452358845, 
2452) 1452515985, 
2453) 1452705743, 
2454) 1452730222, 
2455) 1453120976, 
2456) 1453687670, 
2457) 1453796976, 
2458) 1453831099, 
2459) 1455262858, 
2460) 1456059862, 
2461) 1456563911, 
2462) 1457552144, 
2463) 1457623838, 
2464) 1458396063, 
2465) 1458725142, 
2466) 1459595341, 
2467) 1459985928, 
2468) 1460041191, 
2469) 1460726296, 
2470) 1460803087, 
2471) 1461433041, 
2472) 1461521186, 
2473) 1461797769, 
2474) 1462122195, 
2475) 1462649945, 
2476) 1463585166, 
2477) 1463954640, 
2478) 1466332528, 
2479) 1466438723, 
2480) 1466514932, 
2481) 1466548609, 
2482) 1467117650, 
2483) 1467864829, 
2484) 1468321713, 
2485) 1468462391, 
2486) 1468804592, 
2487) 1468897586, 
2488) 1469539921, 
2489) 1470086617, 
2490) 1470414885, 
2491) 1470979303, 
2492) 1472295042, 
2493) 1472307196, 
2494) 1472507899, 
2495) 1472632013, 
2496) 1474138588, 
2497) 1476882728, 
2498) 1477044586, 
2499) 1479015530, 
2500) 1479062216, 
2501) 1479165830, 
2502) 1480014220, 
2503) 1480368268, 
2504) 1480425802, 
2505) 1480660230, 
2506) 1480760892, 
2507) 1481407647, 
2508) 1481970519, 
2509) 1483284457, 
2510) 1484721403, 
2511) 1487136223, 
2512) 1488066135, 
2513) 1488104340, 
2514) 1488136684, 
2515) 1488137175, 
2516) 1488276197, 
2517) 1488589076, 
2518) 1489594143, 
2519) 1489987791, 
2520) 1491134194, 
2521) 1491613763, 
2522) 1493401499, 
2523) 1493913925, 
2524) 1494145986, 
2525) 1494953105, 
2526) 1495101987, 
2527) 1495142435, 
2528) 1496085779, 
2529) 1496123188, 
2530) 1496149795, 
2531) 1496581424, 
2532) 1496681874, 
2533) 1496932874, 
2534) 1497300764, 
2535) 1498251041, 
2536) 1498975793, 
2537) 1500320334, 
2538) 1500564706, 
2539) 1500970336, 
2540) 1502756699, 
2541) 1503107607, 
2542) 1503604762, 
2543) 1504496376, 
2544) 1506765762, 
2545) 1507033701, 
2546) 1507328350, 
2547) 1507714559, 
2548) 1508318771, 
2549) 1508605152, 
2550) 1511959737, 
2551) 1512345071, 
2552) 1513334391, 
2553) 1513348926, 
2554) 1513783995, 
2555) 1513925171, 
2556) 1515705807, 
2557) 1515988547, 
2558) 1517353769, 
2559) 1517718554, 
2560) 1519167831, 
2561) 1519193012, 
2562) 1519199848, 
2563) 1519559244, 
2564) 1519696768, 
2565) 1519839666, 
2566) 1522236297, 
2567) 1523666717, 
2568) 1523719412, 
2569) 1524282989, 
2570) 1524297230, 
2571) 1524503454, 
2572) 1524916219, 
2573) 1526130194, 
2574) 1526760107, 
2575) 1527273201, 
2576) 1527731915, 
2577) 1529021828, 
2578) 1529078869, 
2579) 1529327522, 
2580) 1529560727, 
2581) 1529775836, 
2582) 1529939831, 
2583) 1530378109, 
2584) 1530754102, 
2585) 1531244954, 
2586) 1531364487, 
2587) 1531675570, 
2588) 1532198339, 
2589) 1533799582, 
2590) 1534074067, 
2591) 1534165757, 
2592) 1534402112, 
2593) 1534571591, 
2594) 1534864981, 
2595) 1534995916, 
2596) 1535021169, 
2597) 1535548340, 
2598) 1536021476, 
2599) 1537331884, 
2600) 1540063053, 
2601) 1541387609, 
2602) 1541577076, 
2603) 1541728880, 
2604) 1544738043, 
2605) 1544889265, 
2606) 1545317304, 
2607) 1545701167, 
2608) 1547241781, 
2609) 1548469554, 
2610) 1548967211, 
2611) 1549141614, 
2612) 1550213677, 
2613) 1550297655, 
2614) 1551768330, 
2615) 1553232932, 
2616) 1554173390, 
2617) 1554698804, 
2618) 1556137996, 
2619) 1556888804, 
2620) 1557118877, 
2621) 1557548214, 
2622) 1557588586, 
2623) 1558220213, 
2624) 1559333264, 
2625) 1559773393, 
2626) 1559775830, 
2627) 1560529175, 
2628) 1560586090, 
2629) 1562004154, 
2630) 1563490899, 
2631) 1563823202, 
2632) 1564738522, 
2633) 1565498379, 
2634) 1565804331, 
2635) 1567164445, 
2636) 1567466417, 
2637) 1567567294, 
2638) 1567633885, 
2639) 1568537751, 
2640) 1569149988, 
2641) 1569824466, 
2642) 1569874215, 
2643) 1570246279, 
2644) 1571507889, 
2645) 1572711439, 
2646) 1573502802, 
2647) 1574022163, 
2648) 1575379672, 
2649) 1576726567, 
2650) 1577513874, 
2651) 1577709317, 
2652) 1578141071, 
2653) 1579799171, 
2654) 1580044208, 
2655) 1580548301, 
2656) 1580640717, 
2657) 1581046664, 
2658) 1581257001, 
2659) 1581500977, 
2660) 1581732436, 
2661) 1581810843, 
2662) 1583297802, 
2663) 1585031341, 
2664) 1585161385, 
2665) 1586096188, 
2666) 1587174221, 
2667) 1588557608, 
2668) 1588766871, 
2669) 1589752466, 
2670) 1590580651, 
2671) 1591371569, 
2672) 1592405744, 
2673) 1592831073, 
2674) 1593221341, 
2675) 1593435678, 
2676) 1594085592, 
2677) 1594478828, 
2678) 1594665524, 
2679) 1594862928, 
2680) 1594915480, 
2681) 1594982877, 
2682) 1595176687, 
2683) 1596089951, 
2684) 1596522855, 
2685) 1596745931, 
2686) 1597298601, 
2687) 1598173675, 
2688) 1598671302, 
2689) 1599232299, 
2690) 1599546792, 
2691) 1599698137, 
2692) 1600181951, 
2693) 1600310654, 
2694) 1600812119, 
2695) 1601070219, 
2696) 1602223239, 
2697) 1602463547, 
2698) 1602839212, 
2699) 1603113303, 
2700) 1603656903, 
2701) 1604018219, 
2702) 1604970977, 
2703) 1605754842, 
2704) 1605807101, 
2705) 1606506158, 
2706) 1606893554, 
2707) 1607873797, 
2708) 1610366776, 
2709) 1611110881, 
2710) 1611113256, 
2711) 1612465716, 
2712) 1612631046, 
2713) 1613305770, 
2714) 1614518126, 
2715) 1615439719, 
2716) 1615730479, 
2717) 1616809777, 
2718) 1616833723, 
2719) 1617874234, 
2720) 1617960699, 
2721) 1618952542, 
2722) 1618961500, 
2723) 1619147590, 
2724) 1620188531, 
2725) 1621004876, 
2726) 1621152767, 
2727) 1621353476, 
2728) 1623794959, 
2729) 1624399255, 
2730) 1624429228, 
2731) 1624885236, 
2732) 1625417247, 
2733) 1627586569, 
2734) 1627783855, 
2735) 1628227735, 
2736) 1628698972, 
2737) 1628851186, 
2738) 1630078355, 
2739) 1630792878, 
2740) 1630884183, 
2741) 1630947004, 
2742) 1631329712, 
2743) 1631447857, 
2744) 1632400433, 
2745) 1633602751, 
2746) 1634909827, 
2747) 1634924962, 
2748) 1635764587, 
2749) 1635823789, 
2750) 1636150321, 
2751) 1636221743, 
2752) 1636390071, 
2753) 1637923913, 
2754) 1638119565, 
2755) 1638194031, 
2756) 1638229896, 
2757) 1639074514, 
2758) 1639309511, 
2759) 1640701943, 
2760) 1640727455, 
2761) 1640999701, 
2762) 1640999804, 
2763) 1641374942, 
2764) 1641700100, 
2765) 1642307535, 
2766) 1643404889, 
2767) 1643506969, 
2768) 1643559510, 
2769) 1643596318, 
2770) 1643759356, 
2771) 1644007811, 
2772) 1644167135, 
2773) 1644578862, 
2774) 1645495088, 
2775) 1647028741, 
2776) 1647584012, 
2777) 1650430716, 
2778) 1650953809, 
2779) 1651173991, 
2780) 1652025035, 
2781) 1652340632, 
2782) 1652367265, 
2783) 1654845342, 
2784) 1655635658, 
2785) 1656269032, 
2786) 1657218047, 
2787) 1657312696, 
2788) 1657868522, 
2789) 1659010682, 
2790) 1659597346, 
2791) 1659905664, 
2792) 1661574289, 
2793) 1661600057, 
2794) 1661796664, 
2795) 1662418047, 
2796) 1662680189, 
2797) 1662959862, 
2798) 1665435864, 
2799) 1665645742, 
2800) 1666505718, 
2801) 1666517751, 
2802) 1666573206, 
2803) 1666656578, 
2804) 1666961455, 
2805) 1667151733, 
2806) 1667441316, 
2807) 1668136431, 
2808) 1668342993, 
2809) 1668344688, 
2810) 1668560212, 
2811) 1669673879, 
2812) 1670152682, 
2813) 1672275291, 
2814) 1672976799, 
2815) 1673082981, 
2816) 1673349003, 
2817) 1673488641, 
2818) 1674942048, 
2819) 1675251573, 
2820) 1676158135, 
2821) 1676810651, 
2822) 1677251800, 
2823) 1677830496, 
2824) 1678568880, 
2825) 1678980774, 
2826) 1679077191, 
2827) 1680306030, 
2828) 1680385012, 
2829) 1680469998, 
2830) 1680876977, 
2831) 1681908935, 
2832) 1682929682, 
2833) 1683535634, 
2834) 1684836256, 
2835) 1685994384, 
2836) 1686580771, 
2837) 1686996610, 
2838) 1687153724, 
2839) 1687326479, 
2840) 1688807573, 
2841) 1689302589, 
2842) 1689366733, 
2843) 1689369855, 
2844) 1691031839, 
2845) 1691530382, 
2846) 1691829944, 
2847) 1692403627, 
2848) 1693415518, 
2849) 1693590048, 
2850) 1693615528, 
2851) 1694058696, 
2852) 1694746415, 
2853) 1695040426, 
2854) 1695125990, 
2855) 1695405416, 
2856) 1697181614, 
2857) 1697432713, 
2858) 1697677263, 
2859) 1698341184, 
2860) 1701003942, 
2861) 1701457602, 
2862) 1701683330, 
2863) 1702798725, 
2864) 1703277236, 
2865) 1704221473, 
2866) 1707227224, 
2867) 1708031534, 
2868) 1710502410, 
2869) 1710960493, 
2870) 1711531566, 
2871) 1711749205, 
2872) 1712257063, 
2873) 1712487797, 
2874) 1715038139, 
2875) 1716417864, 
2876) 1717075006, 
2877) 1717924732, 
2878) 1717973210, 
2879) 1719167874, 
2880) 1719266957, 
2881) 1719492331, 
2882) 1719608878, 
2883) 1719651949, 
2884) 1721261953, 
2885) 1721404749, 
2886) 1722407822, 
2887) 1722741043, 
2888) 1723093882, 
2889) 1723904166, 
2890) 1724631624, 
2891) 1725359540, 
2892) 1726574972, 
2893) 1727052905, 
2894) 1727421787, 
2895) 1727541250, 
2896) 1727782046, 
2897) 1727942805, 
2898) 1731702121, 
2899) 1731823512, 
2900) 1732523627, 
2901) 1732556482, 
2902) 1733332895, 
2903) 1733498529, 
2904) 1733840093, 
2905) 1734083247, 
2906) 1734153149, 
2907) 1734397407, 
2908) 1734437932, 
2909) 1735490444, 
2910) 1735777977, 
2911) 1736700060, 
2912) 1736886200, 
2913) 1737217947, 
2914) 1737860972, 
2915) 1738595377, 
2916) 1740517725, 
2917) 1740849986, 
2918) 1741271873, 
2919) 1741614477, 
2920) 1742865174, 
2921) 1743293756, 
2922) 1743948292, 
2923) 1743952135, 
2924) 1745001447, 
2925) 1745368736, 
2926) 1746133316, 
2927) 1746194046, 
2928) 1746522914, 
2929) 1748174143, 
2930) 1748719110, 
2931) 1748996614, 
2932) 1749383646, 
2933) 1749482913, 
2934) 1750305362, 
2935) 1750827059, 
2936) 1750907973, 
2937) 1751259412, 
2938) 1751386181, 
2939) 1751636825, 
2940) 1751895804, 
2941) 1752834947, 
2942) 1753122290, 
2943) 1753298520, 
2944) 1753597389, 
2945) 1754120882, 
2946) 1754159674, 
2947) 1754586012, 
2948) 1755539006, 
2949) 1755672057, 
2950) 1757047564, 
2951) 1757248500, 
2952) 1757528474, 
2953) 1758065894, 
2954) 1758742705, 
2955) 1759877766, 
2956) 1759887548, 
2957) 1760026655, 
2958) 1760156998, 
2959) 1761035767, 
2960) 1762380856, 
2961) 1762649853, 
2962) 1763039938, 
2963) 1763947636, 
2964) 1764536176, 
2965) 1764796365, 
2966) 1764971903, 
2967) 1765319955, 
2968) 1765786468, 
2969) 1766476787, 
2970) 1766904597, 
2971) 1767099979, 
2972) 1767359640, 
2973) 1768548172, 
2974) 1768713002, 
2975) 1769424173, 
2976) 1769429437, 
2977) 1769733570, 
2978) 1769815236, 
2979) 1769850838, 
2980) 1769923444, 
2981) 1770710880, 
2982) 1771076479, 
2983) 1771304186, 
2984) 1771466368, 
2985) 1773214302, 
2986) 1773825635, 
2987) 1774611139, 
2988) 1775174727, 
2989) 1775316993, 
2990) 1777083687, 
2991) 1777423584, 
2992) 1777431545, 
2993) 1777572576, 
2994) 1778189959, 
2995) 1778252311, 
2996) 1779279721, 
2997) 1779937743, 
2998) 1780352922, 
2999) 1781492854, 
3000) 1781767334, 
3001) 1781786474, 
3002) 1783139831, 
3003) 1783245401, 
3004) 1783681949, 
3005) 1784410427, 
3006) 1784993460, 
3007) 1785505090, 
3008) 1786659300, 
3009) 1786809780, 
3010) 1787777675, 
3011) 1788582774, 
3012) 1789006617, 
3013) 1789203455, 
3014) 1789210180, 
3015) 1790889306, 
3016) 1791068919, 
3017) 1791137043, 
3018) 1791894605, 
3019) 1792218309, 
3020) 1792580955, 
3021) 1792787939, 
3022) 1792924651, 
3023) 1793529225, 
3024) 1794458611, 
3025) 1794479604, 
3026) 1794812316, 
3027) 1795158014, 
3028) 1795671623, 
3029) 1795957437, 
3030) 1796681830, 
3031) 1797537224, 
3032) 1798425746, 
3033) 1798672772, 
3034) 1798945971, 
3035) 1799711167, 
3036) 1799910968, 
3037) 1800011672, 
3038) 1800983534, 
3039) 1801460708, 
3040) 1802520578, 
3041) 1804978770, 
3042) 1805330280, 
3043) 1805768228, 
3044) 1806039911, 
3045) 1806115487, 
3046) 1806806234, 
3047) 1806961125, 
3048) 1807365392, 
3049) 1807475648, 
3050) 1807495869, 
3051) 1809939624, 
3052) 1811893274, 
3053) 1812261960, 
3054) 1813763908, 
3055) 1814006255, 
3056) 1814113525, 
3057) 1814483863, 
3058) 1814864718, 
3059) 1815036541, 
3060) 1816247425, 
3061) 1816706007, 
3062) 1817029105, 
3063) 1817053589, 
3064) 1817854689, 
3065) 1818161482, 
3066) 1818515109, 
3067) 1818646631, 
3068) 1818842523, 
3069) 1818963176, 
3070) 1818992271, 
3071) 1819790444, 
3072) 1820184009, 
3073) 1820328674, 
3074) 1820904415, 
3075) 1822803530, 
3076) 1823916761, 
3077) 1824552548, 
3078) 1824634437, 
3079) 1824895813, 
3080) 1825101739, 
3081) 1827042104, 
3082) 1827552519, 
3083) 1827626957, 
3084) 1828729710, 
3085) 1829093667, 
3086) 1830314959, 
3087) 1830380312, 
3088) 1831737399, 
3089) 1831791191, 
3090) 1833281941, 
3091) 1833566896, 
3092) 1834056941, 
3093) 1834544791, 
3094) 1834601924, 
3095) 1835015463, 
3096) 1836174956, 
3097) 1837169101, 
3098) 1837223693, 
3099) 1837522295, 
3100) 1837737313, 
3101) 1838265975, 
3102) 1839071765, 
3103) 1839456202, 
3104) 1840359335, 
3105) 1841785103, 
3106) 1842697963, 
3107) 1843706250, 
3108) 1844069660, 
3109) 1844090103, 
3110) 1844444245, 
3111) 1844760114, 
3112) 1845802055, 
3113) 1845910444, 
3114) 1846014577, 
3115) 1846998777, 
3116) 1847237493, 
3117) 1847942086, 
3118) 1848806196, 
3119) 1848814751, 
3120) 1849096307, 
3121) 1849197218, 
3122) 1849432554, 
3123) 1849674890, 
3124) 1849677627, 
3125) 1851059155, 
3126) 1851314525, 
3127) 1851339831, 
3128) 1852885865, 
3129) 1854519394, 
3130) 1854698290, 
3131) 1854735157, 
3132) 1854928549, 
3133) 1855352914, 
3134) 1856078916, 
3135) 1859678625, 
3136) 1859807364, 
3137) 1863681710, 
3138) 1863912174, 
3139) 1864645587, 
3140) 1865677902, 
3141) 1866018378, 
3142) 1866642624, 
3143) 1866724024, 
3144) 1867179954, 
3145) 1867809423, 
3146) 1868446946, 
3147) 1868598848, 
3148) 1869010153, 
3149) 1869056108, 
3150) 1869142427, 
3151) 1869830705, 
3152) 1870732093, 
3153) 1873524387, 
3154) 1874186171, 
3155) 1874209410, 
3156) 1874253011, 
3157) 1874347545, 
3158) 1874741481, 
3159) 1874896262, 
3160) 1875084170, 
3161) 1876244750, 
3162) 1877542000, 
3163) 1878209110, 
3164) 1878305765, 
3165) 1878527597, 
3166) 1879354217, 
3167) 1879718639, 
3168) 1879883257, 
3169) 1881152843, 
3170) 1881319563, 
3171) 1882140258, 
3172) 1883836064, 
3173) 1884104035, 
3174) 1884232684, 
3175) 1886181195, 
3176) 1886561389, 
3177) 1887491628, 
3178) 1887633687, 
3179) 1888087727, 
3180) 1888793662, 
3181) 1891578296, 
3182) 1891655945, 
3183) 1891677850, 
3184) 1893283668, 
3185) 1895311258, 
3186) 1897693314, 
3187) 1897842862, 
3188) 1898624983, 
3189) 1899381460, 
3190) 1899724721, 
3191) 1899971029, 
3192) 1900206484, 
3193) 1900367001, 
3194) 1900410060, 
3195) 1900423598, 
3196) 1901514428, 
3197) 1901991833, 
3198) 1902113356, 
3199) 1902211841, 
3200) 1902565115, 
3201) 1903649943, 
3202) 1904323964, 
3203) 1904354282, 
3204) 1905800498, 
3205) 1907483458, 
3206) 1907656247, 
3207) 1907944804, 
3208) 1909596985, 
3209) 1909792061, 
3210) 1910328556, 
3211) 1911835337, 
3212) 1912133641, 
3213) 1912631548, 
3214) 1912859231, 
3215) 1912896375, 
3216) 1913628601, 
3217) 1915165832, 
3218) 1915178216, 
3219) 1916736544, 
3220) 1917438799, 
3221) 1917762547, 
3222) 1918109037, 
3223) 1918517652, 
3224) 1918961262, 
3225) 1919969289, 
3226) 1920278686, 
3227) 1920534732, 
3228) 1920749592, 
3229) 1921419713, 
3230) 1921447716, 
3231) 1921568542, 
3232) 1921784440, 
3233) 1922004102, 
3234) 1922799440, 
3235) 1923259257, 
3236) 1923828181, 
3237) 1923905022, 
3238) 1924183066, 
3239) 1924237377, 
3240) 1924646041, 
3241) 1924661991, 
3242) 1924973035, 
3243) 1925827354, 
3244) 1927331491, 
3245) 1927697440, 
3246) 1928535931, 
3247) 1929224592, 
3248) 1930034680, 
3249) 1930727701, 
3250) 1930792937, 
3251) 1931074815, 
3252) 1931227212, 
3253) 1931343479, 
3254) 1931634572, 
3255) 1931805954, 
3256) 1931907670, 
3257) 1932051662, 
3258) 1933132240, 
3259) 1934132827, 
3260) 1935250310, 
3261) 1935990847, 
3262) 1938199059, 
3263) 1938230429, 
3264) 1938355740, 
3265) 1939697636, 
3266) 1939725009, 
3267) 1939871994, 
3268) 1941206579, 
3269) 1941591052, 
3270) 1941769064, 
3271) 1941929064, 
3272) 1942223615, 
3273) 1942316782, 
3274) 1942520778, 
3275) 1942931462, 
3276) 1943533034, 
3277) 1943644928, 
3278) 1944202004, 
3279) 1944440882, 
3280) 1945158377, 
3281) 1945490174, 
3282) 1945895777, 
3283) 1946887274, 
3284) 1947305439, 
3285) 1947855837, 
3286) 1947878794, 
3287) 1949060565, 
3288) 1949238995, 
3289) 1949633705, 
3290) 1950189818, 
3291) 1950873211, 
3292) 1951477230, 
3293) 1951741435, 
3294) 1952206385, 
3295) 1954157749, 
3296) 1954258119, 
3297) 1954652395, 
3298) 1954735078, 
3299) 1955872541, 
3300) 1955880297, 
3301) 1956909544, 
3302) 1957452548, 
3303) 1957507061, 
3304) 1957680153, 
3305) 1959020599, 
3306) 1959350655, 
3307) 1959704289, 
3308) 1960805624, 
3309) 1961395551, 
3310) 1961447343, 
3311) 1962028097, 
3312) 1962851029, 
3313) 1963424676, 
3314) 1964090497, 
3315) 1965365037, 
3316) 1965414901, 
3317) 1965603873, 
3318) 1966056864, 
3319) 1966374919, 
3320) 1966795377, 
3321) 1966996023, 
3322) 1967618522, 
3323) 1967809359, 
3324) 1968226868, 
3325) 1970206883, 
3326) 1971361676, 
3327) 1971382154, 
3328) 1971569313, 
3329) 1971571084, 
3330) 1974884345, 
3331) 1974908234, 
3332) 1975598143, 
3333) 1975675111, 
3334) 1977194747, 
3335) 1977891313, 
3336) 1978909792, 
3337) 1979037494, 
3338) 1980068601, 
3339) 1980125998, 
3340) 1980262380, 
3341) 1981066507, 
3342) 1981110268, 
3343) 1981685918, 
3344) 1982233812, 
3345) 1983301663, 
3346) 1983436773, 
3347) 1984484674, 
3348) 1984799160, 
3349) 1984862543, 
3350) 1984949692, 
3351) 1985744998, 
3352) 1985902349, 
3353) 1986697728, 
3354) 1986773594, 
3355) 1986802789, 
3356) 1986919149, 
3357) 1987055691, 
3358) 1987612175, 
3359) 1988164328, 
3360) 1988530815, 
3361) 1988596643, 
3362) 1988967536, 
3363) 1989210112, 
3364) 1989397231, 
3365) 1990636940, 
3366) 1991408285, 
3367) 1991962323, 
3368) 1992280677, 
3369) 1992807798, 
3370) 1993371148, 
3371) 1994876622, 
3372) 1995225685, 
3373) 1995445598, 
3374) 1995612115, 
3375) 1995931537, 
3376) 1996416649, 
3377) 1996529343, 
3378) 1996803366, 
3379) 1996923216, 
3380) 1997017188, 
3381) 1998685547, 
3382) 1999788342, 
3383) 1999907026, 
3384) 2000463296, 
3385) 2000793578, 
3386) 2001365581, 
3387) 2001394643, 
3388) 2002768712, 
3389) 2002898597, 
3390) 2005121934, 
3391) 2005275118, 
3392) 2006733724, 
3393) 2007823821, 
3394) 2008146954, 
3395) 2008899585, 
3396) 2009029161, 
3397) 2010854959, 
3398) 2012379617, 
3399) 2013456998, 
3400) 2014097035, 
3401) 2014250630, 
3402) 2014696903, 
3403) 2016075537, 
3404) 2017257685, 
3405) 2017514629, 
3406) 2018043692, 
3407) 2022036742, 
3408) 2022406949, 
3409) 2024042091, 
3410) 2024589663, 
3411) 2025389653, 
3412) 2028393527, 
3413) 2028975376, 
3414) 2029592231, 
3415) 2029595467, 
3416) 2031212117, 
3417) 2034765097, 
3418) 2035504148, 
3419) 2035678725, 
3420) 2035800704, 
3421) 2036441350, 
3422) 2036531976, 
3423) 2037329788, 
3424) 2037629114, 
3425) 2038118456, 
3426) 2038650338, 
3427) 2038945136, 
3428) 2039497777, 
3429) 2040314117, 
3430) 2040409017, 
3431) 2041098080, 
3432) 2041377721, 
3433) 2041572190, 
3434) 2041605096, 
3435) 2041772227, 
3436) 2042537677, 
3437) 2043785544, 
3438) 2043971735, 
3439) 2044320553, 
3440) 2044728053, 
3441) 2045852205, 
3442) 2046059001, 
3443) 2049396447, 
3444) 2050290812, 
3445) 2050354275, 
3446) 2050887996, 
3447) 2051008316, 
3448) 2051192757, 
3449) 2052027376, 
3450) 2052167666, 
3451) 2052213308, 
3452) 2053067510, 
3453) 2053320408, 
3454) 2054056533, 
3455) 2054791860, 
3456) 2056085050, 
3457) 2056174355, 
3458) 2056395286, 
3459) 2056714795, 
3460) 2057040293, 
3461) 2057928627, 
3462) 2058041900, 
3463) 2058064669, 
3464) 2059483234, 
3465) 2060965840, 
3466) 2062279547, 
3467) 2062529695, 
3468) 2063302694, 
3469) 2063383369, 
3470) 2063697342, 
3471) 2067408498, 
3472) 2068466403, 
3473) 2069060851, 
3474) 2069107534, 
3475) 2069413941, 
3476) 2069985918, 
3477) 2070529079, 
3478) 2071312468, 
3479) 2071389421, 
3480) 2071493989, 
3481) 2071820655, 
3482) 2073265771, 
3483) 2073716262, 
3484) 2074806950, 
3485) 2075871243, 
3486) 2075985601, 
3487) 2076324998, 
3488) 2077420655, 
3489) 2077776358, 
3490) 2078130947, 
3491) 2078143872, 
3492) 2079537860, 
3493) 2079995130, 
3494) 2080281416, 
3495) 2080559443, 
3496) 2083016569, 
3497) 2083788449, 
3498) 2084104808, 
3499) 2084741269, 
3500) 2086104153, 
3501) 2087521138, 
3502) 2088416005, 
3503) 2088602427, 
3504) 2089605160, 
3505) 2089638876, 
3506) 2090649973, 
3507) 2091623043, 
3508) 2091695546, 
3509) 2091960472, 
3510) 2092444218, 
3511) 2092778519, 
3512) 2093262248, 
3513) 2093336957, 
3514) 2093777838, 
3515) 2094627348, 
3516) 2095303534, 
3517) 2096352002, 
3518) 2096921923, 
3519) 2097452056, 
3520) 2099717193, 
3521) 2100201005, 
3522) 2100464194, 
3523) 2100665390, 
3524) 2100825875, 
3525) 2101582996, 
3526) 2103865382, 
3527) 2106129446, 
3528) 2107088575, 
3529) 2107314674, 
3530) 2107561780, 
3531) 2107797902, 
3532) 2107874009, 
3533) 2108336108, 
3534) 2108653537, 
3535) 2109971364, 
3536) 2111198320, 
3537) 2111293102, 
3538) 2112029943, 
3539) 2112064866, 
3540) 2113073225, 
3541) 2113344781, 
3542) 2114238064, 
3543) 2115126879, 
3544) 2115664808, 
3545) 2116150270, 
3546) 2117801673, 
3547) 2118002607, 
3548) 2118633428, 
3549) 2119157127, 
3550) 2119391515, 
3551) 2119427479, 
3552) 2119811568, 
3553) 2120001593, 
3554) 2120356710, 
3555) 2120569337, 
3556) 2120602354, 
3557) 2121418485, 
3558) 2121514262, 
3559) 2122378132, 
3560) 2125026475, 
3561) 2125238742, 
3562) 2126649233, 
3563) 2128344334, 
3564) 2128766925, 
3565) 2128877480, 
3566) 2129012336, 
3567) 2129039288, 
3568) 2130047307, 
3569) 2130151872, 
3570) 2131842188, 
3571) 2132226390, 
3572) 2132414393, 
3573) 2132564596, 
3574) 2133180049, 
3575) 2133591071, 
3576) 2135004488, 
3577) 2136053538, 
3578) 2136105894, 
3579) 2136271970, 
3580) 2136344495, 
3581) 2136403654, 
3582) 2137189742, 
3583) 2138185613, 
3584) 2139387646, 
3585) 2139794601, 
3586) 2140232102, 
3587) 2140432436, 
3588) 2141530251, 
3589) 2141651878, 
3590) 2142346920, 
3591) 2142795794, 
3592) 2143086076, 
3593) 2143470630, 
3594) 2144046636, 
3595) 2144088084, 
3596) 2144881477, 
3597) 2145420571, 
3598) 2145447040, 
3599) 2145558448, 
3600) 2146071858, 
3601) 2146099504, 
3602) 2147050127, 
3603) 2147711442, 
3604) 2147921319, 
3605) 2148306669, 
3606) 2150275103, 
3607) 2151031835, 
3608) 2151586978, 
3609) 2152139961, 
3610) 2152338380, 
3611) 2152355146, 
3612) 2152511296, 
3613) 2152617583, 
3614) 2152693684, 
3615) 2152703382, 
3616) 2152854114, 
3617) 2154063443, 
3618) 2154474548, 
3619) 2154543141, 
3620) 2154648838, 
3621) 2154655998, 
3622) 2155167771, 
3623) 2155727471, 
3624) 2155936523, 
3625) 2156664571, 
3626) 2156829306, 
3627) 2157250781, 
3628) 2157580157, 
3629) 2157838790, 
3630) 2159477426, 
3631) 2159906740, 
3632) 2159945833, 
3633) 2160183737, 
3634) 2160654406, 
3635) 2161739001, 
3636) 2162111800, 
3637) 2163092134, 
3638) 2163654871, 
3639) 2164156073, 
3640) 2164519827, 
3641) 2165071932, 
3642) 2166329039, 
3643) 2166409210, 
3644) 2166807803, 
3645) 2167761568, 
3646) 2167818342, 
3647) 2168023145, 
3648) 2168706911, 
3649) 2168802780, 
3650) 2169830541, 
3651) 2169916606, 
3652) 2171220605, 
3653) 2171752714, 
3654) 2171837159, 
3655) 2173017032, 
3656) 2173050099, 
3657) 2173657326, 
3658) 2173835254, 
3659) 2173901263, 
3660) 2174224938, 
3661) 2174717254, 
3662) 2174965614, 
3663) 2176142073, 
3664) 2176369420, 
3665) 2177031701, 
3666) 2178186983, 
3667) 2178934652, 
3668) 2179205120, 
3669) 2179873636, 
3670) 2180068739, 
3671) 2180263029, 
3672) 2180368871, 
3673) 2182697705, 
3674) 2182859088, 
3675) 2183521271, 
3676) 2183581382, 
3677) 2183767375, 
3678) 2184905474, 
3679) 2184919723, 
3680) 2185153779, 
3681) 2185435426, 
3682) 2187243707, 
3683) 2187525351, 
3684) 2188298306, 
3685) 2189163159, 
3686) 2189483276, 
3687) 2190961474, 
3688) 2191013854, 
3689) 2194400403, 
3690) 2195498632, 
3691) 2195557242, 
3692) 2196838312, 
3693) 2197310737, 
3694) 2197498948, 
3695) 2197630977, 
3696) 2198221324, 
3697) 2198719906, 
3698) 2198746955, 
3699) 2199325342, 
3700) 2199666915, 
3701) 2199712683, 
3702) 2200142750, 
3703) 2200176494, 
3704) 2202210961, 
3705) 2202628207, 
3706) 2202874687, 
3707) 2202916797, 
3708) 2203120877, 
3709) 2204239950, 
3710) 2204553984, 
3711) 2204784201, 
3712) 2205258383, 
3713) 2205391197, 
3714) 2206304742, 
3715) 2206646476, 
3716) 2206703860, 
3717) 2207082972, 
3718) 2207227454, 
3719) 2207724140, 
3720) 2208436090, 
3721) 2208449201, 
3722) 2208789546, 
3723) 2209097332, 
3724) 2210134163, 
3725) 2210421036, 
3726) 2211599164, 
3727) 2212516659, 
3728) 2213151858, 
3729) 2215238644, 
3730) 2217586516, 
3731) 2217895296, 
3732) 2219682160, 
3733) 2223375821, 
3734) 2223476264, 
3735) 2223659879, 
3736) 2223833037, 
3737) 2223998910, 
3738) 2224458536, 
3739) 2224536955, 
3740) 2224711262, 
3741) 2225305047, 
3742) 2225552606, 
3743) 2226031384, 
3744) 2226141816, 
3745) 2227854265, 
3746) 2227858422, 
3747) 2228370135, 
3748) 2228436639, 
3749) 2228443484, 
3750) 2228649773, 
3751) 2229265626, 
3752) 2229418940, 
3753) 2231318251, 
3754) 2233785171, 
3755) 2234398747, 
3756) 2234524608, 
3757) 2234796352, 
3758) 2236006092, 
3759) 2236448566, 
3760) 2236584275, 
3761) 2238521115, 
3762) 2239598284, 
3763) 2240815630, 
3764) 2241179396, 
3765) 2241238406, 
3766) 2241655767, 
3767) 2241659938, 
3768) 2241727825, 
3769) 2241760388, 
3770) 2241953981, 
3771) 2242010005, 
3772) 2242370576, 
3773) 2243261267, 
3774) 2243503948, 
3775) 2244331243, 
3776) 2244663301, 
3777) 2244873580, 
3778) 2245278740, 
3779) 2247154866, 
3780) 2247703343, 
3781) 2248588832, 
3782) 2248684457, 
3783) 2248693542, 
3784) 2250175847, 
3785) 2250700149, 
3786) 2252032662, 
3787) 2252806615, 
3788) 2253513766, 
3789) 2253910269, 
3790) 2254257729, 
3791) 2254893763, 
3792) 2255168746, 
3793) 2256852172, 
3794) 2257295808, 
3795) 2257376003, 
3796) 2257522948, 
3797) 2258902877, 
3798) 2259104069, 
3799) 2260007121, 
3800) 2260007940, 
3801) 2261407768, 
3802) 2261619133, 
3803) 2262452196, 
3804) 2262560786, 
3805) 2262620491, 
3806) 2262847447, 
3807) 2263182936, 
3808) 2264153530, 
3809) 2264708893, 
3810) 2267082258, 
3811) 2267380150, 
3812) 2267822932, 
3813) 2268690301, 
3814) 2269094037, 
3815) 2270277660, 
3816) 2270767697, 
3817) 2270964898, 
3818) 2271342192, 
3819) 2272159054, 
3820) 2273117284, 
3821) 2273854542, 
3822) 2274991039, 
3823) 2275185980, 
3824) 2275907387, 
3825) 2275939151, 
3826) 2276462092, 
3827) 2276494310, 
3828) 2276566443, 
3829) 2276770195, 
3830) 2276947985, 
3831) 2277475332, 
3832) 2277895296, 
3833) 2278096038, 
3834) 2278099095, 
3835) 2278449559, 
3836) 2278667135, 
3837) 2278683129, 
3838) 2278824554, 
3839) 2279512050, 
3840) 2281472475, 
3841) 2281784275, 
3842) 2282233495, 
3843) 2282830743, 
3844) 2282986690, 
3845) 2283342936, 
3846) 2283363035, 
3847) 2283850365, 
3848) 2285761013, 
3849) 2285799873, 
3850) 2286828195, 
3851) 2287120109, 
3852) 2287434490, 
3853) 2288013204, 
3854) 2288630649, 
3855) 2288859339, 
3856) 2289135151, 
3857) 2289182745, 
3858) 2289949262, 
3859) 2290274539, 
3860) 2290797223, 
3861) 2290797607, 
3862) 2290966090, 
3863) 2291750920, 
3864) 2292402525, 
3865) 2294861104, 
3866) 2296218296, 
3867) 2296234912, 
3868) 2296440937, 
3869) 2296898847, 
3870) 2297435503, 
3871) 2298321638, 
3872) 2298438028, 
3873) 2298768217, 
3874) 2298937107, 
3875) 2299716760, 
3876) 2300788774, 
3877) 2301125902, 
3878) 2301612707, 
3879) 2301905505, 
3880) 2304608531, 
3881) 2304668402, 
3882) 2304899707, 
3883) 2305496189, 
3884) 2305699108, 
3885) 2305863601, 
3886) 2307437834, 
3887) 2307969632, 
3888) 2308354588, 
3889) 2308481924, 
3890) 2308825211, 
3891) 2309401900, 
3892) 2309782499, 
3893) 2309969071, 
3894) 2311012345, 
3895) 2311276410, 
3896) 2312213026, 
3897) 2313344600, 
3898) 2313786710, 
3899) 2313906819, 
3900) 2314994613, 
3901) 2315655382, 
3902) 2316421277, 
3903) 2316615819, 
3904) 2317030737, 
3905) 2317319845, 
3906) 2317432991, 
3907) 2318062621, 
3908) 2318626740, 
3909) 2318637391, 
3910) 2318979226, 
3911) 2319060050, 
3912) 2319681342, 
3913) 2320865817, 
3914) 2320936987, 
3915) 2320990640, 
3916) 2321883894, 
3917) 2322802599, 
3918) 2322833101, 
3919) 2323203814, 
3920) 2323848241, 
3921) 2324217775, 
3922) 2324838634, 
3923) 2325426924, 
3924) 2326477926, 
3925) 2328156052, 
3926) 2328682556, 
3927) 2329057863, 
3928) 2329511708, 
3929) 2329917235, 
3930) 2331071824, 
3931) 2332452463, 
3932) 2333016917, 
3933) 2333093267, 
3934) 2334067861, 
3935) 2334479432, 
3936) 2335934607, 
3937) 2336892994, 
3938) 2337735192, 
3939) 2339227805, 
3940) 2339549440, 
3941) 2339624574, 
3942) 2339886610, 
3943) 2340651325, 
3944) 2340885420, 
3945) 2341331350, 
3946) 2341417929, 
3947) 2341497471, 
3948) 2341774984, 
3949) 2342054378, 
3950) 2343003156, 
3951) 2343147504, 
3952) 2343445105, 
3953) 2343745362, 
3954) 2344669257, 
3955) 2345647899, 
3956) 2346116546, 
3957) 2346532813, 
3958) 2346748389, 
3959) 2347274862, 
3960) 2347411209, 
3961) 2348237212, 
3962) 2349712040, 
3963) 2349848855, 
3964) 2350127649, 
3965) 2350370313, 
3966) 2350878314, 
3967) 2351487209, 
3968) 2351549130, 
3969) 2351797880, 
3970) 2351838948, 
3971) 2352245155, 
3972) 2352518578, 
3973) 2352832555, 
3974) 2352861961, 
3975) 2353780408, 
3976) 2354882414, 
3977) 2355859031, 
3978) 2355974243, 
3979) 2356172534, 
3980) 2356743838, 
3981) 2356985653, 
3982) 2357341539, 
3983) 2358575035, 
3984) 2358619626, 
3985) 2359071135, 
3986) 2359119512, 
3987) 2359752583, 
3988) 2360375273, 
3989) 2360530092, 
3990) 2360823307, 
3991) 2361146030, 
3992) 2361360631, 
3993) 2363840971, 
3994) 2363959874, 
3995) 2364615509, 
3996) 2366032346, 
3997) 2366054852, 
3998) 2366425819, 
3999) 2367020649, 
4000) 2367653342, 
4001) 2368912873, 
4002) 2368913726, 
4003) 2369276048, 
4004) 2369677682, 
4005) 2369796995, 
4006) 2370402219, 
4007) 2371386415, 
4008) 2372061262, 
4009) 2372824298, 
4010) 2373434741, 
4011) 2373669354, 
4012) 2373916046, 
4013) 2374277112, 
4014) 2374383243, 
4015) 2375502762, 
4016) 2375985845, 
4017) 2377226967, 
4018) 2377370101, 
4019) 2377804193, 
4020) 2378412249, 
4021) 2380868899, 
4022) 2381211364, 
4023) 2381676426, 
4024) 2381828252, 
4025) 2382336052, 
4026) 2382469019, 
4027) 2383775606, 
4028) 2383986665, 
4029) 2384228782, 
4030) 2384510720, 
4031) 2385785345, 
4032) 2389904744, 
4033) 2390107283, 
4034) 2390796993, 
4035) 2391139892, 
4036) 2391863848, 
4037) 2392102565, 
4038) 2392299035, 
4039) 2394463849, 
4040) 2395219756, 
4041) 2395695608, 
4042) 2395766689, 
4043) 2395949218, 
4044) 2395952392, 
4045) 2396010843, 
4046) 2396201335, 
4047) 2396826240, 
4048) 2399000755, 
4049) 2399635701, 
4050) 2400038759, 
4051) 2401627165, 
4052) 2401878322, 
4053) 2402050860, 
4054) 2402422428, 
4055) 2402456993, 
4056) 2402517393, 
4057) 2403058443, 
4058) 2403060885, 
4059) 2403716881, 
4060) 2403962524, 
4061) 2404609073, 
4062) 2405282156, 
4063) 2405900110, 
4064) 2406007963, 
4065) 2406580725, 
4066) 2407218697, 
4067) 2408727005, 
4068) 2409035340, 
4069) 2409186341, 
4070) 2409445761, 
4071) 2409492880, 
4072) 2410582112, 
4073) 2410857457, 
4074) 2412412123, 
4075) 2412493087, 
4076) 2413111736, 
4077) 2413253586, 
4078) 2413258024, 
4079) 2413389715, 
4080) 2413635659, 
4081) 2414211876, 
4082) 2414458213, 
4083) 2415028280, 
4084) 2416452434, 
4085) 2416487744, 
4086) 2417107809, 
4087) 2418579343, 
4088) 2418938482, 
4089) 2420259768, 
4090) 2421515029, 
4091) 2421561211, 
4092) 2421610140, 
4093) 2421760431, 
4094) 2421857165, 
4095) 2423660196, 
4096) 2424144255, 
4097) 2424683031, 
4098) 2425051863, 
4099) 2425540097, 
4100) 2425874098, 
4101) 2426641093, 
4102) 2427105150, 
4103) 2427544212, 
4104) 2428433463, 
4105) 2428962611, 
4106) 2429891361, 
4107) 2430059243, 
4108) 2431148577, 
4109) 2431182705, 
4110) 2431728916, 
4111) 2432555301, 
4112) 2435134839, 
4113) 2436544072, 
4114) 2436786425, 
4115) 2437940150, 
4116) 2438815470, 
4117) 2438873418, 
4118) 2439086478, 
4119) 2439186770, 
4120) 2439221374, 
4121) 2441293563, 
4122) 2441796708, 
4123) 2443038858, 
4124) 2443260460, 
4125) 2443554753, 
4126) 2443610432, 
4127) 2444921152, 
4128) 2446496246, 
4129) 2446500449, 
4130) 2446566668, 
4131) 2446582003, 
4132) 2447171296, 
4133) 2447885711, 
4134) 2448676679, 
4135) 2449155249, 
4136) 2449534997, 
4137) 2449572828, 
4138) 2452060803, 
4139) 2452634190, 
4140) 2452817414, 
4141) 2455636408, 
4142) 2456063299, 
4143) 2458042236, 
4144) 2458326839, 
4145) 2458470789, 
4146) 2458819199, 
4147) 2460388091, 
4148) 2461252820, 
4149) 2461552886, 
4150) 2462089842, 
4151) 2463198220, 
4152) 2464152784, 
4153) 2464315450, 
4154) 2465468012, 
4155) 2465773562, 
4156) 2466438203, 
4157) 2467453494, 
4158) 2469600605, 
4159) 2469994744, 
4160) 2470541009, 
4161) 2470866596, 
4162) 2472220347, 
4163) 2472416864, 
4164) 2474744796, 
4165) 2475129524, 
4166) 2476238253, 
4167) 2476376436, 
4168) 2476940464, 
4169) 2477104773, 
4170) 2477739424, 
4171) 2477809933, 
4172) 2478466331, 
4173) 2479161743, 
4174) 2479290090, 
4175) 2480998639, 
4176) 2481176425, 
4177) 2481839583, 
4178) 2482240538, 
4179) 2483446679, 
4180) 2484561701, 
4181) 2484639698, 
4182) 2484871938, 
4183) 2485216340, 
4184) 2485792182, 
4185) 2485967921, 
4186) 2486684795, 
4187) 2486941476, 
4188) 2487192500, 
4189) 2487710169, 
4190) 2488438328, 
4191) 2488466883, 
4192) 2489212059, 
4193) 2489238915, 
4194) 2489298874, 
4195) 2490433189, 
4196) 2491023657, 
4197) 2491035551, 
4198) 2492074880, 
4199) 2492092356, 
4200) 2492334846, 
4201) 2492429466, 
4202) 2494303042, 
4203) 2495066846, 
4204) 2496365203, 
4205) 2496432612, 
4206) 2496676991, 
4207) 2496777458, 
4208) 2497319283, 
4209) 2498066545, 
4210) 2499452870, 
4211) 2499637975, 
4212) 2500055312, 
4213) 2500488851, 
4214) 2500986059, 
4215) 2502177704, 
4216) 2502981746, 
4217) 2503366707, 
4218) 2504638842, 
4219) 2504811110, 
4220) 2506076508, 
4221) 2506079684, 
4222) 2507571398, 
4223) 2507792397, 
4224) 2508285458, 
4225) 2509334936, 
4226) 2509829918, 
4227) 2511191137, 
4228) 2511453684, 
4229) 2512667550, 
4230) 2516198842, 
4231) 2516608466, 
4232) 2516928387, 
4233) 2517408191, 
4234) 2517561459, 
4235) 2517866562, 
4236) 2518240055, 
4237) 2518558253, 
4238) 2519217151, 
4239) 2520131495, 
4240) 2520351476, 
4241) 2521018907, 
4242) 2521076147, 
4243) 2521313493, 
4244) 2521545282, 
4245) 2521631549, 
4246) 2521825332, 
4247) 2521839659, 
4248) 2523000762, 
4249) 2523327622, 
4250) 2524073853, 
4251) 2524490328, 
4252) 2524730917, 
4253) 2525601604, 
4254) 2526308789, 
4255) 2526316714, 
4256) 2527631148, 
4257) 2528307083, 
4258) 2528397208, 
4259) 2529778528, 
4260) 2530032997, 
4261) 2530102692, 
4262) 2531147889, 
4263) 2531656621, 
4264) 2531856258, 
4265) 2532472112, 
4266) 2532788569, 
4267) 2533382119, 
4268) 2534315040, 
4269) 2535311952, 
4270) 2535417284, 
4271) 2536151914, 
4272) 2536217503, 
4273) 2536323602, 
4274) 2536748226, 
4275) 2536893464, 
4276) 2537636972, 
4277) 2540077802, 
4278) 2540708320, 
4279) 2541996532, 
4280) 2542235193, 
4281) 2542639792, 
4282) 2543314406, 
4283) 2543909328, 
4284) 2544295445, 
4285) 2544426582, 
4286) 2544474660, 
4287) 2544576359, 
4288) 2546759845, 
4289) 2547103763, 
4290) 2549097843, 
4291) 2549306554, 
4292) 2549789090, 
4293) 2550348691, 
4294) 2550439727, 
4295) 2550704361, 
4296) 2551170612, 
4297) 2551775245, 
4298) 2551883142, 
4299) 2552350445, 
4300) 2552695040, 
4301) 2552826687, 
4302) 2552844271, 
4303) 2553926604, 
4304) 2554433292, 
4305) 2554454001, 
4306) 2554600473, 
4307) 2555313147, 
4308) 2555666555, 
4309) 2555765340, 
4310) 2556072223, 
4311) 2556917117, 
4312) 2557723283, 
4313) 2558132141, 
4314) 2558284671, 
4315) 2559078777, 
4316) 2559282207, 
4317) 2559851830, 
4318) 2559904731, 
4319) 2559941212, 
4320) 2560370004, 
4321) 2560885454, 
4322) 2561767587, 
4323) 2563024157, 
4324) 2564459255, 
4325) 2564637467, 
4326) 2565161677, 
4327) 2565361284, 
4328) 2566035383, 
4329) 2566185495, 
4330) 2566292535, 
4331) 2566550943, 
4332) 2566739328, 
4333) 2566847239, 
4334) 2566869628, 
4335) 2567043426, 
4336) 2567114891, 
4337) 2567574215, 
4338) 2568288106, 
4339) 2568890043, 
4340) 2568970388, 
4341) 2569180372, 
4342) 2572333419, 
4343) 2573272295, 
4344) 2573534983, 
4345) 2574135281, 
4346) 2574323548, 
4347) 2575063335, 
4348) 2575357339, 
4349) 2577229307, 
4350) 2577384022, 
4351) 2577462325, 
4352) 2579420119, 
4353) 2582707341, 
4354) 2582813950, 
4355) 2584012278, 
4356) 2584813802, 
4357) 2585437479, 
4358) 2587018634, 
4359) 2587521941, 
4360) 2588192944, 
4361) 2589692754, 
4362) 2590272471, 
4363) 2590642600, 
4364) 2590693886, 
4365) 2591799843, 
4366) 2591819171, 
4367) 2592105787, 
4368) 2592591808, 
4369) 2592685185, 
4370) 2593109750, 
4371) 2594553562, 
4372) 2596018591, 
4373) 2596219383, 
4374) 2596379662, 
4375) 2597022200, 
4376) 2597861641, 
4377) 2600328955, 
4378) 2603812441, 
4379) 2604039684, 
4380) 2604976302, 
4381) 2606086079, 
4382) 2606766525, 
4383) 2607212487, 
4384) 2607690143, 
4385) 2607766882, 
4386) 2608335486, 
4387) 2608537805, 
4388) 2610364745, 
4389) 2610671321, 
4390) 2611250095, 
4391) 2611263588, 
4392) 2612240722, 
4393) 2612311434, 
4394) 2612395738, 
4395) 2612410206, 
4396) 2612694427, 
4397) 2613063361, 
4398) 2613144198, 
4399) 2613300919, 
4400) 2613824084, 
4401) 2614632009, 
4402) 2614897539, 
4403) 2615868840, 
4404) 2616480141, 
4405) 2617184565, 
4406) 2618056996, 
4407) 2619552040, 
4408) 2619620700, 
4409) 2619741418, 
4410) 2621345272, 
4411) 2621971170, 
4412) 2623112305, 
4413) 2624155751, 
4414) 2625228749, 
4415) 2625691968, 
4416) 2626390633, 
4417) 2627267876, 
4418) 2628296758, 
4419) 2629640051, 
4420) 2630933634, 
4421) 2631403220, 
4422) 2631482097, 
4423) 2633505052, 
4424) 2634201451, 
4425) 2634369269, 
4426) 2635406883, 
4427) 2636139429, 
4428) 2636285430, 
4429) 2636473918, 
4430) 2636552663, 
4431) 2636594414, 
4432) 2637153059, 
4433) 2637275289, 
4434) 2638879179, 
4435) 2639391703, 
4436) 2639754338, 
4437) 2640570171, 
4438) 2642985076, 
4439) 2644196904, 
4440) 2644234343, 
4441) 2647648340, 
4442) 2650213385, 
4443) 2651918132, 
4444) 2651933828, 
4445) 2653109217, 
4446) 2653468073, 
4447) 2654226382, 
4448) 2654421971, 
4449) 2654861883, 
4450) 2655045842, 
4451) 2655660907, 
4452) 2655996941, 
4453) 2656868379, 
4454) 2657508351, 
4455) 2658342275, 
4456) 2662100642, 
4457) 2662341208, 
4458) 2662489859, 
4459) 2663434912, 
4460) 2663472488, 
4461) 2663514035, 
4462) 2664337878, 
4463) 2665972326, 
4464) 2666541104, 
4465) 2667031597, 
4466) 2667809462, 
4467) 2668843312, 
4468) 2668937190, 
4469) 2669106718, 
4470) 2669560031, 
4471) 2670060392, 
4472) 2670065919, 
4473) 2670184701, 
4474) 2670459332, 
4475) 2671030724, 
4476) 2671288778, 
4477) 2671834619, 
4478) 2671887714, 
4479) 2672314967, 
4480) 2673767964, 
4481) 2674790999, 
4482) 2675536435, 
4483) 2676435193, 
4484) 2676958372, 
4485) 2677420842, 
4486) 2678301935, 
4487) 2678871672, 
4488) 2679597132, 
4489) 2679620302, 
4490) 2679839222, 
4491) 2680374284, 
4492) 2680497027, 
4493) 2681580225, 
4494) 2681589737, 
4495) 2681617912, 
4496) 2681806952, 
4497) 2682220691, 
4498) 2682917234, 
4499) 2684469880, 
4500) 2684481580, 
4501) 2684616863, 
4502) 2685124885, 
4503) 2685557358, 
4504) 2685575983, 
4505) 2685895529, 
4506) 2686012859, 
4507) 2686304850, 
4508) 2686337307, 
4509) 2687497356, 
4510) 2687892143, 
4511) 2687920532, 
4512) 2689189879, 
4513) 2689693983, 
4514) 2690374337, 
4515) 2690389095, 
4516) 2690961188, 
4517) 2695463301, 
4518) 2696325881, 
4519) 2698369575, 
4520) 2699065628, 
4521) 2699378789, 
4522) 2699852057, 
4523) 2699973683, 
4524) 2700533180, 
4525) 2700614579, 
4526) 2701208325, 
4527) 2701937921, 
4528) 2702254965, 
4529) 2702786212, 
4530) 2702941813, 
4531) 2703091791, 
4532) 2704284316, 
4533) 2704665805, 
4534) 2705131396, 
4535) 2705672597, 
4536) 2707104328, 
4537) 2708536110, 
4538) 2710598656, 
4539) 2711155540, 
4540) 2711302333, 
4541) 2711596608, 
4542) 2711649570, 
4543) 2711655319, 
4544) 2712317361, 
4545) 2712945779, 
4546) 2713212061, 
4547) 2713785102, 
4548) 2713839251, 
4549) 2714044169, 
4550) 2714406656, 
4551) 2714744737, 
4552) 2717720692, 
4553) 2718149660, 
4554) 2718308253, 
4555) 2718386696, 
4556) 2718473195, 
4557) 2719096644, 
4558) 2720128354, 
4559) 2721649426, 
4560) 2724465903, 
4561) 2724906063, 
4562) 2725553664, 
4563) 2725776949, 
4564) 2727859006, 
4565) 2729381129, 
4566) 2730435283, 
4567) 2730884716, 
4568) 2731115472, 
4569) 2731156728, 
4570) 2731885262, 
4571) 2732414805, 
4572) 2733100425, 
4573) 2733418780, 
4574) 2733670594, 
4575) 2733941987, 
4576) 2734726189, 
4577) 2735049895, 
4578) 2735564844, 
4579) 2737327382, 
4580) 2738475291, 
4581) 2738622422, 
4582) 2738622613, 
4583) 2738854615, 
4584) 2740547471, 
4585) 2741337007, 
4586) 2741716239, 
4587) 2743351638, 
4588) 2744295068, 
4589) 2744847694, 
4590) 2746604760, 
4591) 2747264686, 
4592) 2748427253, 
4593) 2748898237, 
4594) 2749700778, 
4595) 2750521961, 
4596) 2750871743, 
4597) 2750878656, 
4598) 2751247008, 
4599) 2751373424, 
4600) 2752322321, 
4601) 2752729855, 
4602) 2752774396, 
4603) 2754324793, 
4604) 2755070355, 
4605) 2755245390, 
4606) 2755935531, 
4607) 2756692031, 
4608) 2756953013, 
4609) 2757533672, 
4610) 2758221810, 
4611) 2758361950, 
4612) 2759931082, 
4613) 2760170006, 
4614) 2761833989, 
4615) 2762314688, 
4616) 2762408368, 
4617) 2762939271, 
4618) 2763629024, 
4619) 2763740271, 
4620) 2763990231, 
4621) 2764616876, 
4622) 2764642124, 
4623) 2764894931, 
4624) 2765348178, 
4625) 2765494803, 
4626) 2765623694, 
4627) 2766556266, 
4628) 2766656203, 
4629) 2766660980, 
4630) 2767436437, 
4631) 2768226979, 
4632) 2768434415, 
4633) 2768792465, 
4634) 2769615674, 
4635) 2769757448, 
4636) 2769838205, 
4637) 2769955208, 
4638) 2770058922, 
4639) 2770943183, 
4640) 2771076146, 
4641) 2771743668, 
4642) 2772731363, 
4643) 2773100787, 
4644) 2773113783, 
4645) 2773672776, 
4646) 2773751366, 
4647) 2774273522, 
4648) 2774553421, 
4649) 2775024540, 
4650) 2775209633, 
4651) 2775649235, 
4652) 2775810257, 
4653) 2775897478, 
4654) 2775983040, 
4655) 2776925711, 
4656) 2777007509, 
4657) 2777403352, 
4658) 2778638854, 
4659) 2779271353, 
4660) 2780353276, 
4661) 2780906843, 
4662) 2780939731, 
4663) 2781314029, 
4664) 2782000538, 
4665) 2782072820, 
4666) 2782403752, 
4667) 2782451083, 
4668) 2784558723, 
4669) 2784999590, 
4670) 2785381407, 
4671) 2785602095, 
4672) 2785869411, 
4673) 2787429048, 
4674) 2790638870, 
4675) 2791386562, 
4676) 2792223775, 
4677) 2792516770, 
4678) 2792898396, 
4679) 2793303438, 
4680) 2793600600, 
4681) 2793969959, 
4682) 2794059629, 
4683) 2794086639, 
4684) 2794947351, 
4685) 2795242093, 
4686) 2795392407, 
4687) 2795925552, 
4688) 2796876237, 
4689) 2797670769, 
4690) 2797677352, 
4691) 2797745444, 
4692) 2798977849, 
4693) 2799603489, 
4694) 2800321119, 
4695) 2800387061, 
4696) 2801230176, 
4697) 2803501257, 
4698) 2803877911, 
4699) 2804292520, 
4700) 2804700630, 
4701) 2805030915, 
4702) 2805086584, 
4703) 2805242850, 
4704) 2805885249, 
4705) 2806094783, 
4706) 2806486677, 
4707) 2806688335, 
4708) 2807013234, 
4709) 2807490170, 
4710) 2808168557, 
4711) 2808345749, 
4712) 2809205866, 
4713) 2811243910, 
4714) 2811970999, 
4715) 2812100715, 
4716) 2813925127, 
4717) 2813946728, 
4718) 2814138738, 
4719) 2814670813, 
4720) 2814787845, 
4721) 2815090455, 
4722) 2815153095, 
4723) 2815165127, 
4724) 2815543055, 
4725) 2817115819, 
4726) 2818019880, 
4727) 2818173420, 
4728) 2819267762, 
4729) 2819833107, 
4730) 2820727126, 
4731) 2820827788, 
4732) 2822358232, 
4733) 2822578442, 
4734) 2823915477, 
4735) 2824727643, 
4736) 2824810983, 
4737) 2825318461, 
4738) 2825624753, 
4739) 2826212168, 
4740) 2827339406, 
4741) 2827640532, 
4742) 2827656041, 
4743) 2828769884, 
4744) 2829017852, 
4745) 2829604348, 
4746) 2829671288, 
4747) 2829841911, 
4748) 2830939622, 
4749) 2831670527, 
4750) 2832035350, 
4751) 2832202654, 
4752) 2832939766, 
4753) 2833372953, 
4754) 2834899490, 
4755) 2835516152, 
4756) 2835868447, 
4757) 2835985563, 
4758) 2837008891, 
4759) 2840316164, 
4760) 2840607962, 
4761) 2841114266, 
4762) 2841702381, 
4763) 2842781008, 
4764) 2842917102, 
4765) 2843679912, 
4766) 2844099666, 
4767) 2845566026, 
4768) 2846931227, 
4769) 2848142217, 
4770) 2848171651, 
4771) 2848931183, 
4772) 2849300777, 
4773) 2849835482, 
4774) 2850390509, 
4775) 2850390693, 
4776) 2852487661, 
4777) 2852770784, 
4778) 2853748094, 
4779) 2853967133, 
4780) 2854302560, 
4781) 2856363339, 
4782) 2857097509, 
4783) 2859338367, 
4784) 2859995969, 
4785) 2860743580, 
4786) 2861114289, 
4787) 2861283656, 
4788) 2861292860, 
4789) 2861562492, 
4790) 2862071954, 
4791) 2862833118, 
4792) 2865421746, 
4793) 2866451127, 
4794) 2867342697, 
4795) 2867591999, 
4796) 2869108904, 
4797) 2869189677, 
4798) 2869726735, 
4799) 2870393026, 
4800) 2870828191, 
4801) 2871287976, 
4802) 2871916222, 
4803) 2872548941, 
4804) 2872555253, 
4805) 2872998932, 
4806) 2873426420, 
4807) 2873631654, 
4808) 2874329473, 
4809) 2875652806, 
4810) 2875787860, 
4811) 2876000884, 
4812) 2877518602, 
4813) 2878200926, 
4814) 2878761986, 
4815) 2878826016, 
4816) 2879350365, 
4817) 2879442768, 
4818) 2879616854, 
4819) 2880654421, 
4820) 2880975480, 
4821) 2881555213, 
4822) 2882001442, 
4823) 2883841756, 
4824) 2884349434, 
4825) 2884899211, 
4826) 2885045586, 
4827) 2885441050, 
4828) 2885988421, 
4829) 2886327539, 
4830) 2887158222, 
4831) 2887179101, 
4832) 2887866615, 
4833) 2888008078, 
4834) 2888452953, 
4835) 2888894045, 
4836) 2889535925, 
4837) 2889723678, 
4838) 2889857486, 
4839) 2890290491, 
4840) 2891084309, 
4841) 2891159008, 
4842) 2892328904, 
4843) 2893300216, 
4844) 2893388613, 
4845) 2894824068, 
4846) 2895447925, 
4847) 2895574575, 
4848) 2895592945, 
4849) 2896204520, 
4850) 2897265348, 
4851) 2897886069, 
4852) 2898395796, 
4853) 2899925341, 
4854) 2900672147, 
4855) 2900939014, 
4856) 2903781359, 
4857) 2904041047, 
4858) 2904403671, 
4859) 2906213455, 
4860) 2906291783, 
4861) 2906606207, 
4862) 2906781850, 
4863) 2906948723, 
4864) 2907856175, 
4865) 2910283361, 
4866) 2910388039, 
4867) 2910654246, 
4868) 2911053140, 
4869) 2912792944, 
4870) 2913641497, 
4871) 2914677790, 
4872) 2915867223, 
4873) 2916466921, 
4874) 2916937238, 
4875) 2919774855, 
4876) 2920702214, 
4877) 2920916373, 
4878) 2921178222, 
4879) 2921251670, 
4880) 2921421733, 
4881) 2921868134, 
4882) 2922117416, 
4883) 2922841755, 
4884) 2923446773, 
4885) 2923985246, 
4886) 2925321609, 
4887) 2926180358, 
4888) 2928293546, 
4889) 2928977575, 
4890) 2929809119, 
4891) 2930061762, 
4892) 2930241589, 
4893) 2930861662, 
4894) 2931067191, 
4895) 2932075625, 
4896) 2932540440, 
4897) 2932856790, 
4898) 2932997632, 
4899) 2934172825, 
4900) 2934635449, 
4901) 2935297103, 
4902) 2936008523, 
4903) 2936383063, 
4904) 2938474209, 
4905) 2939715065, 
4906) 2940812835, 
4907) 2941618552, 
4908) 2941687554, 
4909) 2942141671, 
4910) 2942230032, 
4911) 2942826304, 
4912) 2943360300, 
4913) 2943506828, 
4914) 2945052503, 
4915) 2945349942, 
4916) 2946511076, 
4917) 2946768120, 
4918) 2948646983, 
4919) 2948752926, 
4920) 2949859492, 
4921) 2950333904, 
4922) 2950504195, 
4923) 2950653135, 
4924) 2950786261, 
4925) 2951376313, 
4926) 2951988226, 
4927) 2952121603, 
4928) 2952492981, 
4929) 2952493816, 
4930) 2952915965, 
4931) 2953464465, 
4932) 2953789914, 
4933) 2954985852, 
4934) 2956094732, 
4935) 2956109060, 
4936) 2956435696, 
4937) 2956551273, 
4938) 2956619601, 
4939) 2957611897, 
4940) 2959916925, 
4941) 2961030151, 
4942) 2961681418, 
4943) 2962828798, 
4944) 2963533688, 
4945) 2964032706, 
4946) 2965178996, 
4947) 2967029867, 
4948) 2969908190, 
4949) 2970564730, 
4950) 2970636659, 
4951) 2971546593, 
4952) 2972016654, 
4953) 2972030398, 
4954) 2972539888, 
4955) 2972664619, 
4956) 2972668177, 
4957) 2974119591, 
4958) 2974954194, 
4959) 2975236578, 
4960) 2975562848, 
4961) 2975957564, 
4962) 2976795449, 
4963) 2977176996, 
4964) 2977420420, 
4965) 2978533988, 
4966) 2980104342, 
4967) 2980645692, 
4968) 2982286252, 
4969) 2982415321, 
4970) 2983346795, 
4971) 2983365211, 
4972) 2983419325, 
4973) 2984367259, 
4974) 2985691156, 
4975) 2985840397, 
4976) 2985944862, 
4977) 2986197815, 
4978) 2986234266, 
4979) 2986406092, 
4980) 2986950835, 
4981) 2986991411, 
4982) 2987321748, 
4983) 2988701130, 
4984) 2989383912, 
4985) 2990011215, 
4986) 2990234685, 
4987) 2991557084, 
4988) 2991595129, 
4989) 2992318583, 
4990) 2992396886, 
4991) 2994251801, 
4992) 2994446227, 
4993) 2994894045, 
4994) 2995518509, 
4995) 2996340330, 
4996) 2996448146, 
4997) 2996789219, 
4998) 2996891816, 
4999) 2997220679, 
