Number of elements is 1000
Type of array is reversed
Sorting algorithm - radix
Running time of sorting algorithm is 1088ms
0) 5530475, 
1) 8195662, 
2) 10180183, 
3) 10960099, 
4) 11160099, 
5) 17727019, 
6) 18167327, 
7) 24839915, 
8) 34604795, 
9) 34868851, 
10) 38175048, 
11) 40053187, 
12) 40829717, 
13) 42442833, 
14) 44119240, 
15) 45612692, 
16) 48847118, 
17) 49158203, 
18) 49730382, 
19) 55360904, 
20) 56969675, 
21) 59134967, 
22) 60577398, 
23) 61681727, 
24) 64922281, 
25) 65667242, 
26) 67925146, 
27) 70014514, 
28) 72341410, 
29) 76571296, 
30) 78019641, 
31) 78549105, 
32) 81531137, 
33) 83181174, 
34) 83684474, 
35) 84725968, 
36) 85891919, 
37) 87370031, 
38) 88641261, 
39) 90104277, 
40) 95541953, 
41) 96884384, 
42) 97118438, 
43) 99147124, 
44) 103072382, 
45) 105122676, 
46) 107897126, 
47) 110135070, 
48) 110681313, 
49) 110816511, 
50) 119767004, 
51) 123881161, 
52) 124475516, 
53) 129536487, 
54) 132729411, 
55) 133026459, 
56) 137908638, 
57) 145912201, 
58) 151178241, 
59) 154965438, 
60) 160748241, 
61) 160869144, 
62) 162191231, 
63) 167257992, 
64) 169285835, 
65) 169861330, 
66) 174503376, 
67) 177266961, 
68) 178966015, 
69) 181642956, 
70) 184259204, 
71) 187192598, 
72) 191196771, 
73) 192317859, 
74) 192670766, 
75) 194088588, 
76) 194225356, 
77) 195267739, 
78) 201698547, 
79) 204273744, 
80) 209101141, 
81) 214289958, 
82) 215660549, 
83) 215880761, 
84) 216866482, 
85) 218923674, 
86) 219288946, 
87) 227963335, 
88) 228113575, 
89) 229344560, 
90) 231885569, 
91) 235790611, 
92) 239600030, 
93) 239715048, 
94) 244297019, 
95) 245347801, 
96) 253169081, 
97) 254007274, 
98) 255007319, 
99) 255874273, 
100) 259625508, 
101) 263240223, 
102) 263403066, 
103) 265889794, 
104) 266540586, 
105) 266586057, 
106) 267476716, 
107) 269903792, 
108) 270975526, 
109) 271225096, 
110) 272706106, 
111) 274103121, 
112) 285319350, 
113) 288367438, 
114) 289021437, 
115) 291210593, 
116) 295675915, 
117) 298116881, 
118) 300013689, 
119) 302083447, 
120) 302487454, 
121) 304059175, 
122) 314049375, 
123) 333125747, 
124) 335481067, 
125) 336150678, 
126) 338663726, 
127) 342373158, 
128) 344050776, 
129) 346364797, 
130) 349314718, 
131) 349864143, 
132) 353134549, 
133) 353892068, 
134) 359990431, 
135) 360931298, 
136) 364824555, 
137) 365927911, 
138) 376513292, 
139) 377773756, 
140) 382866954, 
141) 387031208, 
142) 388713799, 
143) 391068962, 
144) 394016222, 
145) 397606871, 
146) 398305343, 
147) 400505988, 
148) 405309435, 
149) 409161470, 
150) 409296819, 
151) 411628630, 
152) 411825692, 
153) 413279009, 
154) 413774354, 
155) 414579071, 
156) 415224119, 
157) 417640493, 
158) 419038855, 
159) 424259044, 
160) 430312358, 
161) 440629382, 
162) 442684625, 
163) 448450349, 
164) 448653837, 
165) 451655123, 
166) 454024869, 
167) 458292601, 
168) 459471866, 
169) 462425191, 
170) 463872028, 
171) 464025028, 
172) 466841758, 
173) 467341868, 
174) 467658696, 
175) 468810826, 
176) 470273722, 
177) 471213405, 
178) 473982917, 
179) 474658138, 
180) 477693181, 
181) 482038743, 
182) 482194305, 
183) 491171665, 
184) 492926692, 
185) 494610430, 
186) 494913743, 
187) 497392646, 
188) 500461174, 
189) 502108787, 
190) 504992001, 
191) 505732728, 
192) 508334383, 
193) 511259047, 
194) 512079336, 
195) 512789472, 
196) 514303023, 
197) 515962940, 
198) 518052703, 
199) 518107637, 
200) 520596383, 
201) 524400651, 
202) 531150846, 
203) 531307486, 
204) 531411005, 
205) 534633666, 
206) 534926173, 
207) 535098385, 
208) 541048262, 
209) 543929501, 
210) 547181908, 
211) 549969903, 
212) 553371429, 
213) 555881893, 
214) 557198523, 
215) 558388561, 
216) 561531272, 
217) 568067291, 
218) 570846788, 
219) 573784873, 
220) 575867231, 
221) 577623575, 
222) 578418765, 
223) 587689774, 
224) 588233488, 
225) 590649050, 
226) 592052932, 
227) 592860881, 
228) 592896358, 
229) 593536238, 
230) 626253332, 
231) 626459230, 
232) 628641025, 
233) 635464916, 
234) 637322655, 
235) 638881366, 
236) 641349968, 
237) 645289792, 
238) 646830681, 
239) 648009271, 
240) 651143744, 
241) 654689810, 
242) 656556520, 
243) 658052397, 
244) 660488188, 
245) 661571891, 
246) 666935101, 
247) 670484225, 
248) 675880036, 
249) 676678380, 
250) 680177042, 
251) 680563296, 
252) 682183820, 
253) 683725831, 
254) 684270954, 
255) 684410575, 
256) 699432253, 
257) 701396829, 
258) 702626552, 
259) 707031869, 
260) 714937725, 
261) 715853944, 
262) 718500754, 
263) 718989778, 
264) 729898212, 
265) 730875242, 
266) 732894694, 
267) 734052467, 
268) 736431927, 
269) 737522449, 
270) 744596259, 
271) 752308844, 
272) 757195065, 
273) 758230556, 
274) 763086376, 
275) 764716333, 
276) 765867136, 
277) 770726629, 
278) 776937925, 
279) 783857328, 
280) 789502733, 
281) 790728418, 
282) 791917068, 
283) 804608555, 
284) 804719094, 
285) 808229073, 
286) 808592399, 
287) 808754223, 
288) 817421303, 
289) 819180543, 
290) 823159968, 
291) 828860786, 
292) 830697324, 
293) 833507012, 
294) 834024331, 
295) 835004283, 
296) 837353636, 
297) 840491267, 
298) 841631930, 
299) 842048885, 
300) 842615346, 
301) 844055298, 
302) 845123110, 
303) 848602924, 
304) 849359551, 
305) 855116587, 
306) 858169454, 
307) 859415001, 
308) 868459080, 
309) 871070151, 
310) 872782292, 
311) 873215059, 
312) 873960469, 
313) 875091778, 
314) 880793856, 
315) 882415900, 
316) 886281355, 
317) 887690190, 
318) 894049642, 
319) 895800701, 
320) 896432398, 
321) 897091052, 
322) 899956031, 
323) 907120125, 
324) 910331943, 
325) 910678687, 
326) 910811356, 
327) 921679736, 
328) 926726536, 
329) 928534106, 
330) 931911735, 
331) 936379335, 
332) 940614101, 
333) 952702668, 
334) 956115928, 
335) 957502872, 
336) 959562180, 
337) 964553664, 
338) 968278048, 
339) 983897520, 
340) 991791208, 
341) 993459020, 
342) 998990974, 
343) 1001888789, 
344) 1003012186, 
345) 1006214878, 
346) 1007624261, 
347) 1015190419, 
348) 1018420140, 
349) 1019576911, 
350) 1024640606, 
351) 1027673107, 
352) 1027978309, 
353) 1029828186, 
354) 1032413908, 
355) 1034958672, 
356) 1037592552, 
357) 1038176087, 
358) 1039107839, 
359) 1040447463, 
360) 1045242509, 
361) 1053155978, 
362) 1054551816, 
363) 1066425638, 
364) 1066793372, 
365) 1067793966, 
366) 1069407920, 
367) 1070025467, 
368) 1073249729, 
369) 1077396739, 
370) 1078926486, 
371) 1079971566, 
372) 1081758845, 
373) 1086212791, 
374) 1088999522, 
375) 1091359700, 
376) 1091383484, 
377) 1093235996, 
378) 1097406666, 
379) 1100873253, 
380) 1107224433, 
381) 1109900413, 
382) 1122388180, 
383) 1123014966, 
384) 1124831596, 
385) 1131242225, 
386) 1136115486, 
387) 1136279585, 
388) 1137845484, 
389) 1144740356, 
390) 1149403169, 
391) 1163387630, 
392) 1169084734, 
393) 1169472529, 
394) 1170048725, 
395) 1171712938, 
396) 1175962832, 
397) 1176792633, 
398) 1180156680, 
399) 1182631450, 
400) 1183715487, 
401) 1184469182, 
402) 1185487464, 
403) 1186672986, 
404) 1186772682, 
405) 1191181799, 
406) 1198536266, 
407) 1199606650, 
408) 1201452069, 
409) 1203740871, 
410) 1203802914, 
411) 1204673148, 
412) 1204682105, 
413) 1206060663, 
414) 1208449808, 
415) 1211369585, 
416) 1211872709, 
417) 1212111746, 
418) 1217433417, 
419) 1217775252, 
420) 1217917989, 
421) 1226607957, 
422) 1233668244, 
423) 1235530016, 
424) 1238887952, 
425) 1246853627, 
426) 1248363934, 
427) 1249429362, 
428) 1252521126, 
429) 1253939421, 
430) 1256110521, 
431) 1259296052, 
432) 1266935163, 
433) 1279366272, 
434) 1279437608, 
435) 1280483442, 
436) 1283792423, 
437) 1285213858, 
438) 1289478081, 
439) 1289756069, 
440) 1293811174, 
441) 1300459185, 
442) 1302491246, 
443) 1303450904, 
444) 1310488703, 
445) 1311541367, 
446) 1312939355, 
447) 1325045770, 
448) 1325313234, 
449) 1329475522, 
450) 1331555798, 
451) 1331668841, 
452) 1331767976, 
453) 1332365668, 
454) 1333709193, 
455) 1334205849, 
456) 1335671933, 
457) 1344731577, 
458) 1344803734, 
459) 1350764500, 
460) 1357292177, 
461) 1369986594, 
462) 1370634330, 
463) 1377573333, 
464) 1380606219, 
465) 1386548126, 
466) 1389954175, 
467) 1393964078, 
468) 1394228825, 
469) 1398226983, 
470) 1398712397, 
471) 1399518934, 
472) 1399853622, 
473) 1400202720, 
474) 1402222365, 
475) 1404147350, 
476) 1406966728, 
477) 1411244872, 
478) 1414346865, 
479) 1414768939, 
480) 1417331788, 
481) 1418244627, 
482) 1418945570, 
483) 1420865528, 
484) 1427342303, 
485) 1430267355, 
486) 1436186840, 
487) 1436323227, 
488) 1436329950, 
489) 1442236193, 
490) 1445474255, 
491) 1446230062, 
492) 1448043480, 
493) 1450580406, 
494) 1456947680, 
495) 1457922268, 
496) 1463126837, 
497) 1464713501, 
498) 1464751573, 
499) 1468528898, 
500) 1471703705, 
501) 1472788354, 
502) 1477156098, 
503) 1477234590, 
504) 1477633515, 
505) 1478372975, 
506) 1486900331, 
507) 1492769851, 
508) 1493435312, 
509) 1500219957, 
510) 1506655815, 
511) 1511641675, 
512) 1512403372, 
513) 1512525327, 
514) 1513833549, 
515) 1517243556, 
516) 1518606315, 
517) 1519848024, 
518) 1528157753, 
519) 1529350032, 
520) 1529574230, 
521) 1531353755, 
522) 1540686955, 
523) 1542723546, 
524) 1543461168, 
525) 1543729125, 
526) 1548956854, 
527) 1550227549, 
528) 1556771711, 
529) 1556836839, 
530) 1556961083, 
531) 1559053745, 
532) 1560693710, 
533) 1561868360, 
534) 1564219211, 
535) 1565451988, 
536) 1567992943, 
537) 1570583103, 
538) 1573013613, 
539) 1575256480, 
540) 1578472126, 
541) 1585240814, 
542) 1586338030, 
543) 1586598919, 
544) 1594247692, 
545) 1595209529, 
546) 1599786324, 
547) 1602095304, 
548) 1605785222, 
549) 1609840917, 
550) 1617904396, 
551) 1619525379, 
552) 1620349859, 
553) 1620754496, 
554) 1620811597, 
555) 1621044276, 
556) 1624051157, 
557) 1624217197, 
558) 1630370153, 
559) 1631320048, 
560) 1631775862, 
561) 1632687495, 
562) 1639135188, 
563) 1645355751, 
564) 1646638663, 
565) 1648642003, 
566) 1649274029, 
567) 1649746777, 
568) 1651423547, 
569) 1658627802, 
570) 1666643669, 
571) 1670729608, 
572) 1671926827, 
573) 1672925071, 
574) 1680640414, 
575) 1682444390, 
576) 1685340817, 
577) 1688005472, 
578) 1689342876, 
579) 1689435584, 
580) 1690263024, 
581) 1691894386, 
582) 1695596599, 
583) 1708160421, 
584) 1708232928, 
585) 1710258377, 
586) 1712411131, 
587) 1717620667, 
588) 1733778579, 
589) 1739230120, 
590) 1740648609, 
591) 1749730638, 
592) 1750138209, 
593) 1750189837, 
594) 1751198557, 
595) 1752611451, 
596) 1754709365, 
597) 1755733091, 
598) 1760138142, 
599) 1761898677, 
600) 1762766687, 
601) 1763573013, 
602) 1769829820, 
603) 1771931709, 
604) 1773487355, 
605) 1775575416, 
606) 1776733595, 
607) 1778137744, 
608) 1779042263, 
609) 1782296534, 
610) 1789730007, 
611) 1796373020, 
612) 1798770644, 
613) 1801898738, 
614) 1804702790, 
615) 1817518225, 
616) 1818484636, 
617) 1818783974, 
618) 1824182580, 
619) 1826320193, 
620) 1828129286, 
621) 1829572825, 
622) 1832191760, 
623) 1837160931, 
624) 1837629707, 
625) 1838214741, 
626) 1838458961, 
627) 1838633243, 
628) 1844941538, 
629) 1845046296, 
630) 1845143388, 
631) 1846373950, 
632) 1852558029, 
633) 1852697259, 
634) 1853015940, 
635) 1856808930, 
636) 1864186396, 
637) 1868156062, 
638) 1869544661, 
639) 1870422507, 
640) 1871135248, 
641) 1873647817, 
642) 1875470967, 
643) 1880943691, 
644) 1881326291, 
645) 1881538611, 
646) 1883091030, 
647) 1885865457, 
648) 1889468650, 
649) 1890019163, 
650) 1891946076, 
651) 1896769080, 
652) 1898432847, 
653) 1901957897, 
654) 1902244841, 
655) 1902455290, 
656) 1903662873, 
657) 1904936873, 
658) 1906557188, 
659) 1906893691, 
660) 1907339154, 
661) 1914044925, 
662) 1915328706, 
663) 1915435975, 
664) 1916116620, 
665) 1918753357, 
666) 1929565054, 
667) 1939664421, 
668) 1939981493, 
669) 1944008628, 
670) 1945213371, 
671) 1951198027, 
672) 1952716352, 
673) 1962925333, 
674) 1967399364, 
675) 1971815075, 
676) 1972743669, 
677) 1974374803, 
678) 1975221610, 
679) 1979487341, 
680) 1979943664, 
681) 1981216987, 
682) 1984091437, 
683) 1988021582, 
684) 1989233768, 
685) 1998001958, 
686) 2002062294, 
687) 2002642088, 
688) 2010298833, 
689) 2012612907, 
690) 2013980730, 
691) 2014030864, 
692) 2015271134, 
693) 2015522363, 
694) 2016499643, 
695) 2022923326, 
696) 2024412369, 
697) 2025619413, 
698) 2027146702, 
699) 2029419960, 
700) 2033674989, 
701) 2034029386, 
702) 2034109984, 
703) 2035244114, 
704) 2040795123, 
705) 2045099661, 
706) 2045126523, 
707) 2046280944, 
708) 2050391297, 
709) 2054971347, 
710) 2056991128, 
711) 2060008534, 
712) 2068032260, 
713) 2068319795, 
714) 2071008014, 
715) 2071369231, 
716) 2071916050, 
717) 2075764592, 
718) 2076385958, 
719) 2077461644, 
720) 2079219314, 
721) 2080775703, 
722) 2082202044, 
723) 2093193333, 
724) 2099547386, 
725) 2106718605, 
726) 2114354002, 
727) 2114819852, 
728) 2115845615, 
729) 2117824427, 
730) 2119907829, 
731) 2127337221, 
732) 2128169542, 
733) 2135153821, 
734) 2136425930, 
735) 2138893194, 
736) 2140322548, 
737) 2148129204, 
738) 2151385368, 
739) 2153702914, 
740) 2155730590, 
741) 2160231671, 
742) 2161852784, 
743) 2162314421, 
744) 2163700016, 
745) 2166540467, 
746) 2166910833, 
747) 2172445661, 
748) 2173894581, 
749) 2183010853, 
750) 2184171955, 
751) 2188310251, 
752) 2190059471, 
753) 2192571702, 
754) 2194732463, 
755) 2196708881, 
756) 2202297625, 
757) 2202726910, 
758) 2203540299, 
759) 2203665346, 
760) 2204937271, 
761) 2205674803, 
762) 2210076686, 
763) 2216787659, 
764) 2229731060, 
765) 2230937181, 
766) 2234833944, 
767) 2239003423, 
768) 2241756321, 
769) 2242116581, 
770) 2246894830, 
771) 2247065671, 
772) 2259257138, 
773) 2261544356, 
774) 2263918247, 
775) 2266398061, 
776) 2269695298, 
777) 2275252281, 
778) 2277149138, 
779) 2280880625, 
780) 2283395821, 
781) 2286831647, 
782) 2293112727, 
783) 2293779440, 
784) 2301159479, 
785) 2301860881, 
786) 2305365535, 
787) 2313519549, 
788) 2313750067, 
789) 2315493777, 
790) 2319519784, 
791) 2320342633, 
792) 2321515412, 
793) 2322293664, 
794) 2324686143, 
795) 2325877772, 
796) 2342763939, 
797) 2343903229, 
798) 2345947257, 
799) 2347691320, 
800) 2351976460, 
801) 2352275326, 
802) 2363391916, 
803) 2364817616, 
804) 2374337559, 
805) 2375831980, 
806) 2380961565, 
807) 2384805404, 
808) 2385249327, 
809) 2386447557, 
810) 2389251629, 
811) 2392959193, 
812) 2401684136, 
813) 2404240402, 
814) 2408553701, 
815) 2410742291, 
816) 2413485595, 
817) 2414594406, 
818) 2414601360, 
819) 2415307543, 
820) 2421504748, 
821) 2430169460, 
822) 2432716592, 
823) 2434419156, 
824) 2437842420, 
825) 2439025616, 
826) 2443657008, 
827) 2444918322, 
828) 2445415142, 
829) 2449730047, 
830) 2450649510, 
831) 2461207328, 
832) 2463640130, 
833) 2465126153, 
834) 2466171691, 
835) 2470346461, 
836) 2472167144, 
837) 2487538859, 
838) 2487565989, 
839) 2489638109, 
840) 2493956118, 
841) 2494266202, 
842) 2497701734, 
843) 2499943559, 
844) 2512542716, 
845) 2514192926, 
846) 2517057621, 
847) 2519616822, 
848) 2524005784, 
849) 2536927354, 
850) 2540992476, 
851) 2544728118, 
852) 2547042547, 
853) 2548808145, 
854) 2550954151, 
855) 2553100750, 
856) 2555425737, 
857) 2560743111, 
858) 2561033005, 
859) 2566849428, 
860) 2577052041, 
861) 2578185381, 
862) 2578601199, 
863) 2579089989, 
864) 2583711205, 
865) 2586944567, 
866) 2587120343, 
867) 2588463818, 
868) 2592209047, 
869) 2595621247, 
870) 2596016731, 
871) 2597508520, 
872) 2598713102, 
873) 2602156256, 
874) 2603507538, 
875) 2603550329, 
876) 2604500084, 
877) 2608862912, 
878) 2610472989, 
879) 2621714751, 
880) 2624543408, 
881) 2626292834, 
882) 2627374850, 
883) 2629459931, 
884) 2633210057, 
885) 2633891354, 
886) 2645354118, 
887) 2647614634, 
888) 2649227704, 
889) 2650272186, 
890) 2651480962, 
891) 2658384378, 
892) 2669414253, 
893) 2670074886, 
894) 2671209636, 
895) 2675058701, 
896) 2678345092, 
897) 2681593740, 
898) 2686728793, 
899) 2688388458, 
900) 2690891936, 
901) 2696531860, 
902) 2706010779, 
903) 2708458296, 
904) 2708730128, 
905) 2716059377, 
906) 2718993884, 
907) 2719627267, 
908) 2723571711, 
909) 2723709335, 
910) 2724241813, 
911) 2726006914, 
912) 2732809656, 
913) 2732826180, 
914) 2735421948, 
915) 2740135883, 
916) 2745704829, 
917) 2748624430, 
918) 2755603747, 
919) 2755635148, 
920) 2755955787, 
921) 2756804700, 
922) 2763662477, 
923) 2768851734, 
924) 2772900762, 
925) 2774596022, 
926) 2781678091, 
927) 2781963161, 
928) 2783910875, 
929) 2786751545, 
930) 2791381037, 
931) 2794266514, 
932) 2796739258, 
933) 2802418947, 
934) 2805296577, 
935) 2806518759, 
936) 2808381092, 
937) 2812161571, 
938) 2812986386, 
939) 2814929703, 
940) 2815162434, 
941) 2817964183, 
942) 2819171657, 
943) 2822634627, 
944) 2823622866, 
945) 2824197866, 
946) 2826424657, 
947) 2827602776, 
948) 2833039466, 
949) 2835162306, 
950) 2836778888, 
951) 2839590797, 
952) 2840899091, 
953) 2842132361, 
954) 2845928014, 
955) 2847764967, 
956) 2852966119, 
957) 2855204101, 
958) 2855398998, 
959) 2862224707, 
960) 2865240658, 
961) 2875973126, 
962) 2876973029, 
963) 2878333899, 
964) 2882546874, 
965) 2884093201, 
966) 2884861465, 
967) 2887905160, 
968) 2890200179, 
969) 2891312122, 
970) 2892088435, 
971) 2892485162, 
972) 2893415222, 
973) 2894196178, 
974) 2897353323, 
975) 2899886452, 
976) 2900896781, 
977) 2906092600, 
978) 2906136794, 
979) 2907656546, 
980) 2910462030, 
981) 2917922065, 
982) 2930251525, 
983) 2931758712, 
984) 2938387599, 
985) 2940196707, 
986) 2940459705, 
987) 2941159225, 
988) 2945239968, 
989) 2947652025, 
990) 2954162355, 
991) 2971291258, 
992) 2975300402, 
993) 2975770712, 
994) 2978026157, 
995) 2986744132, 
996) 2989830785, 
997) 2991000459, 
998) 2993881551, 
999) 2998290425, 
