Number of elements is 1000
Type of array is rendomized
Sorting algorithm - radix
Running time of sorting algorithm is 1356ms
0) 656813, 
1) 5661995, 
2) 5740592, 
3) 7307228, 
4) 8301453, 
5) 15817297, 
6) 16424290, 
7) 17364894, 
8) 17387106, 
9) 22898519, 
10) 23659234, 
11) 24234050, 
12) 26735243, 
13) 29080849, 
14) 35261451, 
15) 40176272, 
16) 42407578, 
17) 43847457, 
18) 45554488, 
19) 45966650, 
20) 47160477, 
21) 47186629, 
22) 50247984, 
23) 60553021, 
24) 61982544, 
25) 62821395, 
26) 69884470, 
27) 75391419, 
28) 77087333, 
29) 77409097, 
30) 78086230, 
31) 80644598, 
32) 86830611, 
33) 91142464, 
34) 96046992, 
35) 96783665, 
36) 105474707, 
37) 112376223, 
38) 112645710, 
39) 115472198, 
40) 117414417, 
41) 119054985, 
42) 120116095, 
43) 121651952, 
44) 123899101, 
45) 126546836, 
46) 126773637, 
47) 128653008, 
48) 133024279, 
49) 133848330, 
50) 141090373, 
51) 141350055, 
52) 145931621, 
53) 146116944, 
54) 147925336, 
55) 154994061, 
56) 156016897, 
57) 156708091, 
58) 158057960, 
59) 166118760, 
60) 171176572, 
61) 174571377, 
62) 175685140, 
63) 176953895, 
64) 177474052, 
65) 182289851, 
66) 185267938, 
67) 185582095, 
68) 185947306, 
69) 187644623, 
70) 205522655, 
71) 210441319, 
72) 213107291, 
73) 213399623, 
74) 217283286, 
75) 218071373, 
76) 220775981, 
77) 222461902, 
78) 230577458, 
79) 236060865, 
80) 237616791, 
81) 239246221, 
82) 240641250, 
83) 243055407, 
84) 245633827, 
85) 255619006, 
86) 256297451, 
87) 259042007, 
88) 260698323, 
89) 262898698, 
90) 267965506, 
91) 269902872, 
92) 272086090, 
93) 275430771, 
94) 282176766, 
95) 283986482, 
96) 285812076, 
97) 288076397, 
98) 293518003, 
99) 294751740, 
100) 295027772, 
101) 297336847, 
102) 301429391, 
103) 302459524, 
104) 303757041, 
105) 304058849, 
106) 306019793, 
107) 306902393, 
108) 310951305, 
109) 311136739, 
110) 317163696, 
111) 321282738, 
112) 323805951, 
113) 325906418, 
114) 328353187, 
115) 329695298, 
116) 333377262, 
117) 334032221, 
118) 334789711, 
119) 338560382, 
120) 340227860, 
121) 340564093, 
122) 346768407, 
123) 347039176, 
124) 349394523, 
125) 351161791, 
126) 352790726, 
127) 353310540, 
128) 353704399, 
129) 354551278, 
130) 355815875, 
131) 356222710, 
132) 358634733, 
133) 359455315, 
134) 363332520, 
135) 364088156, 
136) 366467184, 
137) 370080495, 
138) 372815297, 
139) 387048376, 
140) 387465040, 
141) 390827387, 
142) 394349185, 
143) 396580204, 
144) 399811434, 
145) 403322204, 
146) 405824482, 
147) 414709760, 
148) 418850331, 
149) 424918530, 
150) 426696849, 
151) 429719988, 
152) 434747104, 
153) 438133495, 
154) 439404243, 
155) 444261475, 
156) 444839784, 
157) 446795641, 
158) 449445177, 
159) 453568060, 
160) 454041639, 
161) 456800173, 
162) 458232212, 
163) 460136163, 
164) 469274761, 
165) 472530195, 
166) 474989293, 
167) 476944896, 
168) 477829084, 
169) 478135181, 
170) 483471940, 
171) 492597441, 
172) 494252844, 
173) 495606804, 
174) 497483054, 
175) 497618657, 
176) 500032250, 
177) 502115315, 
178) 512179009, 
179) 516704384, 
180) 517512088, 
181) 519124468, 
182) 520014499, 
183) 520250526, 
184) 524450201, 
185) 532104019, 
186) 532874978, 
187) 537217604, 
188) 538864644, 
189) 539584919, 
190) 546729272, 
191) 547091181, 
192) 548318819, 
193) 550674765, 
194) 555321934, 
195) 558012182, 
196) 561186952, 
197) 563523517, 
198) 568912697, 
199) 574916265, 
200) 576494588, 
201) 576610614, 
202) 579353642, 
203) 579771765, 
204) 584179587, 
205) 588179732, 
206) 594314344, 
207) 594385498, 
208) 599806184, 
209) 606615525, 
210) 607440786, 
211) 617595972, 
212) 627163627, 
213) 628866766, 
214) 629073297, 
215) 630344296, 
216) 634787637, 
217) 635327405, 
218) 635938447, 
219) 648596944, 
220) 651903723, 
221) 654021350, 
222) 656124321, 
223) 664201572, 
224) 665386814, 
225) 665645311, 
226) 670809645, 
227) 671731226, 
228) 674304225, 
229) 674738015, 
230) 680162228, 
231) 680271982, 
232) 681592916, 
233) 684590067, 
234) 690673530, 
235) 697889822, 
236) 698151899, 
237) 701354375, 
238) 701451953, 
239) 701715040, 
240) 703516811, 
241) 704586411, 
242) 706902426, 
243) 716485931, 
244) 716975837, 
245) 719729948, 
246) 721310446, 
247) 723825951, 
248) 724251676, 
249) 729538696, 
250) 729612582, 
251) 733271748, 
252) 733882485, 
253) 745502694, 
254) 747300510, 
255) 748546387, 
256) 754978887, 
257) 756819222, 
258) 761413305, 
259) 764184918, 
260) 765442372, 
261) 767375962, 
262) 768905489, 
263) 770969959, 
264) 780288801, 
265) 781863872, 
266) 781966852, 
267) 784668379, 
268) 785243324, 
269) 789108061, 
270) 792064514, 
271) 795064325, 
272) 797380543, 
273) 811649179, 
274) 815203154, 
275) 816418973, 
276) 822835050, 
277) 823165457, 
278) 826047367, 
279) 831174230, 
280) 831674893, 
281) 833138817, 
282) 835107758, 
283) 839822579, 
284) 841279099, 
285) 847970939, 
286) 851284754, 
287) 853546143, 
288) 854651561, 
289) 855687328, 
290) 863180708, 
291) 864478883, 
292) 866807165, 
293) 867155907, 
294) 868359593, 
295) 875684136, 
296) 881627575, 
297) 882642917, 
298) 882679039, 
299) 882699143, 
300) 884428308, 
301) 889273898, 
302) 894894236, 
303) 896389478, 
304) 898692523, 
305) 898800542, 
306) 899303716, 
307) 899614398, 
308) 903383649, 
309) 903955528, 
310) 907552007, 
311) 912295498, 
312) 913239061, 
313) 917112071, 
314) 919196766, 
315) 919389755, 
316) 920623086, 
317) 921343478, 
318) 923002601, 
319) 927624084, 
320) 929248996, 
321) 929718133, 
322) 936154568, 
323) 937238443, 
324) 940578785, 
325) 942361522, 
326) 944503364, 
327) 945146983, 
328) 945759918, 
329) 945878307, 
330) 951315946, 
331) 956694533, 
332) 959013856, 
333) 960868747, 
334) 963052621, 
335) 965955710, 
336) 967269835, 
337) 971665256, 
338) 973448376, 
339) 981360836, 
340) 982142310, 
341) 983012393, 
342) 988570568, 
343) 989726437, 
344) 992061705, 
345) 995663779, 
346) 998236641, 
347) 1000130112, 
348) 1004807954, 
349) 1007301255, 
350) 1008914314, 
351) 1010411783, 
352) 1012623407, 
353) 1016180138, 
354) 1018545206, 
355) 1019076854, 
356) 1020738955, 
357) 1021235592, 
358) 1022249956, 
359) 1022323284, 
360) 1023047692, 
361) 1030497686, 
362) 1031091583, 
363) 1031345428, 
364) 1031405716, 
365) 1032232690, 
366) 1033222204, 
367) 1034065997, 
368) 1035455808, 
369) 1039326752, 
370) 1042206175, 
371) 1044077894, 
372) 1046766568, 
373) 1048488500, 
374) 1051890609, 
375) 1056877265, 
376) 1057204817, 
377) 1068579448, 
378) 1070830595, 
379) 1072656456, 
380) 1084657865, 
381) 1100426177, 
382) 1100553686, 
383) 1121341434, 
384) 1134977692, 
385) 1139680404, 
386) 1142179048, 
387) 1145190962, 
388) 1145538035, 
389) 1153036212, 
390) 1155893835, 
391) 1158159716, 
392) 1160718378, 
393) 1162280093, 
394) 1163775882, 
395) 1164143283, 
396) 1164989051, 
397) 1165249073, 
398) 1170132241, 
399) 1171128853, 
400) 1176978180, 
401) 1177121757, 
402) 1177535626, 
403) 1178427759, 
404) 1179110345, 
405) 1181474591, 
406) 1181634793, 
407) 1186438326, 
408) 1190993197, 
409) 1199116485, 
410) 1202933028, 
411) 1203347109, 
412) 1206563340, 
413) 1207790283, 
414) 1212399084, 
415) 1219487279, 
416) 1219951870, 
417) 1220009918, 
418) 1223479072, 
419) 1224315870, 
420) 1224995065, 
421) 1232319453, 
422) 1232774949, 
423) 1233733841, 
424) 1234864899, 
425) 1234960144, 
426) 1238414564, 
427) 1238868804, 
428) 1240742719, 
429) 1246390033, 
430) 1251982291, 
431) 1253146552, 
432) 1254828411, 
433) 1256707035, 
434) 1261505728, 
435) 1265106370, 
436) 1265686646, 
437) 1266726905, 
438) 1274062069, 
439) 1276066636, 
440) 1282410983, 
441) 1283138408, 
442) 1283378291, 
443) 1293911665, 
444) 1296369176, 
445) 1301325477, 
446) 1304336330, 
447) 1314222216, 
448) 1315162016, 
449) 1315472235, 
450) 1316414141, 
451) 1316618989, 
452) 1320348959, 
453) 1323398375, 
454) 1324448961, 
455) 1324606195, 
456) 1329406631, 
457) 1330053776, 
458) 1330425096, 
459) 1334537758, 
460) 1334677794, 
461) 1334850136, 
462) 1340174466, 
463) 1343019159, 
464) 1349888058, 
465) 1349966899, 
466) 1350771567, 
467) 1351109235, 
468) 1351777654, 
469) 1352771972, 
470) 1353498235, 
471) 1353569877, 
472) 1356088571, 
473) 1357832345, 
474) 1361602936, 
475) 1362687011, 
476) 1368759869, 
477) 1371490855, 
478) 1372333424, 
479) 1378759118, 
480) 1379858097, 
481) 1381220735, 
482) 1387885446, 
483) 1395724623, 
484) 1397417310, 
485) 1400850813, 
486) 1403314305, 
487) 1407139486, 
488) 1416323927, 
489) 1418989676, 
490) 1424145423, 
491) 1426110445, 
492) 1443450177, 
493) 1444658892, 
494) 1445833155, 
495) 1446973660, 
496) 1448155063, 
497) 1448376276, 
498) 1448748269, 
499) 1451864790, 
500) 1452679184, 
501) 1452765139, 
502) 1454632269, 
503) 1458126712, 
504) 1458249888, 
505) 1466002086, 
506) 1466983772, 
507) 1468396851, 
508) 1475673605, 
509) 1477436334, 
510) 1480756881, 
511) 1482428915, 
512) 1483560091, 
513) 1487349437, 
514) 1491147233, 
515) 1493444535, 
516) 1495035564, 
517) 1498499696, 
518) 1499356486, 
519) 1505588606, 
520) 1508199874, 
521) 1508342608, 
522) 1509316562, 
523) 1509553289, 
524) 1510309511, 
525) 1517051714, 
526) 1517319758, 
527) 1523061405, 
528) 1525876795, 
529) 1527863942, 
530) 1529670514, 
531) 1530460150, 
532) 1531696279, 
533) 1535886628, 
534) 1535895045, 
535) 1537336126, 
536) 1538606309, 
537) 1540215169, 
538) 1542081459, 
539) 1542134218, 
540) 1542787418, 
541) 1544765107, 
542) 1554738982, 
543) 1556435071, 
544) 1557225996, 
545) 1558398438, 
546) 1560373850, 
547) 1566042066, 
548) 1567850342, 
549) 1568271793, 
550) 1568836856, 
551) 1570013879, 
552) 1570234388, 
553) 1571603041, 
554) 1572476584, 
555) 1575707710, 
556) 1576768905, 
557) 1590549234, 
558) 1595913008, 
559) 1595924234, 
560) 1600052641, 
561) 1606317680, 
562) 1606723185, 
563) 1607172472, 
564) 1618987431, 
565) 1620446725, 
566) 1623026682, 
567) 1636165681, 
568) 1637414646, 
569) 1638433804, 
570) 1649191869, 
571) 1649245154, 
572) 1649517912, 
573) 1654229440, 
574) 1656259393, 
575) 1659944439, 
576) 1660050061, 
577) 1663025250, 
578) 1666128998, 
579) 1666435782, 
580) 1679566003, 
581) 1680899531, 
582) 1687257671, 
583) 1691790818, 
584) 1693083330, 
585) 1697515785, 
586) 1697970462, 
587) 1703244880, 
588) 1709744406, 
589) 1710782170, 
590) 1710992880, 
591) 1713288200, 
592) 1713988885, 
593) 1719452152, 
594) 1719726616, 
595) 1721803320, 
596) 1726380185, 
597) 1727583528, 
598) 1728184696, 
599) 1728864723, 
600) 1731031632, 
601) 1732342103, 
602) 1741361392, 
603) 1741986777, 
604) 1748350195, 
605) 1750281106, 
606) 1751566287, 
607) 1753850023, 
608) 1760736240, 
609) 1763622420, 
610) 1768529961, 
611) 1774445454, 
612) 1780462663, 
613) 1788609426, 
614) 1792663844, 
615) 1793551440, 
616) 1796544331, 
617) 1796737789, 
618) 1798865726, 
619) 1806711646, 
620) 1808479221, 
621) 1811407071, 
622) 1812555961, 
623) 1813642657, 
624) 1814246746, 
625) 1814610841, 
626) 1816429259, 
627) 1818646863, 
628) 1821722214, 
629) 1829827441, 
630) 1833723065, 
631) 1836699082, 
632) 1836775681, 
633) 1840025494, 
634) 1843130623, 
635) 1844367475, 
636) 1844804848, 
637) 1844826430, 
638) 1847150975, 
639) 1861637924, 
640) 1861666573, 
641) 1862638520, 
642) 1871942400, 
643) 1875453215, 
644) 1875748040, 
645) 1879733464, 
646) 1881764669, 
647) 1886505260, 
648) 1890309266, 
649) 1890466347, 
650) 1890698340, 
651) 1891295923, 
652) 1893583508, 
653) 1896142432, 
654) 1896994699, 
655) 1897969357, 
656) 1898297288, 
657) 1903964872, 
658) 1909485571, 
659) 1915523431, 
660) 1919960042, 
661) 1920100556, 
662) 1921188914, 
663) 1921803379, 
664) 1929908363, 
665) 1935220201, 
666) 1935386877, 
667) 1946010121, 
668) 1948995471, 
669) 1949533213, 
670) 1951346388, 
671) 1953853983, 
672) 1961109547, 
673) 1963687778, 
674) 1965317910, 
675) 1969877408, 
676) 1969991172, 
677) 1972446593, 
678) 1973015632, 
679) 1977263680, 
680) 1978990060, 
681) 1979967263, 
682) 1985654633, 
683) 1987105247, 
684) 1997197485, 
685) 2000681857, 
686) 2005133643, 
687) 2019970280, 
688) 2029334478, 
689) 2035338273, 
690) 2035601862, 
691) 2038916481, 
692) 2041405993, 
693) 2043969796, 
694) 2044023372, 
695) 2045298152, 
696) 2048619291, 
697) 2051375710, 
698) 2057188152, 
699) 2058130414, 
700) 2067263891, 
701) 2067449500, 
702) 2068331990, 
703) 2076795884, 
704) 2076893214, 
705) 2077993759, 
706) 2081846013, 
707) 2087771632, 
708) 2088585067, 
709) 2090266262, 
710) 2090270877, 
711) 2101470513, 
712) 2102169473, 
713) 2102990809, 
714) 2103512892, 
715) 2106006435, 
716) 2112524718, 
717) 2115699297, 
718) 2119174814, 
719) 2121669336, 
720) 2128015152, 
721) 2128878205, 
722) 2129374818, 
723) 2129620748, 
724) 2133790335, 
725) 2135026190, 
726) 2140955448, 
727) 2142414957, 
728) 2144180539, 
729) 2150030607, 
730) 2150381005, 
731) 2150979812, 
732) 2152565385, 
733) 2159369756, 
734) 2169745902, 
735) 2172069053, 
736) 2172408525, 
737) 2180532757, 
738) 2183529665, 
739) 2183758569, 
740) 2192777321, 
741) 2193001245, 
742) 2193541480, 
743) 2193580358, 
744) 2194665041, 
745) 2199243649, 
746) 2211912099, 
747) 2212971347, 
748) 2220020680, 
749) 2220347912, 
750) 2225168700, 
751) 2227793435, 
752) 2228351955, 
753) 2230408742, 
754) 2236946490, 
755) 2236984244, 
756) 2237756849, 
757) 2238452364, 
758) 2238890039, 
759) 2243958430, 
760) 2247368232, 
761) 2250656538, 
762) 2254063483, 
763) 2256077845, 
764) 2257357436, 
765) 2258048705, 
766) 2258426795, 
767) 2262932149, 
768) 2269315209, 
769) 2270616935, 
770) 2274718097, 
771) 2276907013, 
772) 2282787677, 
773) 2290531324, 
774) 2299155713, 
775) 2300715613, 
776) 2303911242, 
777) 2307114897, 
778) 2314843880, 
779) 2320068777, 
780) 2320539207, 
781) 2322285093, 
782) 2324222638, 
783) 2329799579, 
784) 2331408974, 
785) 2332139762, 
786) 2343285904, 
787) 2344914720, 
788) 2352447199, 
789) 2353120399, 
790) 2354200960, 
791) 2355753084, 
792) 2358426934, 
793) 2360477817, 
794) 2368617868, 
795) 2371879250, 
796) 2374272777, 
797) 2380817577, 
798) 2385114615, 
799) 2390925625, 
800) 2393888643, 
801) 2394935069, 
802) 2397231662, 
803) 2399734675, 
804) 2409581945, 
805) 2412248511, 
806) 2413096483, 
807) 2413493544, 
808) 2426428003, 
809) 2426656560, 
810) 2433101091, 
811) 2438713468, 
812) 2440418637, 
813) 2441999686, 
814) 2445141043, 
815) 2449383326, 
816) 2452313607, 
817) 2453643841, 
818) 2453999032, 
819) 2456820914, 
820) 2462330787, 
821) 2463018532, 
822) 2470149964, 
823) 2470799450, 
824) 2473758757, 
825) 2474488921, 
826) 2476177637, 
827) 2478674081, 
828) 2479482669, 
829) 2490958186, 
830) 2498562680, 
831) 2499104258, 
832) 2501494235, 
833) 2501599830, 
834) 2502176620, 
835) 2503001096, 
836) 2504699164, 
837) 2505355176, 
838) 2520829205, 
839) 2524828744, 
840) 2525141497, 
841) 2528167191, 
842) 2528415623, 
843) 2529635425, 
844) 2529641340, 
845) 2531735324, 
846) 2534585262, 
847) 2539267343, 
848) 2540783974, 
849) 2545874433, 
850) 2549904217, 
851) 2563048444, 
852) 2563599501, 
853) 2564537730, 
854) 2564649657, 
855) 2566926271, 
856) 2568062591, 
857) 2569125483, 
858) 2570114992, 
859) 2574238527, 
860) 2575625887, 
861) 2577985741, 
862) 2579962799, 
863) 2591433109, 
864) 2591860840, 
865) 2592451291, 
866) 2593142799, 
867) 2597947151, 
868) 2602327833, 
869) 2603657019, 
870) 2603693614, 
871) 2611735381, 
872) 2618221139, 
873) 2620549261, 
874) 2622139843, 
875) 2624525467, 
876) 2625258559, 
877) 2630756370, 
878) 2631254056, 
879) 2633617279, 
880) 2634870500, 
881) 2638218697, 
882) 2642560650, 
883) 2645292696, 
884) 2650820489, 
885) 2655074241, 
886) 2655501959, 
887) 2656320281, 
888) 2657780304, 
889) 2658851892, 
890) 2660008036, 
891) 2662135755, 
892) 2666529790, 
893) 2666648147, 
894) 2668587538, 
895) 2674634983, 
896) 2674886384, 
897) 2679224212, 
898) 2679646471, 
899) 2683160257, 
900) 2685119767, 
901) 2685856424, 
902) 2686838079, 
903) 2688499290, 
904) 2691470028, 
905) 2691723650, 
906) 2694624876, 
907) 2697196611, 
908) 2698813730, 
909) 2706869754, 
910) 2708439694, 
911) 2710662592, 
912) 2712152267, 
913) 2713424023, 
914) 2718686840, 
915) 2719365188, 
916) 2720089495, 
917) 2720917642, 
918) 2721769218, 
919) 2723763187, 
920) 2726506548, 
921) 2727359619, 
922) 2731960008, 
923) 2739160092, 
924) 2741749357, 
925) 2754905659, 
926) 2763492154, 
927) 2765510188, 
928) 2766532400, 
929) 2767335435, 
930) 2770400856, 
931) 2774113358, 
932) 2774113996, 
933) 2781451603, 
934) 2782422222, 
935) 2785746516, 
936) 2790746830, 
937) 2791004558, 
938) 2792043986, 
939) 2794671187, 
940) 2796023744, 
941) 2800352344, 
942) 2801582402, 
943) 2801647386, 
944) 2804409439, 
945) 2807438797, 
946) 2807512753, 
947) 2815259844, 
948) 2815778326, 
949) 2819201004, 
950) 2829386581, 
951) 2836764069, 
952) 2839424913, 
953) 2839783722, 
954) 2841599199, 
955) 2842020530, 
956) 2847159421, 
957) 2852571715, 
958) 2856305685, 
959) 2856725894, 
960) 2867139172, 
961) 2870441351, 
962) 2874933250, 
963) 2902818525, 
964) 2906454335, 
965) 2915349967, 
966) 2915833231, 
967) 2921787086, 
968) 2925006048, 
969) 2926346514, 
970) 2927637718, 
971) 2930561401, 
972) 2931628718, 
973) 2934331553, 
974) 2940511818, 
975) 2940524872, 
976) 2943235069, 
977) 2946297096, 
978) 2947910759, 
979) 2949130834, 
980) 2951067160, 
981) 2951239664, 
982) 2953271654, 
983) 2956226738, 
984) 2956490610, 
985) 2957963322, 
986) 2960011540, 
987) 2962649107, 
988) 2963144607, 
989) 2967999886, 
990) 2968475347, 
991) 2970333875, 
992) 2971094890, 
993) 2971720315, 
994) 2976633519, 
995) 2979188648, 
996) 2989723658, 
997) 2991683873, 
998) 2992935186, 
999) 2994100280, 
