Number of elements is 100
Type of array is sorted
Sorting algorithm - radix
Running time of sorting algorithm is 151ms
0) 26872148, 
1) 43468927, 
2) 77854718, 
3) 98160373, 
4) 128348893, 
5) 136113295, 
6) 227074868, 
7) 233828652, 
8) 259993434, 
9) 290998976, 
10) 309406074, 
11) 336828526, 
12) 367280192, 
13) 395754752, 
14) 421121391, 
15) 457601992, 
16) 494911245, 
17) 496604077, 
18) 510705871, 
19) 510776860, 
20) 550953411, 
21) 567801924, 
22) 577306547, 
23) 577905845, 
24) 580358478, 
25) 580396122, 
26) 581359621, 
27) 623404835, 
28) 723061041, 
29) 748055704, 
30) 750285535, 
31) 765177902, 
32) 854944185, 
33) 872202720, 
34) 875393158, 
35) 915075109, 
36) 944372581, 
37) 950344293, 
38) 959179421, 
39) 1100924460, 
40) 1127496594, 
41) 1146035900, 
42) 1158801297, 
43) 1186683971, 
44) 1196040825, 
45) 1208804401, 
46) 1235738271, 
47) 1243265621, 
48) 1252410203, 
49) 1270936296, 
50) 1287052033, 
51) 1301357652, 
52) 1323021674, 
53) 1365004886, 
54) 1376235757, 
55) 1389297972, 
56) 1397209199, 
57) 1436564295, 
58) 1478479749, 
59) 1565804876, 
60) 1575994010, 
61) 1580821255, 
62) 1640231870, 
63) 1650229192, 
64) 1720387310, 
65) 1768077367, 
66) 1776940028, 
67) 1807285206, 
68) 1885845569, 
69) 1908134449, 
70) 1978577280, 
71) 2014594239, 
72) 2169129278, 
73) 2221802782, 
74) 2229423419, 
75) 2233369518, 
76) 2269375031, 
77) 2306417356, 
78) 2336985109, 
79) 2349601518, 
80) 2435179216, 
81) 2443827785, 
82) 2496227629, 
83) 2511837962, 
84) 2548250144, 
85) 2557393732, 
86) 2718145205, 
87) 2720617063, 
88) 2752046176, 
89) 2755743344, 
90) 2766669115, 
91) 2790774710, 
92) 2791500381, 
93) 2798480758, 
94) 2832249365, 
95) 2911490604, 
96) 2923844126, 
97) 2942937239, 
98) 2960883413, 
99) 2981792172, 
