Number of elements is 1000
Type of array is sorted
Sorting algorithm - radix
Running time of sorting algorithm is 1536ms
0) 33292, 
1) 1284329, 
2) 5968532, 
3) 7451916, 
4) 10607518, 
5) 13457089, 
6) 13761310, 
7) 15267634, 
8) 15648086, 
9) 18048118, 
10) 22002807, 
11) 24570863, 
12) 25159845, 
13) 25629916, 
14) 35254943, 
15) 36109279, 
16) 41385585, 
17) 41996026, 
18) 45039997, 
19) 46330732, 
20) 48149067, 
21) 51211190, 
22) 52346855, 
23) 54162302, 
24) 60509717, 
25) 61665159, 
26) 66157283, 
27) 70026957, 
28) 71287541, 
29) 74178625, 
30) 75415295, 
31) 77427985, 
32) 77616384, 
33) 83511489, 
34) 84760385, 
35) 85086725, 
36) 86886476, 
37) 90960451, 
38) 95064071, 
39) 95073221, 
40) 102727027, 
41) 106194417, 
42) 106825419, 
43) 106955425, 
44) 108329839, 
45) 110843610, 
46) 112411524, 
47) 112663002, 
48) 119495263, 
49) 123495858, 
50) 130242490, 
51) 132647577, 
52) 134916449, 
53) 139926898, 
54) 140200723, 
55) 140584541, 
56) 141732834, 
57) 150976433, 
58) 153285695, 
59) 154034174, 
60) 158835079, 
61) 159389921, 
62) 160038621, 
63) 167369711, 
64) 169344742, 
65) 169817635, 
66) 173516992, 
67) 175089540, 
68) 176377494, 
69) 178843027, 
70) 179546075, 
71) 193647210, 
72) 198337242, 
73) 207423462, 
74) 210987509, 
75) 222971666, 
76) 223697374, 
77) 226020839, 
78) 228890413, 
79) 230616407, 
80) 231933358, 
81) 236101816, 
82) 242341040, 
83) 245845151, 
84) 246152005, 
85) 251655160, 
86) 255631100, 
87) 263227763, 
88) 270026169, 
89) 270504906, 
90) 273632085, 
91) 273942512, 
92) 274631186, 
93) 287181459, 
94) 293581062, 
95) 293618639, 
96) 295382003, 
97) 302911589, 
98) 304154106, 
99) 306027183, 
100) 317226106, 
101) 325913339, 
102) 331095319, 
103) 341747192, 
104) 344633873, 
105) 346287266, 
106) 349797739, 
107) 350503791, 
108) 353753079, 
109) 354498581, 
110) 355556024, 
111) 364201618, 
112) 370208436, 
113) 370566856, 
114) 373923455, 
115) 377142334, 
116) 378612923, 
117) 378742676, 
118) 388036129, 
119) 388474421, 
120) 390821703, 
121) 392123844, 
122) 401971960, 
123) 402428517, 
124) 405100797, 
125) 405287799, 
126) 408133652, 
127) 409604265, 
128) 411110526, 
129) 413333306, 
130) 415656386, 
131) 415837240, 
132) 416497003, 
133) 422830988, 
134) 426139654, 
135) 430999833, 
136) 431780128, 
137) 440548259, 
138) 440888253, 
139) 446491850, 
140) 447256244, 
141) 455904800, 
142) 458388581, 
143) 458999724, 
144) 466598528, 
145) 469006112, 
146) 471515103, 
147) 471928429, 
148) 473984010, 
149) 478889352, 
150) 483944437, 
151) 484449130, 
152) 487158329, 
153) 492620878, 
154) 495076576, 
155) 501379541, 
156) 504068383, 
157) 520734672, 
158) 521682468, 
159) 523648908, 
160) 526040390, 
161) 528133386, 
162) 530291969, 
163) 537288918, 
164) 537716351, 
165) 538039281, 
166) 540107070, 
167) 547300503, 
168) 549626231, 
169) 553492712, 
170) 558673895, 
171) 558708102, 
172) 564468471, 
173) 566940975, 
174) 567934791, 
175) 570663248, 
176) 573051357, 
177) 576947881, 
178) 581461428, 
179) 583324774, 
180) 589457789, 
181) 589537449, 
182) 593333561, 
183) 595060780, 
184) 596821276, 
185) 602233772, 
186) 602452340, 
187) 603071321, 
188) 608728412, 
189) 617630808, 
190) 618876998, 
191) 626032535, 
192) 627799614, 
193) 633091081, 
194) 635139029, 
195) 638461784, 
196) 639288387, 
197) 642612845, 
198) 643019909, 
199) 647607421, 
200) 650841922, 
201) 652596307, 
202) 653933358, 
203) 657967646, 
204) 661340149, 
205) 666280483, 
206) 666324695, 
207) 669535599, 
208) 671384884, 
209) 674246017, 
210) 676210186, 
211) 677187633, 
212) 677893479, 
213) 682186380, 
214) 682825284, 
215) 684734618, 
216) 687268184, 
217) 688802907, 
218) 703524882, 
219) 707309828, 
220) 709794216, 
221) 719992400, 
222) 720979356, 
223) 725979040, 
224) 726964719, 
225) 727729173, 
226) 729160439, 
227) 732318350, 
228) 736723180, 
229) 740419743, 
230) 745953947, 
231) 752545320, 
232) 752554680, 
233) 759133758, 
234) 769169718, 
235) 773145038, 
236) 778476555, 
237) 785267885, 
238) 786804841, 
239) 786974093, 
240) 788519704, 
241) 804446587, 
242) 807080316, 
243) 817420857, 
244) 817444122, 
245) 822790456, 
246) 825216324, 
247) 825980739, 
248) 833355978, 
249) 842689687, 
250) 843218045, 
251) 850569283, 
252) 851313426, 
253) 851855604, 
254) 852551253, 
255) 853364492, 
256) 855325804, 
257) 856924443, 
258) 860465083, 
259) 860737502, 
260) 862951658, 
261) 863560891, 
262) 867282631, 
263) 875701411, 
264) 884876340, 
265) 885787007, 
266) 889373050, 
267) 889885256, 
268) 894321765, 
269) 896704083, 
270) 899216550, 
271) 902231793, 
272) 902764064, 
273) 910892272, 
274) 913455956, 
275) 915271663, 
276) 916785931, 
277) 923540283, 
278) 924383920, 
279) 924564372, 
280) 925806083, 
281) 927211141, 
282) 929144957, 
283) 933599142, 
284) 936038160, 
285) 940955216, 
286) 949934468, 
287) 950551572, 
288) 952366613, 
289) 956386269, 
290) 957989967, 
291) 958006522, 
292) 965945099, 
293) 966556387, 
294) 970231696, 
295) 982181481, 
296) 985936719, 
297) 987203753, 
298) 989284629, 
299) 990879600, 
300) 993061296, 
301) 1000879514, 
302) 1006019419, 
303) 1006916074, 
304) 1015137194, 
305) 1017844206, 
306) 1020788149, 
307) 1021962343, 
308) 1022489437, 
309) 1025545817, 
310) 1027229670, 
311) 1031934325, 
312) 1041546938, 
313) 1043581667, 
314) 1044945269, 
315) 1047007517, 
316) 1047289845, 
317) 1053966645, 
318) 1058281895, 
319) 1058635339, 
320) 1059071010, 
321) 1063750731, 
322) 1063982558, 
323) 1072163990, 
324) 1074400747, 
325) 1076682183, 
326) 1077515569, 
327) 1080126739, 
328) 1084324124, 
329) 1085620559, 
330) 1090098751, 
331) 1091344184, 
332) 1092832583, 
333) 1093427903, 
334) 1095336282, 
335) 1101242461, 
336) 1118224127, 
337) 1120159783, 
338) 1124808636, 
339) 1125699415, 
340) 1126227483, 
341) 1127466700, 
342) 1134791186, 
343) 1135130869, 
344) 1139462710, 
345) 1139650414, 
346) 1139797972, 
347) 1150041238, 
348) 1157653062, 
349) 1158792740, 
350) 1159448235, 
351) 1161150579, 
352) 1162776000, 
353) 1164179634, 
354) 1166050999, 
355) 1175240244, 
356) 1175338928, 
357) 1178437489, 
358) 1178935345, 
359) 1183424314, 
360) 1187657107, 
361) 1193448812, 
362) 1197777211, 
363) 1198352390, 
364) 1201032293, 
365) 1202211766, 
366) 1214198095, 
367) 1225036244, 
368) 1225359390, 
369) 1227477997, 
370) 1239303223, 
371) 1239688219, 
372) 1245440443, 
373) 1245738737, 
374) 1247885044, 
375) 1249117372, 
376) 1249457443, 
377) 1252261867, 
378) 1253380282, 
379) 1254486373, 
380) 1254751348, 
381) 1260390819, 
382) 1260481839, 
383) 1260953137, 
384) 1262925979, 
385) 1270254348, 
386) 1275496644, 
387) 1276259037, 
388) 1279803132, 
389) 1289252049, 
390) 1290463531, 
391) 1297756669, 
392) 1297867584, 
393) 1305023287, 
394) 1311326491, 
395) 1312046332, 
396) 1312355012, 
397) 1313010302, 
398) 1317096156, 
399) 1319274756, 
400) 1320870746, 
401) 1323713891, 
402) 1326010048, 
403) 1332235800, 
404) 1332838700, 
405) 1334573206, 
406) 1339324883, 
407) 1343313906, 
408) 1345808536, 
409) 1346793231, 
410) 1352165042, 
411) 1355559268, 
412) 1355896560, 
413) 1358290507, 
414) 1360100816, 
415) 1360834499, 
416) 1361004370, 
417) 1365493933, 
418) 1370253716, 
419) 1377437705, 
420) 1388740419, 
421) 1388833581, 
422) 1393471943, 
423) 1394064307, 
424) 1394922296, 
425) 1399279749, 
426) 1401817657, 
427) 1408152253, 
428) 1409578069, 
429) 1410663311, 
430) 1416908799, 
431) 1417989742, 
432) 1420143549, 
433) 1420930733, 
434) 1424327908, 
435) 1425283135, 
436) 1427459380, 
437) 1429921091, 
438) 1432610322, 
439) 1432952240, 
440) 1437182509, 
441) 1447438663, 
442) 1447798069, 
443) 1457799251, 
444) 1460112734, 
445) 1460330131, 
446) 1466192621, 
447) 1472392442, 
448) 1472454028, 
449) 1474688258, 
450) 1475593789, 
451) 1476017392, 
452) 1478780027, 
453) 1479862732, 
454) 1482403060, 
455) 1483900302, 
456) 1483974200, 
457) 1485044587, 
458) 1485386237, 
459) 1490843150, 
460) 1491249481, 
461) 1492407632, 
462) 1493021547, 
463) 1494774695, 
464) 1497006264, 
465) 1497891493, 
466) 1499596197, 
467) 1500737231, 
468) 1503024697, 
469) 1510848385, 
470) 1511035881, 
471) 1513801545, 
472) 1515009986, 
473) 1515383612, 
474) 1518852674, 
475) 1519433602, 
476) 1522530270, 
477) 1534778907, 
478) 1540638927, 
479) 1542541488, 
480) 1543862188, 
481) 1548036804, 
482) 1549548304, 
483) 1552160776, 
484) 1557733334, 
485) 1558259216, 
486) 1558354710, 
487) 1558757857, 
488) 1560101222, 
489) 1560214169, 
490) 1562381864, 
491) 1563453625, 
492) 1565250384, 
493) 1565308335, 
494) 1571363288, 
495) 1571563310, 
496) 1574336311, 
497) 1576206587, 
498) 1580657283, 
499) 1596284822, 
500) 1601850818, 
501) 1602665200, 
502) 1602998795, 
503) 1603809963, 
504) 1604220174, 
505) 1604267589, 
506) 1610239700, 
507) 1610456875, 
508) 1619637909, 
509) 1621502326, 
510) 1622683097, 
511) 1623295306, 
512) 1625326427, 
513) 1626769054, 
514) 1627922847, 
515) 1635314030, 
516) 1637221231, 
517) 1645103915, 
518) 1646552465, 
519) 1647833462, 
520) 1650315615, 
521) 1657885521, 
522) 1660669780, 
523) 1661242587, 
524) 1662878129, 
525) 1663950152, 
526) 1666750440, 
527) 1669143768, 
528) 1674950691, 
529) 1677570817, 
530) 1679189946, 
531) 1682383427, 
532) 1687435941, 
533) 1689429471, 
534) 1691526802, 
535) 1691744628, 
536) 1692759688, 
537) 1693327164, 
538) 1693751913, 
539) 1701770410, 
540) 1709284399, 
541) 1710272933, 
542) 1711374447, 
543) 1714236089, 
544) 1719107494, 
545) 1720055422, 
546) 1720187934, 
547) 1720747857, 
548) 1723514970, 
549) 1728969413, 
550) 1730479650, 
551) 1731179565, 
552) 1736231600, 
553) 1736993467, 
554) 1738049657, 
555) 1740329851, 
556) 1748904156, 
557) 1750026098, 
558) 1753101542, 
559) 1756797112, 
560) 1758387470, 
561) 1766707764, 
562) 1772533021, 
563) 1776785047, 
564) 1777482733, 
565) 1779267917, 
566) 1779299050, 
567) 1783573262, 
568) 1785171628, 
569) 1785396533, 
570) 1787954779, 
571) 1793683019, 
572) 1794828960, 
573) 1798319661, 
574) 1801179078, 
575) 1804631478, 
576) 1805939642, 
577) 1806837845, 
578) 1807089096, 
579) 1817632451, 
580) 1819733572, 
581) 1824047096, 
582) 1825406544, 
583) 1839652967, 
584) 1840630923, 
585) 1843245189, 
586) 1848501044, 
587) 1848698107, 
588) 1855155038, 
589) 1855711960, 
590) 1860448673, 
591) 1861285825, 
592) 1861444513, 
593) 1862135054, 
594) 1863986732, 
595) 1866245588, 
596) 1885392009, 
597) 1886986779, 
598) 1889538771, 
599) 1893227439, 
600) 1894859034, 
601) 1901353804, 
602) 1902873377, 
603) 1904889605, 
604) 1905564899, 
605) 1906106976, 
606) 1906419074, 
607) 1907887012, 
608) 1912784321, 
609) 1915525114, 
610) 1918030918, 
611) 1920683882, 
612) 1920790546, 
613) 1928033013, 
614) 1928726601, 
615) 1929479483, 
616) 1931671609, 
617) 1934428526, 
618) 1936489360, 
619) 1937397063, 
620) 1938134455, 
621) 1939051418, 
622) 1947582789, 
623) 1960710694, 
624) 1968249228, 
625) 1970172846, 
626) 1974371876, 
627) 1974761416, 
628) 1975309472, 
629) 1977842137, 
630) 1978147605, 
631) 1978542579, 
632) 1980733862, 
633) 1980776553, 
634) 1981571580, 
635) 1981938130, 
636) 1983060613, 
637) 1985550156, 
638) 1985566168, 
639) 1992608113, 
640) 1997185293, 
641) 1998212460, 
642) 1998350785, 
643) 1999454897, 
644) 2000146000, 
645) 2001027257, 
646) 2002858497, 
647) 2002947823, 
648) 2004621078, 
649) 2005316132, 
650) 2010807098, 
651) 2011227219, 
652) 2012314428, 
653) 2012700748, 
654) 2015519371, 
655) 2017748893, 
656) 2020119840, 
657) 2020139706, 
658) 2020233857, 
659) 2021683947, 
660) 2030168130, 
661) 2030689347, 
662) 2036925825, 
663) 2038422667, 
664) 2043246186, 
665) 2044221496, 
666) 2049622845, 
667) 2053664858, 
668) 2053985558, 
669) 2056621771, 
670) 2063547527, 
671) 2064701997, 
672) 2065654662, 
673) 2066344968, 
674) 2067302737, 
675) 2072598582, 
676) 2075462035, 
677) 2077761822, 
678) 2078210921, 
679) 2082014192, 
680) 2082096825, 
681) 2083986463, 
682) 2085361587, 
683) 2086002077, 
684) 2089033660, 
685) 2093199781, 
686) 2098524773, 
687) 2103074360, 
688) 2106217002, 
689) 2107689723, 
690) 2110237897, 
691) 2110500220, 
692) 2116091071, 
693) 2116502040, 
694) 2116803405, 
695) 2122226214, 
696) 2122484281, 
697) 2123472351, 
698) 2126894824, 
699) 2140558628, 
700) 2142586237, 
701) 2146496173, 
702) 2149954814, 
703) 2150150129, 
704) 2152654016, 
705) 2156904063, 
706) 2158615173, 
707) 2160683656, 
708) 2165577440, 
709) 2168462307, 
710) 2168639842, 
711) 2168758511, 
712) 2178786684, 
713) 2179599403, 
714) 2183952767, 
715) 2189884799, 
716) 2192387431, 
717) 2194501054, 
718) 2195656672, 
719) 2196366402, 
720) 2197320551, 
721) 2198218989, 
722) 2199148620, 
723) 2199177601, 
724) 2199361431, 
725) 2199631242, 
726) 2203425423, 
727) 2207236128, 
728) 2212312129, 
729) 2212671745, 
730) 2212929629, 
731) 2213833604, 
732) 2216506314, 
733) 2219368946, 
734) 2222987492, 
735) 2226727099, 
736) 2227144365, 
737) 2227848372, 
738) 2233649061, 
739) 2236626272, 
740) 2247010128, 
741) 2250942838, 
742) 2251856575, 
743) 2253529183, 
744) 2253947573, 
745) 2254565559, 
746) 2256275334, 
747) 2265595746, 
748) 2268595954, 
749) 2269018034, 
750) 2280084569, 
751) 2282691584, 
752) 2283015468, 
753) 2283645052, 
754) 2289904153, 
755) 2292197067, 
756) 2293697243, 
757) 2296039115, 
758) 2302943174, 
759) 2302964222, 
760) 2306645493, 
761) 2307960750, 
762) 2308270242, 
763) 2308775736, 
764) 2312470102, 
765) 2316433708, 
766) 2316881590, 
767) 2317796544, 
768) 2319688079, 
769) 2321459525, 
770) 2331805199, 
771) 2333475205, 
772) 2338168036, 
773) 2341771284, 
774) 2342768642, 
775) 2342813924, 
776) 2349378747, 
777) 2349445491, 
778) 2354009999, 
779) 2355221628, 
780) 2359063293, 
781) 2361846025, 
782) 2364079559, 
783) 2368704284, 
784) 2369250385, 
785) 2370875262, 
786) 2371975891, 
787) 2374208582, 
788) 2388731183, 
789) 2389615336, 
790) 2390106006, 
791) 2391269348, 
792) 2392739370, 
793) 2393629528, 
794) 2394239147, 
795) 2404204764, 
796) 2404354461, 
797) 2405109666, 
798) 2405981353, 
799) 2412019284, 
800) 2412789650, 
801) 2413769301, 
802) 2413992843, 
803) 2419779696, 
804) 2425116881, 
805) 2430498478, 
806) 2431741379, 
807) 2436385670, 
808) 2437748166, 
809) 2440395120, 
810) 2441304286, 
811) 2444314283, 
812) 2445537974, 
813) 2447369962, 
814) 2447695811, 
815) 2448523707, 
816) 2450632476, 
817) 2452072811, 
818) 2455874989, 
819) 2457187510, 
820) 2458769320, 
821) 2464673890, 
822) 2465334786, 
823) 2465389509, 
824) 2466769394, 
825) 2467106975, 
826) 2477790347, 
827) 2487416515, 
828) 2489459689, 
829) 2496204908, 
830) 2507675675, 
831) 2508588221, 
832) 2521696227, 
833) 2523899787, 
834) 2527093658, 
835) 2528161068, 
836) 2537037525, 
837) 2538034074, 
838) 2538692985, 
839) 2541559228, 
840) 2541868907, 
841) 2541964854, 
842) 2545361706, 
843) 2547485408, 
844) 2547709198, 
845) 2551525929, 
846) 2554957071, 
847) 2556304644, 
848) 2558911825, 
849) 2564344303, 
850) 2574372108, 
851) 2584919901, 
852) 2589911429, 
853) 2591665368, 
854) 2591981838, 
855) 2593282014, 
856) 2595866858, 
857) 2596181901, 
858) 2596840425, 
859) 2604907671, 
860) 2608345944, 
861) 2609859548, 
862) 2624874126, 
863) 2625178714, 
864) 2626453505, 
865) 2629901361, 
866) 2634491999, 
867) 2634957240, 
868) 2636002149, 
869) 2641526089, 
870) 2642100103, 
871) 2643496680, 
872) 2650711772, 
873) 2651255203, 
874) 2652151507, 
875) 2661841303, 
876) 2665462015, 
877) 2665890888, 
878) 2668366095, 
879) 2674574925, 
880) 2679092634, 
881) 2679865630, 
882) 2685915008, 
883) 2688795085, 
884) 2691119148, 
885) 2692384703, 
886) 2695854458, 
887) 2696553775, 
888) 2701250058, 
889) 2702097077, 
890) 2702694810, 
891) 2707410586, 
892) 2709056296, 
893) 2713779890, 
894) 2714787259, 
895) 2722655184, 
896) 2723585043, 
897) 2725753707, 
898) 2726387192, 
899) 2726621188, 
900) 2728008725, 
901) 2734088846, 
902) 2734796612, 
903) 2739014467, 
904) 2739500354, 
905) 2744013518, 
906) 2744436753, 
907) 2751029964, 
908) 2751115340, 
909) 2752895238, 
910) 2753870688, 
911) 2760785039, 
912) 2762165959, 
913) 2762333200, 
914) 2768500320, 
915) 2769191475, 
916) 2780927425, 
917) 2790467162, 
918) 2792062561, 
919) 2793661386, 
920) 2794486104, 
921) 2795122239, 
922) 2796718413, 
923) 2796917800, 
924) 2801172316, 
925) 2811475215, 
926) 2814100628, 
927) 2814912016, 
928) 2816887214, 
929) 2818755401, 
930) 2820703042, 
931) 2822989425, 
932) 2824139901, 
933) 2825059362, 
934) 2825685063, 
935) 2826940064, 
936) 2829283539, 
937) 2829368932, 
938) 2830264056, 
939) 2838750121, 
940) 2839743073, 
941) 2841108186, 
942) 2844774341, 
943) 2845278015, 
944) 2848895333, 
945) 2849850879, 
946) 2852160920, 
947) 2852851377, 
948) 2854243809, 
949) 2854357122, 
950) 2854564680, 
951) 2856230071, 
952) 2862709718, 
953) 2866334872, 
954) 2868034471, 
955) 2868464059, 
956) 2871066820, 
957) 2874929717, 
958) 2876089556, 
959) 2877552725, 
960) 2880362991, 
961) 2886187325, 
962) 2887765120, 
963) 2896802260, 
964) 2898814032, 
965) 2901073292, 
966) 2903019581, 
967) 2904167255, 
968) 2905857671, 
969) 2909251730, 
970) 2909901322, 
971) 2910337817, 
972) 2911213748, 
973) 2915869436, 
974) 2918071396, 
975) 2919361184, 
976) 2922629705, 
977) 2925603009, 
978) 2929563795, 
979) 2934999982, 
980) 2940812415, 
981) 2943103292, 
982) 2943183272, 
983) 2948063252, 
984) 2948269690, 
985) 2956625258, 
986) 2956872479, 
987) 2956948503, 
988) 2961281955, 
989) 2965860851, 
990) 2973096368, 
991) 2980231555, 
992) 2986001392, 
993) 2988396913, 
994) 2990247442, 
995) 2990645461, 
996) 2992517600, 
997) 2995205450, 
998) 2995624156, 
999) 2995882495, 
