Number of elements is 500
Type of array is sorted
Sorting algorithm - radix
Running time of sorting algorithm is 588ms
0) 2388581, 
1) 2550253, 
2) 3335445, 
3) 5314178, 
4) 7477268, 
5) 7740202, 
6) 8778658, 
7) 13579766, 
8) 13825693, 
9) 16047236, 
10) 17201586, 
11) 27683352, 
12) 28757445, 
13) 31069671, 
14) 42578159, 
15) 47172081, 
16) 48198985, 
17) 50106170, 
18) 53643130, 
19) 56251044, 
20) 63908095, 
21) 64408939, 
22) 66398246, 
23) 67081935, 
24) 68577819, 
25) 75340372, 
26) 75576547, 
27) 89221987, 
28) 107224080, 
29) 114743123, 
30) 115473529, 
31) 120508584, 
32) 125625102, 
33) 129502157, 
34) 131182469, 
35) 140562633, 
36) 144367204, 
37) 145895185, 
38) 148547965, 
39) 154024968, 
40) 163170275, 
41) 166827665, 
42) 168552912, 
43) 171547021, 
44) 173046651, 
45) 176338909, 
46) 178541577, 
47) 194379775, 
48) 196904571, 
49) 197317569, 
50) 197903595, 
51) 202211755, 
52) 207167075, 
53) 212266096, 
54) 216470185, 
55) 220247872, 
56) 220670738, 
57) 229786562, 
58) 233624335, 
59) 237592420, 
60) 240535916, 
61) 245348049, 
62) 258250344, 
63) 260238036, 
64) 266586567, 
65) 268664117, 
66) 272837959, 
67) 276869631, 
68) 278289798, 
69) 281076461, 
70) 296576292, 
71) 306466075, 
72) 307049708, 
73) 308947053, 
74) 323531384, 
75) 328171598, 
76) 337130517, 
77) 340181366, 
78) 353089716, 
79) 357894586, 
80) 367799347, 
81) 369026374, 
82) 370475725, 
83) 374644913, 
84) 393591038, 
85) 406466983, 
86) 407368203, 
87) 419339230, 
88) 420828097, 
89) 422716470, 
90) 423057168, 
91) 426829147, 
92) 442970971, 
93) 451978774, 
94) 456955664, 
95) 461122432, 
96) 462678000, 
97) 463805590, 
98) 474737290, 
99) 480029097, 
100) 481696904, 
101) 484451654, 
102) 485045725, 
103) 488140992, 
104) 502538845, 
105) 516184540, 
106) 529542824, 
107) 534905005, 
108) 541487490, 
109) 545552200, 
110) 550498033, 
111) 553438984, 
112) 554352755, 
113) 560276782, 
114) 561490503, 
115) 581832309, 
116) 589700189, 
117) 591538664, 
118) 599117734, 
119) 619425507, 
120) 631635906, 
121) 632307227, 
122) 639298209, 
123) 640004078, 
124) 641101970, 
125) 642744701, 
126) 650220770, 
127) 654067619, 
128) 659930232, 
129) 667307204, 
130) 687734770, 
131) 691603022, 
132) 696393900, 
133) 699833975, 
134) 702503044, 
135) 705927191, 
136) 709841834, 
137) 715649206, 
138) 717014961, 
139) 723924040, 
140) 728773184, 
141) 731084237, 
142) 750852917, 
143) 770280533, 
144) 772559881, 
145) 775411206, 
146) 777087286, 
147) 780901826, 
148) 783946616, 
149) 797532456, 
150) 809001158, 
151) 810671142, 
152) 817535441, 
153) 828678851, 
154) 832155357, 
155) 842120838, 
156) 858530188, 
157) 885105083, 
158) 885591686, 
159) 888862380, 
160) 889135203, 
161) 908376495, 
162) 916097912, 
163) 918492266, 
164) 919351661, 
165) 938428547, 
166) 942505145, 
167) 943197830, 
168) 943659322, 
169) 972104991, 
170) 978321855, 
171) 981985009, 
172) 983362916, 
173) 998044804, 
174) 1001867333, 
175) 1010524380, 
176) 1013545308, 
177) 1020336608, 
178) 1023277825, 
179) 1026932522, 
180) 1028567739, 
181) 1029749288, 
182) 1038540352, 
183) 1040751852, 
184) 1044945889, 
185) 1045616425, 
186) 1046364734, 
187) 1052376694, 
188) 1057466578, 
189) 1062266304, 
190) 1073908456, 
191) 1099026263, 
192) 1100443800, 
193) 1115944762, 
194) 1125032722, 
195) 1126025583, 
196) 1132510227, 
197) 1138765509, 
198) 1139282285, 
199) 1152165591, 
200) 1160377957, 
201) 1160526745, 
202) 1161685608, 
203) 1178634307, 
204) 1199446525, 
205) 1200985989, 
206) 1222971302, 
207) 1226534140, 
208) 1231972090, 
209) 1232895981, 
210) 1247967476, 
211) 1250920365, 
212) 1255739880, 
213) 1274613383, 
214) 1282669692, 
215) 1283865071, 
216) 1288395891, 
217) 1289052909, 
218) 1293148691, 
219) 1299695676, 
220) 1299808827, 
221) 1307786860, 
222) 1307826718, 
223) 1316064257, 
224) 1320000347, 
225) 1324915041, 
226) 1330402699, 
227) 1334439656, 
228) 1342216693, 
229) 1361893136, 
230) 1367522106, 
231) 1394046331, 
232) 1407852575, 
233) 1410335907, 
234) 1418112616, 
235) 1419382200, 
236) 1429649756, 
237) 1431752405, 
238) 1436078146, 
239) 1437468165, 
240) 1441703057, 
241) 1446774862, 
242) 1457095002, 
243) 1464598892, 
244) 1468079162, 
245) 1485888757, 
246) 1486147255, 
247) 1486377462, 
248) 1488821974, 
249) 1497244600, 
250) 1500928495, 
251) 1515605627, 
252) 1516503029, 
253) 1534942144, 
254) 1535028256, 
255) 1535835680, 
256) 1547835983, 
257) 1552079943, 
258) 1555438492, 
259) 1575009580, 
260) 1575726442, 
261) 1588948028, 
262) 1591522811, 
263) 1592962111, 
264) 1595877736, 
265) 1596439007, 
266) 1607916664, 
267) 1610461843, 
268) 1620060359, 
269) 1620871634, 
270) 1630114220, 
271) 1637519476, 
272) 1638670450, 
273) 1658115071, 
274) 1665306232, 
275) 1679699115, 
276) 1697170941, 
277) 1714267357, 
278) 1714492395, 
279) 1719523310, 
280) 1729612252, 
281) 1736868057, 
282) 1741151554, 
283) 1745445404, 
284) 1752247824, 
285) 1761472570, 
286) 1764473154, 
287) 1768940628, 
288) 1770128391, 
289) 1772745687, 
290) 1773382134, 
291) 1791772580, 
292) 1808313316, 
293) 1809164433, 
294) 1812735360, 
295) 1816098074, 
296) 1818835371, 
297) 1822443568, 
298) 1824997981, 
299) 1826809318, 
300) 1828370902, 
301) 1828772829, 
302) 1829094379, 
303) 1856313430, 
304) 1859833571, 
305) 1864978790, 
306) 1867204840, 
307) 1871127206, 
308) 1879821005, 
309) 1880701646, 
310) 1885333722, 
311) 1892147639, 
312) 1895132185, 
313) 1895179416, 
314) 1900297111, 
315) 1904398948, 
316) 1915870404, 
317) 1922785119, 
318) 1935028402, 
319) 1940232674, 
320) 1944009115, 
321) 1949652367, 
322) 1950909053, 
323) 1957323360, 
324) 1968979390, 
325) 1970282901, 
326) 1975815891, 
327) 1987415525, 
328) 1989707671, 
329) 1995885552, 
330) 1996567981, 
331) 1996624812, 
332) 2008453823, 
333) 2019724959, 
334) 2026426592, 
335) 2026733335, 
336) 2029798895, 
337) 2034103275, 
338) 2037421722, 
339) 2051802206, 
340) 2057077388, 
341) 2057642276, 
342) 2066973224, 
343) 2070871309, 
344) 2071222305, 
345) 2073943782, 
346) 2083730380, 
347) 2089622023, 
348) 2089784605, 
349) 2095033870, 
350) 2098676919, 
351) 2104464766, 
352) 2107432871, 
353) 2108032613, 
354) 2124203024, 
355) 2125756940, 
356) 2126776263, 
357) 2142049870, 
358) 2144982110, 
359) 2147615282, 
360) 2147799378, 
361) 2150470658, 
362) 2151861835, 
363) 2152616724, 
364) 2154306138, 
365) 2168728715, 
366) 2168801202, 
367) 2170477295, 
368) 2183449045, 
369) 2184205915, 
370) 2189988418, 
371) 2200717920, 
372) 2201145621, 
373) 2203177838, 
374) 2204425202, 
375) 2233859479, 
376) 2236529496, 
377) 2244980557, 
378) 2253842129, 
379) 2260131340, 
380) 2263587745, 
381) 2272101094, 
382) 2297414307, 
383) 2303262822, 
384) 2305782375, 
385) 2324173303, 
386) 2326379089, 
387) 2329953561, 
388) 2351516840, 
389) 2358682192, 
390) 2359752834, 
391) 2360751034, 
392) 2374275196, 
393) 2375419320, 
394) 2378250867, 
395) 2383211295, 
396) 2384219993, 
397) 2388993268, 
398) 2391211257, 
399) 2392234623, 
400) 2407618282, 
401) 2409622299, 
402) 2410144700, 
403) 2411434111, 
404) 2412967740, 
405) 2413324295, 
406) 2419863843, 
407) 2420752334, 
408) 2427650392, 
409) 2432840540, 
410) 2434737526, 
411) 2461577519, 
412) 2462341578, 
413) 2465697977, 
414) 2473265788, 
415) 2473802603, 
416) 2476138600, 
417) 2480804668, 
418) 2481801010, 
419) 2482467741, 
420) 2503059386, 
421) 2506259776, 
422) 2512597678, 
423) 2517306801, 
424) 2518848021, 
425) 2527771846, 
426) 2532438113, 
427) 2535507693, 
428) 2535919713, 
429) 2548306588, 
430) 2550961856, 
431) 2551631401, 
432) 2558102581, 
433) 2558208477, 
434) 2560596145, 
435) 2564579037, 
436) 2573261738, 
437) 2587722701, 
438) 2605625391, 
439) 2614719333, 
440) 2622860879, 
441) 2629308160, 
442) 2637672317, 
443) 2639850753, 
444) 2645428160, 
445) 2647211427, 
446) 2650646255, 
447) 2660839796, 
448) 2664784759, 
449) 2684209947, 
450) 2687152164, 
451) 2701253690, 
452) 2709363961, 
453) 2713635557, 
454) 2723262955, 
455) 2733604697, 
456) 2742578671, 
457) 2743805858, 
458) 2744251308, 
459) 2751086678, 
460) 2755803338, 
461) 2775905322, 
462) 2775950214, 
463) 2776175947, 
464) 2776575710, 
465) 2777508921, 
466) 2778854247, 
467) 2794375466, 
468) 2798408239, 
469) 2798513815, 
470) 2806376971, 
471) 2809496333, 
472) 2828240587, 
473) 2831796345, 
474) 2842777372, 
475) 2845378585, 
476) 2846112141, 
477) 2852231393, 
478) 2880139414, 
479) 2901651552, 
480) 2904684197, 
481) 2916161269, 
482) 2917808457, 
483) 2919210494, 
484) 2921786051, 
485) 2929842505, 
486) 2932250467, 
487) 2932874321, 
488) 2933818796, 
489) 2936827984, 
490) 2939957433, 
491) 2951953145, 
492) 2952251755, 
493) 2953236182, 
494) 2963557184, 
495) 2963883912, 
496) 2985498573, 
497) 2988196316, 
498) 2991657602, 
499) 2994481354, 
