Number of elements is 500
Type of array is reversed
Sorting algorithm - radix
Running time of sorting algorithm is 552ms
0) 3377424, 
1) 3677061, 
2) 3976276, 
3) 6769647, 
4) 14923963, 
5) 28320037, 
6) 29577612, 
7) 32759714, 
8) 35768466, 
9) 49115492, 
10) 57326578, 
11) 68993232, 
12) 70867113, 
13) 74647968, 
14) 79776303, 
15) 83493666, 
16) 87588480, 
17) 112930388, 
18) 119961601, 
19) 125995872, 
20) 128010465, 
21) 132576112, 
22) 155396921, 
23) 156552851, 
24) 158435216, 
25) 168708915, 
26) 176893589, 
27) 177408953, 
28) 179710116, 
29) 192063772, 
30) 193647269, 
31) 196581146, 
32) 196781656, 
33) 214426929, 
34) 215880611, 
35) 217912096, 
36) 219885229, 
37) 224675192, 
38) 239530665, 
39) 240278398, 
40) 253052673, 
41) 254232274, 
42) 263464016, 
43) 283275706, 
44) 295374624, 
45) 302320991, 
46) 308856118, 
47) 310748591, 
48) 316411249, 
49) 332495586, 
50) 332733542, 
51) 334417659, 
52) 345916435, 
53) 348079987, 
54) 353920626, 
55) 354171053, 
56) 356911178, 
57) 386467003, 
58) 396111270, 
59) 398367480, 
60) 403534690, 
61) 407889620, 
62) 420806448, 
63) 424757508, 
64) 428416854, 
65) 439786630, 
66) 441182179, 
67) 447723575, 
68) 449778985, 
69) 450131016, 
70) 452876792, 
71) 456425371, 
72) 462394446, 
73) 464595776, 
74) 468139622, 
75) 468447680, 
76) 468465858, 
77) 471582572, 
78) 474312197, 
79) 474763844, 
80) 477589194, 
81) 493547080, 
82) 496629305, 
83) 499201103, 
84) 504691103, 
85) 511504862, 
86) 515173336, 
87) 517447177, 
88) 533904013, 
89) 545240908, 
90) 552898933, 
91) 554963198, 
92) 555220837, 
93) 560985255, 
94) 565992247, 
95) 568232959, 
96) 573259357, 
97) 583130440, 
98) 599022283, 
99) 610586682, 
100) 611129887, 
101) 616430848, 
102) 622638855, 
103) 629294059, 
104) 631793060, 
105) 642609623, 
106) 645118439, 
107) 645967323, 
108) 652971987, 
109) 657561467, 
110) 665154499, 
111) 673788757, 
112) 674792828, 
113) 678749432, 
114) 680483241, 
115) 682292473, 
116) 682506300, 
117) 691253136, 
118) 697182330, 
119) 701323645, 
120) 716161100, 
121) 718401508, 
122) 719104226, 
123) 721948066, 
124) 727015637, 
125) 728832124, 
126) 728936756, 
127) 739080734, 
128) 739798088, 
129) 744491937, 
130) 757649141, 
131) 761388941, 
132) 775635545, 
133) 784977181, 
134) 790500906, 
135) 792512500, 
136) 796148169, 
137) 809199361, 
138) 809457469, 
139) 814407561, 
140) 817451968, 
141) 817717237, 
142) 820103032, 
143) 837195604, 
144) 843311583, 
145) 856454468, 
146) 856956040, 
147) 881100043, 
148) 888834896, 
149) 888940541, 
150) 890212734, 
151) 890397976, 
152) 910901078, 
153) 918934152, 
154) 925502949, 
155) 926085900, 
156) 927285680, 
157) 931897988, 
158) 933577233, 
159) 936868205, 
160) 940097887, 
161) 944125017, 
162) 951455026, 
163) 959762646, 
164) 960992564, 
165) 962319359, 
166) 965468164, 
167) 977283571, 
168) 983669755, 
169) 983879934, 
170) 987115369, 
171) 1001095135, 
172) 1037456165, 
173) 1047508092, 
174) 1052448341, 
175) 1054450887, 
176) 1056762155, 
177) 1061452876, 
178) 1073484299, 
179) 1077047495, 
180) 1079065624, 
181) 1089921529, 
182) 1090732599, 
183) 1097527988, 
184) 1097829742, 
185) 1111995088, 
186) 1116792824, 
187) 1120182428, 
188) 1133298339, 
189) 1139666178, 
190) 1143894909, 
191) 1179563580, 
192) 1180597178, 
193) 1188127631, 
194) 1188360068, 
195) 1190577573, 
196) 1203527210, 
197) 1207177179, 
198) 1212875396, 
199) 1221426899, 
200) 1225792597, 
201) 1231273423, 
202) 1234015622, 
203) 1238829821, 
204) 1240673743, 
205) 1248748233, 
206) 1250122194, 
207) 1255074578, 
208) 1260642440, 
209) 1267135760, 
210) 1275537108, 
211) 1277035713, 
212) 1278301620, 
213) 1279067757, 
214) 1287428423, 
215) 1293692716, 
216) 1318884275, 
217) 1323680109, 
218) 1323997380, 
219) 1326156532, 
220) 1328555284, 
221) 1329180578, 
222) 1336800092, 
223) 1340823220, 
224) 1351538266, 
225) 1357987390, 
226) 1361921764, 
227) 1365195870, 
228) 1368750259, 
229) 1369763907, 
230) 1369964151, 
231) 1370587686, 
232) 1377879586, 
233) 1382919859, 
234) 1399820179, 
235) 1423575241, 
236) 1430735594, 
237) 1434559247, 
238) 1440053558, 
239) 1445724013, 
240) 1454313087, 
241) 1454594359, 
242) 1458271346, 
243) 1472043076, 
244) 1478280636, 
245) 1487548858, 
246) 1492973554, 
247) 1510018318, 
248) 1512969721, 
249) 1516966988, 
250) 1519761289, 
251) 1521760452, 
252) 1523687826, 
253) 1525894206, 
254) 1535058387, 
255) 1538210960, 
256) 1545646838, 
257) 1548061494, 
258) 1554083471, 
259) 1564945726, 
260) 1582304908, 
261) 1596570938, 
262) 1601319451, 
263) 1601647376, 
264) 1604402421, 
265) 1608117461, 
266) 1608344028, 
267) 1627410127, 
268) 1630519532, 
269) 1631069869, 
270) 1631688837, 
271) 1635897084, 
272) 1645606842, 
273) 1653223436, 
274) 1659376343, 
275) 1659791286, 
276) 1662578540, 
277) 1679549699, 
278) 1688057645, 
279) 1689323023, 
280) 1696919307, 
281) 1697917417, 
282) 1707741814, 
283) 1711808647, 
284) 1724731894, 
285) 1750559370, 
286) 1750932107, 
287) 1765925186, 
288) 1775914004, 
289) 1778123836, 
290) 1779302998, 
291) 1780688591, 
292) 1786483390, 
293) 1792309966, 
294) 1795724672, 
295) 1796667807, 
296) 1799887154, 
297) 1804110301, 
298) 1807272384, 
299) 1834898214, 
300) 1839946757, 
301) 1845903119, 
302) 1865331668, 
303) 1866632430, 
304) 1869027264, 
305) 1869666697, 
306) 1872729243, 
307) 1883508668, 
308) 1894975237, 
309) 1895918214, 
310) 1908111238, 
311) 1923301774, 
312) 1927046501, 
313) 1935091814, 
314) 1935486702, 
315) 1950015471, 
316) 1960684036, 
317) 1983707821, 
318) 1983800948, 
319) 1985100727, 
320) 2000773864, 
321) 2001178000, 
322) 2006037657, 
323) 2007869189, 
324) 2024421275, 
325) 2028920572, 
326) 2032222949, 
327) 2034882278, 
328) 2039197772, 
329) 2056699551, 
330) 2057195213, 
331) 2060931513, 
332) 2076205624, 
333) 2085413277, 
334) 2088704238, 
335) 2092716105, 
336) 2097780559, 
337) 2100596533, 
338) 2105126168, 
339) 2113955121, 
340) 2126465660, 
341) 2129811948, 
342) 2139563844, 
343) 2145444616, 
344) 2157391900, 
345) 2165537524, 
346) 2166551318, 
347) 2169300491, 
348) 2178094538, 
349) 2178658872, 
350) 2181879377, 
351) 2186350646, 
352) 2188563996, 
353) 2198865439, 
354) 2199785424, 
355) 2199939513, 
356) 2213708800, 
357) 2214912588, 
358) 2215689219, 
359) 2221771114, 
360) 2234637437, 
361) 2238765808, 
362) 2244528821, 
363) 2251189631, 
364) 2251591886, 
365) 2258995597, 
366) 2264211564, 
367) 2265779734, 
368) 2266702301, 
369) 2267309718, 
370) 2268222867, 
371) 2279333296, 
372) 2279899291, 
373) 2280023236, 
374) 2286053488, 
375) 2291313628, 
376) 2296518247, 
377) 2299771700, 
378) 2301373969, 
379) 2301924781, 
380) 2302528241, 
381) 2304942254, 
382) 2308236391, 
383) 2316393336, 
384) 2323577996, 
385) 2324674686, 
386) 2325866798, 
387) 2326144144, 
388) 2327132992, 
389) 2328201088, 
390) 2335256180, 
391) 2352811051, 
392) 2362466808, 
393) 2370514921, 
394) 2378559400, 
395) 2383325107, 
396) 2388477662, 
397) 2398451279, 
398) 2406260509, 
399) 2415586716, 
400) 2419283644, 
401) 2450188256, 
402) 2450769804, 
403) 2454426620, 
404) 2456177985, 
405) 2464945176, 
406) 2467897012, 
407) 2499455002, 
408) 2500335752, 
409) 2514936843, 
410) 2519902310, 
411) 2524249741, 
412) 2525042836, 
413) 2525859509, 
414) 2545824274, 
415) 2545951508, 
416) 2549573978, 
417) 2550847093, 
418) 2555732289, 
419) 2556044421, 
420) 2559649709, 
421) 2565887645, 
422) 2566143789, 
423) 2566290686, 
424) 2569687114, 
425) 2573970501, 
426) 2583730216, 
427) 2584121179, 
428) 2585315168, 
429) 2593161355, 
430) 2598514445, 
431) 2598582522, 
432) 2598712711, 
433) 2600530692, 
434) 2607581831, 
435) 2615168418, 
436) 2632747255, 
437) 2633367881, 
438) 2641168356, 
439) 2641443719, 
440) 2641927756, 
441) 2647561790, 
442) 2647727787, 
443) 2649032852, 
444) 2652251754, 
445) 2665022482, 
446) 2672219959, 
447) 2672796210, 
448) 2679075457, 
449) 2700858797, 
450) 2710272857, 
451) 2712142488, 
452) 2724285513, 
453) 2741394578, 
454) 2756811130, 
455) 2761958251, 
456) 2764986838, 
457) 2766689721, 
458) 2770444782, 
459) 2775254286, 
460) 2777223288, 
461) 2788556760, 
462) 2793295312, 
463) 2795963775, 
464) 2797300208, 
465) 2811145960, 
466) 2812538866, 
467) 2814915954, 
468) 2818200714, 
469) 2829573563, 
470) 2830713661, 
471) 2836340710, 
472) 2837445485, 
473) 2850460318, 
474) 2851597611, 
475) 2857740506, 
476) 2870126298, 
477) 2871428247, 
478) 2874521000, 
479) 2885218839, 
480) 2885802053, 
481) 2887287143, 
482) 2895461007, 
483) 2897810483, 
484) 2927491772, 
485) 2942972987, 
486) 2943241608, 
487) 2963998577, 
488) 2965824926, 
489) 2972237950, 
490) 2975645548, 
491) 2977797969, 
492) 2984277845, 
493) 2984323351, 
494) 2991382237, 
495) 2991704286, 
496) 2992920380, 
497) 2994456685, 
498) 2996858816, 
499) 2998894456, 
