Number of elements is 5000
Type of array is reversed
Sorting algorithm - radix
Running time of sorting algorithm is 6069ms
0) 914131, 
1) 1205549, 
2) 1248847, 
3) 2530988, 
4) 3597333, 
5) 3898785, 
6) 5382280, 
7) 5910183, 
8) 9370808, 
9) 9743300, 
10) 10424418, 
11) 10726012, 
12) 11339151, 
13) 12165773, 
14) 12211117, 
15) 13425479, 
16) 13635055, 
17) 14252696, 
18) 14624689, 
19) 15014038, 
20) 16325132, 
21) 17156842, 
22) 18258735, 
23) 19726987, 
24) 20526353, 
25) 20848011, 
26) 21773957, 
27) 21862552, 
28) 22087538, 
29) 24465895, 
30) 25959179, 
31) 26026108, 
32) 26069738, 
33) 26289566, 
34) 26791747, 
35) 26800543, 
36) 27020111, 
37) 27210570, 
38) 27782587, 
39) 28803642, 
40) 30734308, 
41) 30777987, 
42) 31027074, 
43) 32244179, 
44) 32415416, 
45) 32919065, 
46) 33020206, 
47) 34058958, 
48) 36199268, 
49) 37107783, 
50) 38017845, 
51) 38092980, 
52) 38405562, 
53) 38681751, 
54) 39154954, 
55) 40214826, 
56) 40532244, 
57) 41109163, 
58) 41178925, 
59) 42642562, 
60) 42691309, 
61) 43560736, 
62) 43948925, 
63) 46591680, 
64) 46799330, 
65) 47075588, 
66) 47411509, 
67) 48087810, 
68) 48210293, 
69) 48425294, 
70) 48722988, 
71) 49230340, 
72) 49281274, 
73) 49290597, 
74) 49537489, 
75) 49724621, 
76) 49981090, 
77) 50500682, 
78) 51379134, 
79) 51489633, 
80) 52975917, 
81) 53143223, 
82) 53457105, 
83) 53555882, 
84) 53661799, 
85) 53872362, 
86) 53961411, 
87) 54509332, 
88) 54709956, 
89) 54740513, 
90) 55084406, 
91) 55454392, 
92) 56296623, 
93) 57353649, 
94) 57447561, 
95) 57544162, 
96) 58966648, 
97) 59484360, 
98) 61041047, 
99) 61113254, 
100) 61965327, 
101) 62178257, 
102) 62715062, 
103) 63014454, 
104) 67472780, 
105) 70494199, 
106) 73341507, 
107) 73883800, 
108) 74651364, 
109) 74707806, 
110) 75850904, 
111) 76240066, 
112) 77204029, 
113) 77322617, 
114) 78210735, 
115) 78316658, 
116) 78419891, 
117) 78615877, 
118) 79187886, 
119) 79932242, 
120) 80056314, 
121) 80738723, 
122) 82768601, 
123) 83034490, 
124) 83214305, 
125) 84329422, 
126) 86137706, 
127) 86359853, 
128) 86623921, 
129) 87069322, 
130) 87158984, 
131) 87782591, 
132) 87982487, 
133) 88174024, 
134) 88528402, 
135) 89337442, 
136) 89353175, 
137) 89624950, 
138) 89737422, 
139) 89772017, 
140) 90208576, 
141) 90325114, 
142) 92114949, 
143) 92235569, 
144) 92486124, 
145) 92978825, 
146) 93545304, 
147) 94661228, 
148) 94665829, 
149) 94672406, 
150) 95072006, 
151) 96540795, 
152) 97324018, 
153) 100685496, 
154) 100712619, 
155) 101335008, 
156) 101347868, 
157) 101961359, 
158) 102689437, 
159) 102930082, 
160) 103161354, 
161) 104871031, 
162) 105380063, 
163) 106444336, 
164) 108780869, 
165) 110132331, 
166) 110757965, 
167) 110840885, 
168) 112362994, 
169) 112560712, 
170) 113610357, 
171) 114860990, 
172) 116257402, 
173) 117063795, 
174) 118527807, 
175) 118838927, 
176) 119266335, 
177) 119301795, 
178) 120138224, 
179) 123024583, 
180) 123103431, 
181) 123310275, 
182) 126534463, 
183) 126778165, 
184) 126804299, 
185) 127330568, 
186) 127680806, 
187) 128055026, 
188) 129314229, 
189) 129607125, 
190) 129795591, 
191) 129947534, 
192) 130492929, 
193) 130679277, 
194) 130776574, 
195) 130909142, 
196) 131035043, 
197) 132611679, 
198) 133115095, 
199) 133320219, 
200) 133652283, 
201) 134029609, 
202) 135406497, 
203) 135406639, 
204) 136121191, 
205) 136255663, 
206) 136441111, 
207) 136692746, 
208) 138560521, 
209) 140311965, 
210) 140416375, 
211) 140451237, 
212) 141051429, 
213) 141168380, 
214) 141691390, 
215) 144483257, 
216) 145897636, 
217) 146586007, 
218) 147103773, 
219) 149829746, 
220) 150796715, 
221) 151115552, 
222) 151374780, 
223) 152868269, 
224) 153058076, 
225) 153659779, 
226) 153860596, 
227) 153898621, 
228) 154668730, 
229) 154740133, 
230) 155383966, 
231) 155592905, 
232) 155719313, 
233) 157064118, 
234) 158376922, 
235) 159259844, 
236) 160028591, 
237) 160535285, 
238) 160536080, 
239) 161247978, 
240) 161640639, 
241) 162036504, 
242) 163698775, 
243) 163766915, 
244) 164181883, 
245) 164681692, 
246) 166702183, 
247) 166777249, 
248) 168504200, 
249) 169355345, 
250) 169914716, 
251) 170940819, 
252) 171964370, 
253) 172322483, 
254) 172341679, 
255) 172560704, 
256) 172797043, 
257) 173213535, 
258) 174030282, 
259) 174490498, 
260) 175086296, 
261) 175845489, 
262) 177291791, 
263) 177298728, 
264) 178563963, 
265) 178698850, 
266) 178982105, 
267) 179322308, 
268) 179939455, 
269) 180137871, 
270) 180475787, 
271) 180495107, 
272) 180870390, 
273) 181031503, 
274) 181579686, 
275) 182844943, 
276) 183238406, 
277) 183934532, 
278) 184093246, 
279) 184193245, 
280) 184690982, 
281) 184948517, 
282) 185005683, 
283) 185413096, 
284) 186638825, 
285) 186875825, 
286) 187005909, 
287) 187877255, 
288) 188401080, 
289) 190399042, 
290) 191271647, 
291) 191824844, 
292) 192248630, 
293) 193419912, 
294) 193645561, 
295) 193789218, 
296) 195301650, 
297) 195597690, 
298) 196613845, 
299) 196863411, 
300) 196937699, 
301) 198851646, 
302) 199915254, 
303) 199927501, 
304) 202229680, 
305) 202440266, 
306) 203088549, 
307) 203102257, 
308) 203149446, 
309) 203253009, 
310) 203720772, 
311) 203856407, 
312) 204500414, 
313) 206121897, 
314) 206558333, 
315) 208071965, 
316) 208744667, 
317) 208903557, 
318) 209756908, 
319) 209830044, 
320) 210944573, 
321) 210977525, 
322) 211138994, 
323) 211595812, 
324) 212316256, 
325) 212318780, 
326) 212494950, 
327) 213329369, 
328) 213596719, 
329) 213792758, 
330) 214422201, 
331) 215106417, 
332) 215164213, 
333) 216307487, 
334) 216524394, 
335) 216576767, 
336) 216740336, 
337) 217236121, 
338) 217733471, 
339) 217984856, 
340) 218036055, 
341) 218217552, 
342) 218428568, 
343) 218550716, 
344) 218552336, 
345) 218948068, 
346) 219093358, 
347) 219974464, 
348) 221438891, 
349) 222422861, 
350) 222667393, 
351) 223386059, 
352) 223644111, 
353) 223809650, 
354) 223973693, 
355) 223999078, 
356) 224679231, 
357) 224762384, 
358) 225425755, 
359) 225782968, 
360) 226554036, 
361) 226862511, 
362) 226881970, 
363) 227460178, 
364) 228918482, 
365) 230722191, 
366) 231691998, 
367) 232027759, 
368) 234308161, 
369) 234447474, 
370) 237353985, 
371) 238576978, 
372) 238698280, 
373) 240149165, 
374) 240784146, 
375) 240841581, 
376) 240842993, 
377) 242558797, 
378) 243474199, 
379) 244236652, 
380) 245258169, 
381) 247557010, 
382) 247738015, 
383) 248013874, 
384) 248085299, 
385) 249167282, 
386) 249575672, 
387) 249874106, 
388) 250157233, 
389) 250521605, 
390) 251148142, 
391) 251494376, 
392) 251870561, 
393) 253105052, 
394) 253296459, 
395) 253525695, 
396) 253905469, 
397) 254733088, 
398) 256112138, 
399) 256935523, 
400) 257057664, 
401) 257284946, 
402) 258521600, 
403) 259233878, 
404) 259248358, 
405) 259710823, 
406) 260520840, 
407) 261320717, 
408) 262118012, 
409) 262469282, 
410) 262845256, 
411) 263160641, 
412) 264002960, 
413) 264292841, 
414) 264305942, 
415) 264647413, 
416) 266979572, 
417) 267236236, 
418) 267749783, 
419) 268401991, 
420) 268821568, 
421) 269388364, 
422) 270186404, 
423) 271707633, 
424) 271845784, 
425) 272277644, 
426) 272819345, 
427) 273535319, 
428) 273666952, 
429) 273944276, 
430) 274007829, 
431) 274198664, 
432) 274796801, 
433) 274953705, 
434) 274998328, 
435) 277324073, 
436) 278909699, 
437) 279255119, 
438) 279441849, 
439) 279987841, 
440) 283834790, 
441) 284155548, 
442) 284166026, 
443) 284524749, 
444) 285223096, 
445) 286469158, 
446) 287709832, 
447) 288063736, 
448) 288079123, 
449) 288371678, 
450) 288382665, 
451) 288620564, 
452) 288932659, 
453) 289585363, 
454) 289740012, 
455) 290755923, 
456) 292323644, 
457) 292549370, 
458) 293870300, 
459) 294264454, 
460) 295552255, 
461) 295821045, 
462) 296229090, 
463) 296306767, 
464) 297245796, 
465) 297314869, 
466) 298017689, 
467) 298894966, 
468) 299888714, 
469) 300606549, 
470) 300982596, 
471) 301086323, 
472) 301187619, 
473) 301187843, 
474) 302464903, 
475) 302975746, 
476) 303658194, 
477) 304286922, 
478) 304681585, 
479) 304826093, 
480) 305057263, 
481) 305148358, 
482) 305310929, 
483) 305665750, 
484) 306182870, 
485) 306639370, 
486) 307321674, 
487) 308019866, 
488) 308072503, 
489) 308395051, 
490) 308832936, 
491) 309252569, 
492) 309575173, 
493) 311031838, 
494) 311466871, 
495) 313221047, 
496) 313498989, 
497) 315188114, 
498) 315705698, 
499) 315719899, 
500) 315985316, 
501) 316087921, 
502) 316259663, 
503) 316820029, 
504) 317461742, 
505) 318096190, 
506) 318685764, 
507) 318720412, 
508) 318799873, 
509) 319349749, 
510) 319966847, 
511) 320344431, 
512) 320562395, 
513) 323340560, 
514) 324890115, 
515) 325996609, 
516) 327333533, 
517) 327645518, 
518) 328275916, 
519) 331559667, 
520) 331775037, 
521) 333071959, 
522) 333162473, 
523) 334100798, 
524) 334195194, 
525) 335248928, 
526) 337084664, 
527) 337261416, 
528) 337334130, 
529) 337899289, 
530) 338185557, 
531) 338722189, 
532) 338941312, 
533) 338965432, 
534) 339514031, 
535) 339739623, 
536) 339870474, 
537) 340126624, 
538) 340851971, 
539) 341290412, 
540) 341385594, 
541) 341696143, 
542) 341840144, 
543) 342014956, 
544) 343334374, 
545) 343698879, 
546) 344586072, 
547) 344707787, 
548) 345078412, 
549) 346154067, 
550) 348407750, 
551) 348782636, 
552) 349323795, 
553) 349518583, 
554) 349627762, 
555) 349676376, 
556) 349872711, 
557) 350379151, 
558) 351444384, 
559) 352596372, 
560) 353212754, 
561) 354165370, 
562) 355323998, 
563) 356663202, 
564) 356964533, 
565) 357970374, 
566) 359092996, 
567) 359999264, 
568) 360125734, 
569) 360445502, 
570) 360557241, 
571) 361260578, 
572) 362217516, 
573) 362390788, 
574) 363199495, 
575) 363537803, 
576) 363616384, 
577) 364680026, 
578) 364964482, 
579) 365229760, 
580) 365368937, 
581) 365402280, 
582) 366107798, 
583) 366215300, 
584) 366267447, 
585) 368700038, 
586) 369496265, 
587) 370285998, 
588) 370743188, 
589) 371782023, 
590) 372364244, 
591) 373009407, 
592) 373079057, 
593) 373469441, 
594) 373641061, 
595) 373692348, 
596) 374030303, 
597) 374129363, 
598) 375124960, 
599) 375485920, 
600) 375538564, 
601) 375692082, 
602) 375911843, 
603) 376536944, 
604) 377356831, 
605) 377753386, 
606) 377963921, 
607) 378568017, 
608) 379258059, 
609) 379501116, 
610) 380132331, 
611) 380368710, 
612) 381165047, 
613) 381174693, 
614) 381315467, 
615) 383262652, 
616) 383987898, 
617) 384516192, 
618) 384566808, 
619) 384991137, 
620) 385462261, 
621) 386316649, 
622) 386828357, 
623) 386940693, 
624) 388240655, 
625) 388367603, 
626) 388430046, 
627) 389022662, 
628) 389232811, 
629) 389615616, 
630) 390007689, 
631) 390081264, 
632) 391049597, 
633) 391355498, 
634) 391500791, 
635) 391878284, 
636) 392072895, 
637) 392215737, 
638) 394534977, 
639) 394896979, 
640) 394964182, 
641) 395305826, 
642) 395523011, 
643) 395740900, 
644) 395829760, 
645) 395888933, 
646) 396025897, 
647) 396437753, 
648) 396525412, 
649) 396556768, 
650) 396613144, 
651) 397665263, 
652) 397780264, 
653) 398164808, 
654) 398696359, 
655) 399320175, 
656) 399778772, 
657) 400043837, 
658) 401264683, 
659) 401444701, 
660) 402237684, 
661) 402398734, 
662) 402600930, 
663) 403761366, 
664) 404379445, 
665) 406809525, 
666) 407465774, 
667) 407688935, 
668) 408130769, 
669) 408146456, 
670) 408760623, 
671) 409290114, 
672) 409378056, 
673) 409752788, 
674) 409948810, 
675) 411416331, 
676) 411463975, 
677) 411557328, 
678) 413392910, 
679) 413901236, 
680) 414854324, 
681) 416005676, 
682) 416514367, 
683) 416556602, 
684) 416717132, 
685) 416938025, 
686) 417418215, 
687) 417853590, 
688) 418220145, 
689) 418380607, 
690) 418691166, 
691) 418879782, 
692) 419435238, 
693) 419715518, 
694) 420198280, 
695) 422142718, 
696) 422264105, 
697) 422397715, 
698) 423032953, 
699) 423106417, 
700) 424728723, 
701) 425122500, 
702) 425839861, 
703) 426478196, 
704) 427016588, 
705) 427263127, 
706) 427547925, 
707) 428775563, 
708) 429269114, 
709) 429542260, 
710) 430719689, 
711) 431700888, 
712) 432173880, 
713) 433397386, 
714) 433961983, 
715) 434244835, 
716) 434403619, 
717) 436197791, 
718) 436943900, 
719) 437229158, 
720) 437904325, 
721) 438008126, 
722) 438275302, 
723) 438497660, 
724) 440200759, 
725) 440339338, 
726) 440952861, 
727) 441029132, 
728) 441218464, 
729) 442118200, 
730) 442235905, 
731) 442310497, 
732) 442601187, 
733) 442773428, 
734) 443908044, 
735) 443997904, 
736) 444222716, 
737) 444616712, 
738) 445570865, 
739) 445637680, 
740) 447564733, 
741) 448774004, 
742) 450748260, 
743) 451978447, 
744) 453553668, 
745) 454829366, 
746) 454899896, 
747) 456300473, 
748) 456390868, 
749) 456653138, 
750) 456673928, 
751) 457150763, 
752) 458669750, 
753) 460426290, 
754) 460522663, 
755) 460908351, 
756) 461994814, 
757) 463115258, 
758) 463328703, 
759) 463624591, 
760) 464092224, 
761) 464445491, 
762) 465032815, 
763) 465443270, 
764) 465959314, 
765) 466879799, 
766) 467172688, 
767) 467507743, 
768) 468354323, 
769) 468765520, 
770) 469911045, 
771) 469934468, 
772) 470057695, 
773) 470618395, 
774) 470733768, 
775) 470983317, 
776) 471575011, 
777) 472241563, 
778) 473332961, 
779) 473430287, 
780) 473470190, 
781) 473673739, 
782) 473686713, 
783) 473732857, 
784) 473851957, 
785) 474341052, 
786) 474599886, 
787) 474998817, 
788) 475352104, 
789) 476999422, 
790) 477156302, 
791) 477457607, 
792) 478029016, 
793) 478994374, 
794) 479754960, 
795) 480898352, 
796) 481007915, 
797) 481102258, 
798) 481377394, 
799) 482444248, 
800) 482844689, 
801) 484309299, 
802) 484337230, 
803) 484551739, 
804) 487066664, 
805) 487142298, 
806) 487150882, 
807) 487213184, 
808) 487504535, 
809) 487555625, 
810) 488156209, 
811) 488406311, 
812) 488605143, 
813) 489432366, 
814) 490007695, 
815) 490548215, 
816) 494548781, 
817) 495278498, 
818) 496493309, 
819) 496533059, 
820) 496928784, 
821) 497290165, 
822) 497450089, 
823) 497475618, 
824) 497559197, 
825) 497854219, 
826) 498376044, 
827) 498564150, 
828) 499808022, 
829) 499862310, 
830) 499883612, 
831) 500095193, 
832) 500709672, 
833) 501458892, 
834) 501600872, 
835) 501953339, 
836) 502113140, 
837) 502787062, 
838) 502990150, 
839) 503814888, 
840) 504227102, 
841) 505893830, 
842) 505900464, 
843) 505972306, 
844) 505985455, 
845) 508242366, 
846) 509124420, 
847) 509140462, 
848) 509245010, 
849) 509260497, 
850) 509810194, 
851) 510080990, 
852) 511302699, 
853) 511788853, 
854) 511792306, 
855) 512184736, 
856) 513015902, 
857) 513458444, 
858) 513753727, 
859) 514510540, 
860) 514783645, 
861) 516035434, 
862) 516258249, 
863) 516580848, 
864) 517120775, 
865) 517225456, 
866) 517343555, 
867) 520123256, 
868) 520321587, 
869) 520550693, 
870) 520755559, 
871) 522236287, 
872) 522839074, 
873) 522913218, 
874) 524090100, 
875) 524639468, 
876) 527167610, 
877) 527235629, 
878) 527754297, 
879) 527892615, 
880) 528091663, 
881) 528797168, 
882) 529750699, 
883) 530563276, 
884) 530773807, 
885) 531206558, 
886) 531689166, 
887) 534577700, 
888) 535293238, 
889) 535606599, 
890) 536353488, 
891) 536509941, 
892) 537044600, 
893) 537138408, 
894) 537581166, 
895) 538230966, 
896) 538527749, 
897) 539582972, 
898) 539980840, 
899) 540573830, 
900) 540578579, 
901) 540628323, 
902) 540815215, 
903) 540912842, 
904) 541386386, 
905) 541660665, 
906) 542131821, 
907) 542970072, 
908) 543358436, 
909) 543712221, 
910) 543998649, 
911) 544186868, 
912) 544690546, 
913) 546823816, 
914) 547234952, 
915) 547914534, 
916) 548244103, 
917) 548592154, 
918) 549675951, 
919) 549956404, 
920) 550314958, 
921) 550467430, 
922) 551598654, 
923) 551928889, 
924) 551940283, 
925) 553690122, 
926) 553782089, 
927) 554277781, 
928) 554532064, 
929) 555393773, 
930) 555871158, 
931) 556845734, 
932) 556854332, 
933) 557800956, 
934) 558106981, 
935) 558273549, 
936) 560391489, 
937) 561207656, 
938) 561416170, 
939) 562074373, 
940) 562694754, 
941) 563163828, 
942) 563422249, 
943) 564278249, 
944) 564390488, 
945) 564483861, 
946) 565345801, 
947) 565797752, 
948) 568273882, 
949) 568739586, 
950) 569243672, 
951) 569348697, 
952) 569846322, 
953) 569904153, 
954) 569924688, 
955) 570557017, 
956) 570828724, 
957) 572497098, 
958) 572582558, 
959) 573056550, 
960) 574005799, 
961) 574707141, 
962) 577798760, 
963) 578675839, 
964) 579640196, 
965) 582068331, 
966) 583281249, 
967) 584729658, 
968) 586415291, 
969) 587378877, 
970) 587969539, 
971) 588101391, 
972) 588333563, 
973) 588901426, 
974) 589661540, 
975) 589914561, 
976) 590462106, 
977) 591011044, 
978) 591538492, 
979) 591713854, 
980) 591876095, 
981) 592963131, 
982) 593034248, 
983) 593312190, 
984) 593973845, 
985) 595177323, 
986) 595766774, 
987) 595958535, 
988) 596126719, 
989) 596135235, 
990) 596762565, 
991) 597768273, 
992) 597958802, 
993) 597963386, 
994) 597993320, 
995) 598640027, 
996) 600478450, 
997) 602018994, 
998) 602322321, 
999) 603680567, 
1000) 604476077, 
1001) 605467598, 
1002) 606014203, 
1003) 606272887, 
1004) 608048965, 
1005) 608290806, 
1006) 608295599, 
1007) 609415217, 
1008) 609990460, 
1009) 611540842, 
1010) 612834149, 
1011) 613040193, 
1012) 613380452, 
1013) 613633779, 
1014) 614383211, 
1015) 614748843, 
1016) 616030970, 
1017) 616978410, 
1018) 617012253, 
1019) 617906455, 
1020) 619582798, 
1021) 619947641, 
1022) 619999022, 
1023) 620045935, 
1024) 620244670, 
1025) 621474899, 
1026) 621980006, 
1027) 622248487, 
1028) 623680749, 
1029) 624800589, 
1030) 626612539, 
1031) 627209637, 
1032) 629033414, 
1033) 629718541, 
1034) 630489420, 
1035) 630534055, 
1036) 631036669, 
1037) 631598965, 
1038) 631765752, 
1039) 632391988, 
1040) 633092741, 
1041) 633397370, 
1042) 633847865, 
1043) 634332321, 
1044) 635700187, 
1045) 635797837, 
1046) 636204421, 
1047) 637346638, 
1048) 637842266, 
1049) 638792779, 
1050) 639030508, 
1051) 639628205, 
1052) 640750737, 
1053) 641416051, 
1054) 641802690, 
1055) 642045511, 
1056) 642738136, 
1057) 643119946, 
1058) 643216095, 
1059) 643227350, 
1060) 644623364, 
1061) 645213675, 
1062) 645289107, 
1063) 645453717, 
1064) 646755256, 
1065) 646888555, 
1066) 647168556, 
1067) 648674753, 
1068) 649333750, 
1069) 649523953, 
1070) 649798977, 
1071) 650309756, 
1072) 651497156, 
1073) 651514801, 
1074) 651810079, 
1075) 653287211, 
1076) 654388315, 
1077) 655385749, 
1078) 655756193, 
1079) 656969518, 
1080) 657576414, 
1081) 657790248, 
1082) 658875161, 
1083) 659154963, 
1084) 659298780, 
1085) 659828762, 
1086) 660379346, 
1087) 660476208, 
1088) 660539898, 
1089) 660984941, 
1090) 661824297, 
1091) 662421653, 
1092) 663210047, 
1093) 663556390, 
1094) 664273549, 
1095) 665118302, 
1096) 666559998, 
1097) 667211483, 
1098) 667228950, 
1099) 667623262, 
1100) 668504881, 
1101) 669230536, 
1102) 669510100, 
1103) 670069218, 
1104) 671926299, 
1105) 673337657, 
1106) 673348924, 
1107) 673505118, 
1108) 673529721, 
1109) 673852190, 
1110) 674089748, 
1111) 674165427, 
1112) 674296793, 
1113) 674578243, 
1114) 674733652, 
1115) 674890012, 
1116) 675172947, 
1117) 675464211, 
1118) 675648166, 
1119) 676723304, 
1120) 677336866, 
1121) 677441325, 
1122) 677991705, 
1123) 678040658, 
1124) 679930270, 
1125) 680340408, 
1126) 681183113, 
1127) 681888053, 
1128) 682807135, 
1129) 683523343, 
1130) 683935682, 
1131) 684059237, 
1132) 684238546, 
1133) 684436809, 
1134) 685634864, 
1135) 685672184, 
1136) 685927365, 
1137) 687105336, 
1138) 687858652, 
1139) 688105783, 
1140) 690180825, 
1141) 690831889, 
1142) 691359161, 
1143) 693176945, 
1144) 695078913, 
1145) 695659337, 
1146) 695857386, 
1147) 697039226, 
1148) 697595599, 
1149) 697793145, 
1150) 698187806, 
1151) 698262340, 
1152) 698629991, 
1153) 699704003, 
1154) 700402352, 
1155) 700679850, 
1156) 701467978, 
1157) 701875500, 
1158) 701920735, 
1159) 702317686, 
1160) 703280451, 
1161) 703323940, 
1162) 703837884, 
1163) 705499254, 
1164) 705834936, 
1165) 707557335, 
1166) 707895302, 
1167) 708768332, 
1168) 708890120, 
1169) 709004078, 
1170) 709093962, 
1171) 709542629, 
1172) 709646018, 
1173) 710349129, 
1174) 710422771, 
1175) 710567628, 
1176) 710895159, 
1177) 711736589, 
1178) 712559698, 
1179) 713437012, 
1180) 713988469, 
1181) 714159546, 
1182) 715136711, 
1183) 715297680, 
1184) 715309185, 
1185) 715525082, 
1186) 717857178, 
1187) 717874983, 
1188) 718063780, 
1189) 719388613, 
1190) 719643124, 
1191) 720239857, 
1192) 720749656, 
1193) 722443049, 
1194) 722731013, 
1195) 722886817, 
1196) 723309923, 
1197) 724059546, 
1198) 724528916, 
1199) 724726799, 
1200) 725967573, 
1201) 726956448, 
1202) 728383736, 
1203) 728764969, 
1204) 729714002, 
1205) 730135466, 
1206) 730460335, 
1207) 731344404, 
1208) 731671187, 
1209) 731984423, 
1210) 733064532, 
1211) 733713223, 
1212) 733833699, 
1213) 733985476, 
1214) 734084291, 
1215) 734243221, 
1216) 734579368, 
1217) 734751874, 
1218) 735006447, 
1219) 738416386, 
1220) 739309777, 
1221) 739752624, 
1222) 740175493, 
1223) 740589995, 
1224) 741648188, 
1225) 741961304, 
1226) 742109038, 
1227) 742516164, 
1228) 742557056, 
1229) 742689292, 
1230) 742891289, 
1231) 744216974, 
1232) 744560166, 
1233) 746321994, 
1234) 746811969, 
1235) 748626525, 
1236) 749033000, 
1237) 749925475, 
1238) 750327484, 
1239) 751261067, 
1240) 751484235, 
1241) 751654030, 
1242) 752080002, 
1243) 752116807, 
1244) 752488059, 
1245) 752850496, 
1246) 752867895, 
1247) 753215426, 
1248) 754173494, 
1249) 754497769, 
1250) 755561274, 
1251) 755651655, 
1252) 756120365, 
1253) 756127730, 
1254) 756362574, 
1255) 756892600, 
1256) 760013510, 
1257) 760701846, 
1258) 761224252, 
1259) 761700569, 
1260) 761785725, 
1261) 762171339, 
1262) 762448276, 
1263) 762551159, 
1264) 762725076, 
1265) 763948895, 
1266) 765847817, 
1267) 766380391, 
1268) 766946866, 
1269) 767045506, 
1270) 767112071, 
1271) 768152441, 
1272) 770408986, 
1273) 771130033, 
1274) 772546709, 
1275) 772742961, 
1276) 772913544, 
1277) 773901742, 
1278) 776173144, 
1279) 776430855, 
1280) 777237676, 
1281) 777877971, 
1282) 779330280, 
1283) 779863501, 
1284) 779978887, 
1285) 780200036, 
1286) 780804655, 
1287) 780987171, 
1288) 781845768, 
1289) 782479606, 
1290) 782536990, 
1291) 782798261, 
1292) 783343177, 
1293) 783625095, 
1294) 783738889, 
1295) 784276231, 
1296) 785116833, 
1297) 785121143, 
1298) 785307072, 
1299) 785845944, 
1300) 785926215, 
1301) 786297111, 
1302) 786585993, 
1303) 787688002, 
1304) 787766936, 
1305) 788208650, 
1306) 788611854, 
1307) 789886339, 
1308) 790711193, 
1309) 791243430, 
1310) 791281307, 
1311) 791880992, 
1312) 791976728, 
1313) 792879276, 
1314) 793605266, 
1315) 794185143, 
1316) 794576613, 
1317) 796315784, 
1318) 796661812, 
1319) 798029260, 
1320) 798366400, 
1321) 798418664, 
1322) 799163700, 
1323) 800561232, 
1324) 801496620, 
1325) 801735957, 
1326) 802294225, 
1327) 804352112, 
1328) 804382343, 
1329) 805118972, 
1330) 806332883, 
1331) 806770618, 
1332) 807063267, 
1333) 807590925, 
1334) 807602061, 
1335) 807985329, 
1336) 809337416, 
1337) 809437808, 
1338) 810125059, 
1339) 810348045, 
1340) 811242253, 
1341) 811506774, 
1342) 811573117, 
1343) 811610871, 
1344) 812184274, 
1345) 813554317, 
1346) 813555381, 
1347) 815665533, 
1348) 816648490, 
1349) 817566182, 
1350) 817989451, 
1351) 818351696, 
1352) 819738660, 
1353) 820166063, 
1354) 821567522, 
1355) 821825397, 
1356) 822196632, 
1357) 823827092, 
1358) 824437076, 
1359) 824750610, 
1360) 824759627, 
1361) 825885702, 
1362) 826659913, 
1363) 827876920, 
1364) 828087138, 
1365) 828991316, 
1366) 828993799, 
1367) 829494795, 
1368) 829736504, 
1369) 831948351, 
1370) 832044455, 
1371) 832317647, 
1372) 832433527, 
1373) 833476450, 
1374) 834202753, 
1375) 834533871, 
1376) 834675029, 
1377) 834995349, 
1378) 835646003, 
1379) 836679661, 
1380) 837084343, 
1381) 837340303, 
1382) 837826355, 
1383) 838533125, 
1384) 838722806, 
1385) 838974462, 
1386) 839741639, 
1387) 840024102, 
1388) 840961089, 
1389) 841162117, 
1390) 841278307, 
1391) 841506815, 
1392) 841995016, 
1393) 842130967, 
1394) 842131497, 
1395) 842219029, 
1396) 842735760, 
1397) 843866460, 
1398) 844349424, 
1399) 844378284, 
1400) 844902337, 
1401) 847038946, 
1402) 848269090, 
1403) 848739194, 
1404) 848762788, 
1405) 849298091, 
1406) 849635165, 
1407) 849674585, 
1408) 850222977, 
1409) 850589654, 
1410) 850623045, 
1411) 850891457, 
1412) 852822385, 
1413) 854636809, 
1414) 855304010, 
1415) 856338678, 
1416) 856601368, 
1417) 856604377, 
1418) 856701018, 
1419) 857320516, 
1420) 857473020, 
1421) 857578611, 
1422) 857661630, 
1423) 857711672, 
1424) 857740587, 
1425) 857805191, 
1426) 859299735, 
1427) 861246049, 
1428) 861507439, 
1429) 861686334, 
1430) 861708602, 
1431) 862026988, 
1432) 862156728, 
1433) 862257466, 
1434) 863251195, 
1435) 863580422, 
1436) 863786154, 
1437) 864818904, 
1438) 866048503, 
1439) 866402831, 
1440) 867041178, 
1441) 867326532, 
1442) 867645009, 
1443) 867960042, 
1444) 868737588, 
1445) 868769714, 
1446) 869216273, 
1447) 869632579, 
1448) 870369758, 
1449) 871197086, 
1450) 873130515, 
1451) 874059557, 
1452) 874660243, 
1453) 875619905, 
1454) 877467596, 
1455) 877702332, 
1456) 878486049, 
1457) 879401079, 
1458) 879458616, 
1459) 879596667, 
1460) 879651494, 
1461) 879854557, 
1462) 879867188, 
1463) 880330005, 
1464) 881039170, 
1465) 881364793, 
1466) 881620270, 
1467) 881893202, 
1468) 882442972, 
1469) 882938074, 
1470) 883035900, 
1471) 883158510, 
1472) 884972712, 
1473) 885527522, 
1474) 885537267, 
1475) 886009476, 
1476) 886469018, 
1477) 887112633, 
1478) 887536187, 
1479) 887778424, 
1480) 888064909, 
1481) 888200087, 
1482) 889640088, 
1483) 889887346, 
1484) 891001066, 
1485) 891659512, 
1486) 891701166, 
1487) 893775904, 
1488) 895272980, 
1489) 895641567, 
1490) 896232313, 
1491) 896482727, 
1492) 896632793, 
1493) 896673783, 
1494) 896912018, 
1495) 897516684, 
1496) 898167761, 
1497) 898498663, 
1498) 900683961, 
1499) 900821164, 
1500) 900860627, 
1501) 901115467, 
1502) 901508905, 
1503) 901748309, 
1504) 901934935, 
1505) 902145046, 
1506) 902294605, 
1507) 903414982, 
1508) 903418083, 
1509) 903875426, 
1510) 904903567, 
1511) 905750148, 
1512) 906514319, 
1513) 907467028, 
1514) 907544604, 
1515) 907777232, 
1516) 908663768, 
1517) 908811775, 
1518) 908902610, 
1519) 909249489, 
1520) 909334375, 
1521) 910521432, 
1522) 910743380, 
1523) 910753883, 
1524) 911266882, 
1525) 912115104, 
1526) 913316791, 
1527) 913661400, 
1528) 913789574, 
1529) 914266535, 
1530) 914553561, 
1531) 914892878, 
1532) 915278968, 
1533) 915771245, 
1534) 916483732, 
1535) 916877237, 
1536) 917208181, 
1537) 918020852, 
1538) 918520934, 
1539) 919121383, 
1540) 919315094, 
1541) 919528306, 
1542) 920473090, 
1543) 920945505, 
1544) 920980504, 
1545) 921038616, 
1546) 921443646, 
1547) 922602808, 
1548) 923132815, 
1549) 923141914, 
1550) 923247140, 
1551) 923640638, 
1552) 924274631, 
1553) 924529261, 
1554) 924804197, 
1555) 925119993, 
1556) 925393258, 
1557) 925819832, 
1558) 925872056, 
1559) 925961259, 
1560) 926175071, 
1561) 926969555, 
1562) 927903589, 
1563) 929272954, 
1564) 931508054, 
1565) 931601690, 
1566) 931986050, 
1567) 932600860, 
1568) 933172745, 
1569) 933574358, 
1570) 933965530, 
1571) 935340291, 
1572) 935849529, 
1573) 937861087, 
1574) 938491362, 
1575) 938613692, 
1576) 939197282, 
1577) 939775099, 
1578) 939809988, 
1579) 940378831, 
1580) 940425060, 
1581) 940624473, 
1582) 941006088, 
1583) 941307131, 
1584) 941320109, 
1585) 941965248, 
1586) 942565246, 
1587) 943042819, 
1588) 943464694, 
1589) 943619280, 
1590) 944062990, 
1591) 944389760, 
1592) 944428310, 
1593) 944524703, 
1594) 944939246, 
1595) 945002594, 
1596) 945018466, 
1597) 945095176, 
1598) 945297953, 
1599) 945335462, 
1600) 945486570, 
1601) 945584378, 
1602) 945742313, 
1603) 946823698, 
1604) 948014663, 
1605) 949172430, 
1606) 949265952, 
1607) 949883310, 
1608) 951592262, 
1609) 952001777, 
1610) 952259322, 
1611) 952746720, 
1612) 952899956, 
1613) 952983750, 
1614) 953002400, 
1615) 953960786, 
1616) 954296161, 
1617) 955027343, 
1618) 955649937, 
1619) 956346462, 
1620) 957593580, 
1621) 957616568, 
1622) 957777273, 
1623) 958372627, 
1624) 958476624, 
1625) 958499955, 
1626) 959938702, 
1627) 959947294, 
1628) 960841082, 
1629) 962087405, 
1630) 963096956, 
1631) 963697780, 
1632) 964229385, 
1633) 964706459, 
1634) 964976452, 
1635) 965257506, 
1636) 967068900, 
1637) 967143298, 
1638) 968007420, 
1639) 968641482, 
1640) 970080624, 
1641) 971228583, 
1642) 971366904, 
1643) 971419999, 
1644) 971883809, 
1645) 973385147, 
1646) 974052638, 
1647) 974817497, 
1648) 974979243, 
1649) 975197730, 
1650) 975299424, 
1651) 975866569, 
1652) 976703280, 
1653) 976877568, 
1654) 977605882, 
1655) 977697356, 
1656) 978175569, 
1657) 978276101, 
1658) 978457379, 
1659) 979490631, 
1660) 979762231, 
1661) 979906268, 
1662) 980280833, 
1663) 980890271, 
1664) 981861554, 
1665) 982468171, 
1666) 983826308, 
1667) 984127012, 
1668) 984742922, 
1669) 986792212, 
1670) 986819862, 
1671) 987590970, 
1672) 988715311, 
1673) 989588268, 
1674) 990182902, 
1675) 990628496, 
1676) 991200706, 
1677) 991269826, 
1678) 992330993, 
1679) 992579035, 
1680) 992705015, 
1681) 993136407, 
1682) 993342781, 
1683) 995532821, 
1684) 995691728, 
1685) 996914711, 
1686) 996959932, 
1687) 998154726, 
1688) 998821858, 
1689) 999370741, 
1690) 1000386179, 
1691) 1000663974, 
1692) 1002279083, 
1693) 1003242050, 
1694) 1003319264, 
1695) 1003558977, 
1696) 1003826942, 
1697) 1004706968, 
1698) 1005682421, 
1699) 1005861202, 
1700) 1006082691, 
1701) 1006822655, 
1702) 1007299019, 
1703) 1007473183, 
1704) 1007587777, 
1705) 1008506562, 
1706) 1008863484, 
1707) 1008864380, 
1708) 1008951070, 
1709) 1011207473, 
1710) 1011931033, 
1711) 1012113462, 
1712) 1012519255, 
1713) 1012751050, 
1714) 1013026789, 
1715) 1013880461, 
1716) 1014215542, 
1717) 1014259166, 
1718) 1014328963, 
1719) 1015155726, 
1720) 1015670178, 
1721) 1015979201, 
1722) 1017318291, 
1723) 1018881703, 
1724) 1019289683, 
1725) 1019360736, 
1726) 1019899277, 
1727) 1020000430, 
1728) 1020033107, 
1729) 1020306774, 
1730) 1020778910, 
1731) 1021213493, 
1732) 1021404503, 
1733) 1024069941, 
1734) 1025267639, 
1735) 1026837546, 
1736) 1027119262, 
1737) 1027874876, 
1738) 1029508271, 
1739) 1030266565, 
1740) 1030479135, 
1741) 1030705824, 
1742) 1030800213, 
1743) 1032046454, 
1744) 1034253480, 
1745) 1035061657, 
1746) 1035417883, 
1747) 1035505627, 
1748) 1036619113, 
1749) 1036865648, 
1750) 1036997100, 
1751) 1037377143, 
1752) 1037387223, 
1753) 1037658310, 
1754) 1038903278, 
1755) 1040826927, 
1756) 1041596416, 
1757) 1041744944, 
1758) 1041888604, 
1759) 1042034608, 
1760) 1042358628, 
1761) 1042524226, 
1762) 1044491065, 
1763) 1044637227, 
1764) 1044789543, 
1765) 1045250374, 
1766) 1045306160, 
1767) 1045509470, 
1768) 1046235876, 
1769) 1046642236, 
1770) 1048404298, 
1771) 1049127524, 
1772) 1049220784, 
1773) 1050718931, 
1774) 1051460416, 
1775) 1051791200, 
1776) 1052899557, 
1777) 1052981026, 
1778) 1055335925, 
1779) 1056877570, 
1780) 1056943618, 
1781) 1057885015, 
1782) 1058210874, 
1783) 1058850467, 
1784) 1058995384, 
1785) 1059988795, 
1786) 1061231712, 
1787) 1061352710, 
1788) 1062501701, 
1789) 1065562465, 
1790) 1066416942, 
1791) 1066599497, 
1792) 1067147205, 
1793) 1067718190, 
1794) 1067766687, 
1795) 1068292102, 
1796) 1068430042, 
1797) 1068813292, 
1798) 1069002000, 
1799) 1071170657, 
1800) 1071441555, 
1801) 1071470203, 
1802) 1071986356, 
1803) 1072372129, 
1804) 1073030688, 
1805) 1074610772, 
1806) 1075133572, 
1807) 1076074248, 
1808) 1076188473, 
1809) 1076787830, 
1810) 1077164614, 
1811) 1077324953, 
1812) 1078825449, 
1813) 1079737462, 
1814) 1080560836, 
1815) 1082869501, 
1816) 1083047091, 
1817) 1084430725, 
1818) 1085389765, 
1819) 1085582688, 
1820) 1085701942, 
1821) 1087373526, 
1822) 1088097793, 
1823) 1088647756, 
1824) 1089843798, 
1825) 1089974422, 
1826) 1090980863, 
1827) 1091975043, 
1828) 1093165389, 
1829) 1093566678, 
1830) 1093604986, 
1831) 1093843407, 
1832) 1094243089, 
1833) 1096023190, 
1834) 1096231169, 
1835) 1096706934, 
1836) 1097398423, 
1837) 1097557527, 
1838) 1097559438, 
1839) 1098539635, 
1840) 1098932946, 
1841) 1099435126, 
1842) 1099862519, 
1843) 1100215098, 
1844) 1100698056, 
1845) 1100977916, 
1846) 1102577968, 
1847) 1103937002, 
1848) 1104138307, 
1849) 1104843894, 
1850) 1105228879, 
1851) 1106430645, 
1852) 1106946325, 
1853) 1108618805, 
1854) 1108830252, 
1855) 1108959126, 
1856) 1110472972, 
1857) 1111273279, 
1858) 1111399028, 
1859) 1111751102, 
1860) 1113561236, 
1861) 1113941585, 
1862) 1114999826, 
1863) 1115022747, 
1864) 1115068550, 
1865) 1115763183, 
1866) 1116321695, 
1867) 1116975333, 
1868) 1117539028, 
1869) 1117905911, 
1870) 1118521986, 
1871) 1120422849, 
1872) 1120847260, 
1873) 1121586053, 
1874) 1122340288, 
1875) 1123363627, 
1876) 1123864220, 
1877) 1124436869, 
1878) 1124510072, 
1879) 1124624387, 
1880) 1125172700, 
1881) 1125574403, 
1882) 1125604697, 
1883) 1126104372, 
1884) 1126128080, 
1885) 1126363764, 
1886) 1128061603, 
1887) 1129020645, 
1888) 1129449312, 
1889) 1129506143, 
1890) 1130235707, 
1891) 1130641693, 
1892) 1130659030, 
1893) 1130907553, 
1894) 1130912003, 
1895) 1133829345, 
1896) 1133995792, 
1897) 1134095222, 
1898) 1134692008, 
1899) 1134693720, 
1900) 1135745455, 
1901) 1135967777, 
1902) 1136759785, 
1903) 1136823488, 
1904) 1138614045, 
1905) 1138662821, 
1906) 1139427664, 
1907) 1140009039, 
1908) 1140610459, 
1909) 1140728859, 
1910) 1140769047, 
1911) 1140897951, 
1912) 1142623642, 
1913) 1142656479, 
1914) 1142675793, 
1915) 1143306959, 
1916) 1143766762, 
1917) 1143871616, 
1918) 1144118986, 
1919) 1144937910, 
1920) 1145175467, 
1921) 1146225840, 
1922) 1146314440, 
1923) 1146582968, 
1924) 1147140012, 
1925) 1148638608, 
1926) 1148961895, 
1927) 1149227130, 
1928) 1149969106, 
1929) 1150243616, 
1930) 1150579575, 
1931) 1150690475, 
1932) 1151797811, 
1933) 1152116437, 
1934) 1152760915, 
1935) 1153036019, 
1936) 1153511256, 
1937) 1154924953, 
1938) 1155397201, 
1939) 1156009218, 
1940) 1157434843, 
1941) 1158059032, 
1942) 1159154314, 
1943) 1160235114, 
1944) 1160885687, 
1945) 1161041955, 
1946) 1161641210, 
1947) 1161768568, 
1948) 1161791406, 
1949) 1162014113, 
1950) 1163009644, 
1951) 1164021729, 
1952) 1164937095, 
1953) 1165109359, 
1954) 1166661559, 
1955) 1167180053, 
1956) 1167259035, 
1957) 1168252445, 
1958) 1169593950, 
1959) 1169659524, 
1960) 1169880518, 
1961) 1170064218, 
1962) 1170738939, 
1963) 1170928190, 
1964) 1171365935, 
1965) 1171554818, 
1966) 1172638664, 
1967) 1173173877, 
1968) 1173878494, 
1969) 1174330708, 
1970) 1174701489, 
1971) 1174983494, 
1972) 1175119896, 
1973) 1177431523, 
1974) 1177798929, 
1975) 1179424519, 
1976) 1179992464, 
1977) 1180000763, 
1978) 1181295834, 
1979) 1181534759, 
1980) 1181639098, 
1981) 1181712343, 
1982) 1181801497, 
1983) 1182252130, 
1984) 1182451319, 
1985) 1182967119, 
1986) 1183648382, 
1987) 1183676769, 
1988) 1184197539, 
1989) 1186356072, 
1990) 1186726832, 
1991) 1187297398, 
1992) 1187756534, 
1993) 1188125355, 
1994) 1188345405, 
1995) 1188662166, 
1996) 1189040305, 
1997) 1189059624, 
1998) 1189178653, 
1999) 1190129710, 
2000) 1190296042, 
2001) 1190326097, 
2002) 1190849027, 
2003) 1191281862, 
2004) 1191586165, 
2005) 1191941712, 
2006) 1192745168, 
2007) 1193578882, 
2008) 1195063883, 
2009) 1196187684, 
2010) 1197017909, 
2011) 1197346247, 
2012) 1199675493, 
2013) 1200551705, 
2014) 1201393221, 
2015) 1202094861, 
2016) 1202811718, 
2017) 1203829185, 
2018) 1204165186, 
2019) 1204516409, 
2020) 1204747186, 
2021) 1205097148, 
2022) 1205201704, 
2023) 1206360294, 
2024) 1206365930, 
2025) 1206412955, 
2026) 1206884863, 
2027) 1207526553, 
2028) 1207557091, 
2029) 1208165628, 
2030) 1208688207, 
2031) 1209563819, 
2032) 1209820726, 
2033) 1209867110, 
2034) 1211133846, 
2035) 1213328743, 
2036) 1215396411, 
2037) 1215473721, 
2038) 1216227105, 
2039) 1216855452, 
2040) 1217249597, 
2041) 1217364742, 
2042) 1217824522, 
2043) 1218374391, 
2044) 1219224238, 
2045) 1219411637, 
2046) 1220469214, 
2047) 1221042219, 
2048) 1221159663, 
2049) 1223131084, 
2050) 1223851909, 
2051) 1224175257, 
2052) 1224634182, 
2053) 1226237941, 
2054) 1226482185, 
2055) 1226661377, 
2056) 1226891986, 
2057) 1227578681, 
2058) 1227654118, 
2059) 1228020141, 
2060) 1228702544, 
2061) 1230527746, 
2062) 1231185484, 
2063) 1232065235, 
2064) 1232774108, 
2065) 1232808172, 
2066) 1234351784, 
2067) 1234767254, 
2068) 1234854949, 
2069) 1234980917, 
2070) 1237126109, 
2071) 1237676871, 
2072) 1237986213, 
2073) 1238762543, 
2074) 1239482934, 
2075) 1239612135, 
2076) 1239936679, 
2077) 1240633257, 
2078) 1241564878, 
2079) 1243206267, 
2080) 1243378912, 
2081) 1243935897, 
2082) 1244695859, 
2083) 1244977012, 
2084) 1246524801, 
2085) 1246607740, 
2086) 1246631261, 
2087) 1247163338, 
2088) 1247393801, 
2089) 1248210963, 
2090) 1248533364, 
2091) 1249068097, 
2092) 1249286290, 
2093) 1249312555, 
2094) 1249694261, 
2095) 1249726001, 
2096) 1251011044, 
2097) 1251029545, 
2098) 1251410785, 
2099) 1252771788, 
2100) 1253191477, 
2101) 1253487776, 
2102) 1253896156, 
2103) 1254737854, 
2104) 1256265211, 
2105) 1256550988, 
2106) 1256559645, 
2107) 1257414641, 
2108) 1257582190, 
2109) 1258414005, 
2110) 1258646308, 
2111) 1258665719, 
2112) 1259110044, 
2113) 1259132366, 
2114) 1259223795, 
2115) 1259495799, 
2116) 1260628284, 
2117) 1261102783, 
2118) 1261153227, 
2119) 1262031455, 
2120) 1262523243, 
2121) 1264642494, 
2122) 1265662165, 
2123) 1265734178, 
2124) 1265982160, 
2125) 1265983937, 
2126) 1266018989, 
2127) 1266082466, 
2128) 1266503425, 
2129) 1266886950, 
2130) 1266987887, 
2131) 1268236321, 
2132) 1269814188, 
2133) 1269964087, 
2134) 1270272875, 
2135) 1271276582, 
2136) 1272138061, 
2137) 1272160002, 
2138) 1272598945, 
2139) 1274441782, 
2140) 1274552318, 
2141) 1275930707, 
2142) 1276637309, 
2143) 1276856495, 
2144) 1277134570, 
2145) 1278724810, 
2146) 1278757479, 
2147) 1278792341, 
2148) 1279619836, 
2149) 1280365673, 
2150) 1280483773, 
2151) 1280823767, 
2152) 1282365364, 
2153) 1282850177, 
2154) 1283359576, 
2155) 1284179650, 
2156) 1284185958, 
2157) 1284436030, 
2158) 1284453852, 
2159) 1284843754, 
2160) 1285548370, 
2161) 1286851866, 
2162) 1288050923, 
2163) 1288085945, 
2164) 1288821025, 
2165) 1289370898, 
2166) 1290140620, 
2167) 1290305595, 
2168) 1291388530, 
2169) 1291950357, 
2170) 1292943127, 
2171) 1294322612, 
2172) 1295650729, 
2173) 1296253801, 
2174) 1296353501, 
2175) 1296522617, 
2176) 1297448970, 
2177) 1297542139, 
2178) 1297781117, 
2179) 1299471755, 
2180) 1299575449, 
2181) 1300046178, 
2182) 1300272003, 
2183) 1301012600, 
2184) 1301195749, 
2185) 1301220300, 
2186) 1301597086, 
2187) 1303088815, 
2188) 1303429350, 
2189) 1303524751, 
2190) 1304455948, 
2191) 1304831770, 
2192) 1308471149, 
2193) 1308625675, 
2194) 1308647263, 
2195) 1309382409, 
2196) 1309793014, 
2197) 1310097209, 
2198) 1310539024, 
2199) 1310764503, 
2200) 1311461609, 
2201) 1312249330, 
2202) 1315746600, 
2203) 1316151665, 
2204) 1316194700, 
2205) 1317265273, 
2206) 1317332832, 
2207) 1317355858, 
2208) 1317515598, 
2209) 1317653329, 
2210) 1318038609, 
2211) 1318098543, 
2212) 1318102301, 
2213) 1321201240, 
2214) 1322331550, 
2215) 1323313394, 
2216) 1323674594, 
2217) 1324827994, 
2218) 1324855580, 
2219) 1325146474, 
2220) 1325321403, 
2221) 1325944011, 
2222) 1326544365, 
2223) 1326927194, 
2224) 1328184711, 
2225) 1328720897, 
2226) 1328923390, 
2227) 1329022970, 
2228) 1329124667, 
2229) 1329424012, 
2230) 1330794494, 
2231) 1331512231, 
2232) 1331568976, 
2233) 1331758954, 
2234) 1331899066, 
2235) 1333668104, 
2236) 1335034938, 
2237) 1335435445, 
2238) 1335528365, 
2239) 1338280509, 
2240) 1338379741, 
2241) 1340233701, 
2242) 1342273067, 
2243) 1343281236, 
2244) 1343904250, 
2245) 1344760367, 
2246) 1344808718, 
2247) 1344858893, 
2248) 1346275107, 
2249) 1346574900, 
2250) 1347979058, 
2251) 1348746558, 
2252) 1348814855, 
2253) 1348889136, 
2254) 1349452056, 
2255) 1350129873, 
2256) 1350746343, 
2257) 1351143296, 
2258) 1351389563, 
2259) 1352084975, 
2260) 1353233878, 
2261) 1353244247, 
2262) 1353412423, 
2263) 1353535470, 
2264) 1353879746, 
2265) 1354986038, 
2266) 1355011306, 
2267) 1355061137, 
2268) 1356289071, 
2269) 1357290590, 
2270) 1358004128, 
2271) 1358504760, 
2272) 1358678733, 
2273) 1358826682, 
2274) 1359589732, 
2275) 1359790549, 
2276) 1360998296, 
2277) 1361477578, 
2278) 1362103475, 
2279) 1362188264, 
2280) 1363209183, 
2281) 1364869434, 
2282) 1365019002, 
2283) 1365477310, 
2284) 1365761508, 
2285) 1366088844, 
2286) 1366261906, 
2287) 1367339258, 
2288) 1368070408, 
2289) 1369320323, 
2290) 1370496114, 
2291) 1370786415, 
2292) 1371416393, 
2293) 1371565361, 
2294) 1372620766, 
2295) 1373104736, 
2296) 1373435186, 
2297) 1373607799, 
2298) 1373786636, 
2299) 1374727309, 
2300) 1374794474, 
2301) 1376483506, 
2302) 1377987584, 
2303) 1378666882, 
2304) 1379273535, 
2305) 1381458507, 
2306) 1382372720, 
2307) 1382833436, 
2308) 1383178239, 
2309) 1383276148, 
2310) 1383398770, 
2311) 1384126375, 
2312) 1384835689, 
2313) 1385900392, 
2314) 1386239683, 
2315) 1386402463, 
2316) 1386655177, 
2317) 1387318435, 
2318) 1388040094, 
2319) 1389875952, 
2320) 1390995341, 
2321) 1391752381, 
2322) 1392189895, 
2323) 1394085576, 
2324) 1394689180, 
2325) 1395903048, 
2326) 1397400098, 
2327) 1398108219, 
2328) 1398209203, 
2329) 1398229850, 
2330) 1400216642, 
2331) 1400352105, 
2332) 1400769102, 
2333) 1401018810, 
2334) 1401081576, 
2335) 1401579473, 
2336) 1401986521, 
2337) 1403211132, 
2338) 1403710574, 
2339) 1404126217, 
2340) 1405454076, 
2341) 1405571715, 
2342) 1405572163, 
2343) 1405971136, 
2344) 1406100764, 
2345) 1406303182, 
2346) 1406423744, 
2347) 1407852326, 
2348) 1408053016, 
2349) 1408218258, 
2350) 1408460251, 
2351) 1408566634, 
2352) 1408593393, 
2353) 1410036759, 
2354) 1410291369, 
2355) 1410831901, 
2356) 1412963549, 
2357) 1415705874, 
2358) 1415753178, 
2359) 1417850879, 
2360) 1417992347, 
2361) 1418212172, 
2362) 1419477283, 
2363) 1419789734, 
2364) 1420896161, 
2365) 1421192768, 
2366) 1422660640, 
2367) 1423263955, 
2368) 1424907626, 
2369) 1424916661, 
2370) 1425511112, 
2371) 1425788919, 
2372) 1426258919, 
2373) 1426502767, 
2374) 1426983819, 
2375) 1427387177, 
2376) 1427837549, 
2377) 1428781667, 
2378) 1429210485, 
2379) 1429954308, 
2380) 1430080756, 
2381) 1430556384, 
2382) 1431386282, 
2383) 1431761944, 
2384) 1431976364, 
2385) 1432159111, 
2386) 1432173670, 
2387) 1432432842, 
2388) 1432480516, 
2389) 1432595205, 
2390) 1432596413, 
2391) 1433015257, 
2392) 1434084274, 
2393) 1434839583, 
2394) 1435295216, 
2395) 1436611671, 
2396) 1436813041, 
2397) 1436986293, 
2398) 1437013853, 
2399) 1437224649, 
2400) 1438280852, 
2401) 1439667501, 
2402) 1440675555, 
2403) 1440848524, 
2404) 1441227852, 
2405) 1441861153, 
2406) 1442069385, 
2407) 1442075629, 
2408) 1443015013, 
2409) 1443208630, 
2410) 1443727570, 
2411) 1444280558, 
2412) 1444692647, 
2413) 1444928388, 
2414) 1445830385, 
2415) 1445958244, 
2416) 1446514121, 
2417) 1446674419, 
2418) 1447262787, 
2419) 1447591831, 
2420) 1447775019, 
2421) 1448138293, 
2422) 1448295131, 
2423) 1449142812, 
2424) 1449170275, 
2425) 1449311941, 
2426) 1449446147, 
2427) 1450030314, 
2428) 1451644531, 
2429) 1451885391, 
2430) 1453361268, 
2431) 1453567639, 
2432) 1453765053, 
2433) 1453794211, 
2434) 1454103636, 
2435) 1455141828, 
2436) 1455479481, 
2437) 1455546699, 
2438) 1455775797, 
2439) 1455827616, 
2440) 1455830683, 
2441) 1456158315, 
2442) 1457834900, 
2443) 1458997463, 
2444) 1459917876, 
2445) 1459920024, 
2446) 1461584830, 
2447) 1461615396, 
2448) 1462187710, 
2449) 1462880104, 
2450) 1464430848, 
2451) 1464437282, 
2452) 1464599139, 
2453) 1464779110, 
2454) 1465537619, 
2455) 1466125376, 
2456) 1466533616, 
2457) 1467207118, 
2458) 1469707788, 
2459) 1471650059, 
2460) 1472527760, 
2461) 1472810031, 
2462) 1472845518, 
2463) 1474186293, 
2464) 1474342580, 
2465) 1474850102, 
2466) 1475119599, 
2467) 1475230080, 
2468) 1476145155, 
2469) 1476970351, 
2470) 1477978979, 
2471) 1478258946, 
2472) 1478891031, 
2473) 1479422525, 
2474) 1480193571, 
2475) 1482426476, 
2476) 1482577134, 
2477) 1484727661, 
2478) 1484881525, 
2479) 1485258657, 
2480) 1485324986, 
2481) 1485543022, 
2482) 1485615698, 
2483) 1485920294, 
2484) 1486597336, 
2485) 1486773371, 
2486) 1486775290, 
2487) 1487701823, 
2488) 1489213678, 
2489) 1489276328, 
2490) 1489968837, 
2491) 1491324972, 
2492) 1491372042, 
2493) 1492276144, 
2494) 1492848076, 
2495) 1493202309, 
2496) 1493496917, 
2497) 1493652858, 
2498) 1493863846, 
2499) 1493871442, 
2500) 1494070425, 
2501) 1494094005, 
2502) 1494638723, 
2503) 1494748519, 
2504) 1494777397, 
2505) 1494824331, 
2506) 1495332603, 
2507) 1495812697, 
2508) 1495832616, 
2509) 1496103992, 
2510) 1496456268, 
2511) 1497878265, 
2512) 1497967844, 
2513) 1498899225, 
2514) 1500295740, 
2515) 1500469743, 
2516) 1500777096, 
2517) 1501513874, 
2518) 1501668817, 
2519) 1501982220, 
2520) 1502548760, 
2521) 1504619174, 
2522) 1505663545, 
2523) 1506383481, 
2524) 1506386750, 
2525) 1507980659, 
2526) 1508368056, 
2527) 1508397722, 
2528) 1510323313, 
2529) 1510619352, 
2530) 1510935455, 
2531) 1511633347, 
2532) 1513227652, 
2533) 1513983961, 
2534) 1515092543, 
2535) 1515669552, 
2536) 1515908962, 
2537) 1516621084, 
2538) 1516799827, 
2539) 1517448636, 
2540) 1518414187, 
2541) 1518823257, 
2542) 1519934499, 
2543) 1520184334, 
2544) 1521022761, 
2545) 1521622883, 
2546) 1521745492, 
2547) 1522347174, 
2548) 1522645623, 
2549) 1522825947, 
2550) 1522938980, 
2551) 1523393793, 
2552) 1523397911, 
2553) 1523890831, 
2554) 1524267997, 
2555) 1526634806, 
2556) 1527007857, 
2557) 1527050308, 
2558) 1527138852, 
2559) 1528437965, 
2560) 1528904893, 
2561) 1529553524, 
2562) 1530688515, 
2563) 1532203574, 
2564) 1532293937, 
2565) 1533679365, 
2566) 1534022112, 
2567) 1534460720, 
2568) 1535143097, 
2569) 1536976804, 
2570) 1537013056, 
2571) 1537067278, 
2572) 1537589220, 
2573) 1537691099, 
2574) 1541246490, 
2575) 1541839640, 
2576) 1542542871, 
2577) 1544419345, 
2578) 1544684193, 
2579) 1544991500, 
2580) 1548056912, 
2581) 1548227343, 
2582) 1548893102, 
2583) 1548923015, 
2584) 1549854357, 
2585) 1550132479, 
2586) 1550584812, 
2587) 1551089150, 
2588) 1551145544, 
2589) 1552331252, 
2590) 1552441507, 
2591) 1552632569, 
2592) 1553170329, 
2593) 1553381609, 
2594) 1553613927, 
2595) 1553645450, 
2596) 1553676178, 
2597) 1553843666, 
2598) 1553948189, 
2599) 1554216884, 
2600) 1555082162, 
2601) 1555234366, 
2602) 1555705880, 
2603) 1555770705, 
2604) 1556218353, 
2605) 1556448653, 
2606) 1556646938, 
2607) 1556739126, 
2608) 1558349568, 
2609) 1558733881, 
2610) 1559987478, 
2611) 1560003531, 
2612) 1560402124, 
2613) 1561133420, 
2614) 1561337450, 
2615) 1562293597, 
2616) 1562862442, 
2617) 1564379645, 
2618) 1564957810, 
2619) 1565047587, 
2620) 1567090227, 
2621) 1567351588, 
2622) 1570125446, 
2623) 1571698011, 
2624) 1571853287, 
2625) 1573594427, 
2626) 1573894942, 
2627) 1574274271, 
2628) 1574810885, 
2629) 1575300980, 
2630) 1575343736, 
2631) 1575563671, 
2632) 1576590277, 
2633) 1576981663, 
2634) 1577525766, 
2635) 1578807784, 
2636) 1578990559, 
2637) 1579370021, 
2638) 1579465177, 
2639) 1580010995, 
2640) 1580197098, 
2641) 1580687747, 
2642) 1581246117, 
2643) 1581473565, 
2644) 1581589185, 
2645) 1581784873, 
2646) 1582178702, 
2647) 1582400144, 
2648) 1582572308, 
2649) 1583263385, 
2650) 1584026010, 
2651) 1584204561, 
2652) 1584219997, 
2653) 1584361223, 
2654) 1585885042, 
2655) 1586557828, 
2656) 1587016981, 
2657) 1587054373, 
2658) 1587426434, 
2659) 1587551322, 
2660) 1588729844, 
2661) 1589232280, 
2662) 1589493583, 
2663) 1590923228, 
2664) 1592145797, 
2665) 1592350318, 
2666) 1593338179, 
2667) 1594037006, 
2668) 1594083507, 
2669) 1594156552, 
2670) 1594787225, 
2671) 1595674367, 
2672) 1595741181, 
2673) 1595810127, 
2674) 1595977908, 
2675) 1596117886, 
2676) 1596564499, 
2677) 1596739856, 
2678) 1599053701, 
2679) 1599568473, 
2680) 1600482564, 
2681) 1601134921, 
2682) 1601420303, 
2683) 1602147437, 
2684) 1603211795, 
2685) 1603429807, 
2686) 1604311144, 
2687) 1604628015, 
2688) 1605043786, 
2689) 1605974462, 
2690) 1607321154, 
2691) 1608047767, 
2692) 1608231332, 
2693) 1609098480, 
2694) 1609829125, 
2695) 1609859962, 
2696) 1611886568, 
2697) 1612484541, 
2698) 1613708320, 
2699) 1613927648, 
2700) 1615079989, 
2701) 1615233983, 
2702) 1615646157, 
2703) 1615700253, 
2704) 1615818533, 
2705) 1616462112, 
2706) 1617466625, 
2707) 1619124735, 
2708) 1619500357, 
2709) 1619567934, 
2710) 1620288388, 
2711) 1622208409, 
2712) 1622517505, 
2713) 1622738546, 
2714) 1623376802, 
2715) 1624427386, 
2716) 1624627905, 
2717) 1625303005, 
2718) 1625538717, 
2719) 1626617683, 
2720) 1627387017, 
2721) 1628872294, 
2722) 1630164791, 
2723) 1630502580, 
2724) 1631283864, 
2725) 1632408543, 
2726) 1632860644, 
2727) 1634036379, 
2728) 1634236235, 
2729) 1634330214, 
2730) 1634944166, 
2731) 1635786594, 
2732) 1638110141, 
2733) 1638643416, 
2734) 1638902422, 
2735) 1639256760, 
2736) 1639259782, 
2737) 1639309839, 
2738) 1640207637, 
2739) 1640633878, 
2740) 1640799479, 
2741) 1642274788, 
2742) 1642341470, 
2743) 1643359275, 
2744) 1644031699, 
2745) 1644103182, 
2746) 1645876680, 
2747) 1647244576, 
2748) 1647940861, 
2749) 1648030595, 
2750) 1648259625, 
2751) 1648331432, 
2752) 1649526014, 
2753) 1650670844, 
2754) 1650770885, 
2755) 1650997745, 
2756) 1652075794, 
2757) 1652296966, 
2758) 1653597290, 
2759) 1653621466, 
2760) 1654968915, 
2761) 1655618650, 
2762) 1656054698, 
2763) 1656452285, 
2764) 1656632863, 
2765) 1657234221, 
2766) 1657338168, 
2767) 1657940684, 
2768) 1658371549, 
2769) 1659088009, 
2770) 1659383216, 
2771) 1659632582, 
2772) 1659722309, 
2773) 1660111298, 
2774) 1660495287, 
2775) 1661245377, 
2776) 1663043800, 
2777) 1664717845, 
2778) 1665263568, 
2779) 1666530541, 
2780) 1668267247, 
2781) 1668416019, 
2782) 1668533537, 
2783) 1668549115, 
2784) 1668645454, 
2785) 1669830720, 
2786) 1670109729, 
2787) 1670781276, 
2788) 1671109329, 
2789) 1671744312, 
2790) 1672225829, 
2791) 1672269467, 
2792) 1672569162, 
2793) 1673315005, 
2794) 1674329738, 
2795) 1674828293, 
2796) 1675284828, 
2797) 1676831306, 
2798) 1677308810, 
2799) 1677623237, 
2800) 1677996975, 
2801) 1678854851, 
2802) 1680665999, 
2803) 1680803875, 
2804) 1681518821, 
2805) 1682009725, 
2806) 1682068485, 
2807) 1682409243, 
2808) 1682438586, 
2809) 1682932580, 
2810) 1683121130, 
2811) 1683218200, 
2812) 1683761403, 
2813) 1683896195, 
2814) 1684056722, 
2815) 1684302670, 
2816) 1684533376, 
2817) 1684704968, 
2818) 1686820517, 
2819) 1687354674, 
2820) 1687562593, 
2821) 1688158415, 
2822) 1690652976, 
2823) 1690747403, 
2824) 1690932294, 
2825) 1690942641, 
2826) 1692429602, 
2827) 1693478911, 
2828) 1693689071, 
2829) 1694041740, 
2830) 1694873919, 
2831) 1696066250, 
2832) 1696625605, 
2833) 1697317348, 
2834) 1697797648, 
2835) 1698308510, 
2836) 1699804584, 
2837) 1700176241, 
2838) 1700279670, 
2839) 1700488563, 
2840) 1701583948, 
2841) 1702379548, 
2842) 1702631320, 
2843) 1702814884, 
2844) 1703568525, 
2845) 1703857351, 
2846) 1704591403, 
2847) 1705590560, 
2848) 1706000072, 
2849) 1706416135, 
2850) 1708176218, 
2851) 1708267591, 
2852) 1708736891, 
2853) 1709124882, 
2854) 1709313867, 
2855) 1709684793, 
2856) 1709759686, 
2857) 1710806798, 
2858) 1711113535, 
2859) 1711928555, 
2860) 1712264139, 
2861) 1712815846, 
2862) 1713592228, 
2863) 1715269124, 
2864) 1715568157, 
2865) 1715901106, 
2866) 1715954363, 
2867) 1715990066, 
2868) 1716375581, 
2869) 1716569812, 
2870) 1719041343, 
2871) 1719285115, 
2872) 1719371750, 
2873) 1720672906, 
2874) 1720986028, 
2875) 1721078969, 
2876) 1721233741, 
2877) 1721956246, 
2878) 1723159303, 
2879) 1723680145, 
2880) 1725311058, 
2881) 1726055756, 
2882) 1729683985, 
2883) 1729828951, 
2884) 1730472201, 
2885) 1730771934, 
2886) 1730947712, 
2887) 1731846026, 
2888) 1732084642, 
2889) 1733495693, 
2890) 1733648145, 
2891) 1733942781, 
2892) 1734192556, 
2893) 1734337971, 
2894) 1734858194, 
2895) 1736180300, 
2896) 1736493447, 
2897) 1736752929, 
2898) 1736873775, 
2899) 1736945516, 
2900) 1738254047, 
2901) 1738764391, 
2902) 1738779708, 
2903) 1738903567, 
2904) 1739576189, 
2905) 1740855469, 
2906) 1740928969, 
2907) 1741233974, 
2908) 1741273217, 
2909) 1741919734, 
2910) 1743175641, 
2911) 1743364926, 
2912) 1743588371, 
2913) 1743745801, 
2914) 1745118473, 
2915) 1746017498, 
2916) 1746439628, 
2917) 1746518620, 
2918) 1746867786, 
2919) 1749178704, 
2920) 1750108444, 
2921) 1750312051, 
2922) 1751686526, 
2923) 1752452405, 
2924) 1752953721, 
2925) 1755933549, 
2926) 1756361364, 
2927) 1756812939, 
2928) 1756834638, 
2929) 1757158566, 
2930) 1758053270, 
2931) 1759271388, 
2932) 1759808862, 
2933) 1760132234, 
2934) 1762604456, 
2935) 1762851326, 
2936) 1763050568, 
2937) 1763558004, 
2938) 1763665008, 
2939) 1763898614, 
2940) 1764171523, 
2941) 1765047420, 
2942) 1765360141, 
2943) 1766184113, 
2944) 1766530886, 
2945) 1768233690, 
2946) 1768287892, 
2947) 1768913247, 
2948) 1769151056, 
2949) 1770409994, 
2950) 1771090993, 
2951) 1772284345, 
2952) 1775265814, 
2953) 1776041897, 
2954) 1777600929, 
2955) 1778024247, 
2956) 1778851282, 
2957) 1779626310, 
2958) 1781869430, 
2959) 1781960968, 
2960) 1782080349, 
2961) 1782388640, 
2962) 1782661321, 
2963) 1782981001, 
2964) 1784786981, 
2965) 1785392418, 
2966) 1785408198, 
2967) 1785503164, 
2968) 1785772255, 
2969) 1785973266, 
2970) 1786321857, 
2971) 1786858298, 
2972) 1787438328, 
2973) 1789297475, 
2974) 1790114271, 
2975) 1790951338, 
2976) 1791780701, 
2977) 1791897042, 
2978) 1792489352, 
2979) 1792886905, 
2980) 1792960512, 
2981) 1793221225, 
2982) 1793381639, 
2983) 1795505298, 
2984) 1796066820, 
2985) 1796247408, 
2986) 1796477786, 
2987) 1796529540, 
2988) 1796699563, 
2989) 1797030911, 
2990) 1797669471, 
2991) 1800247325, 
2992) 1800288066, 
2993) 1800514221, 
2994) 1801830298, 
2995) 1802538221, 
2996) 1802700183, 
2997) 1802969367, 
2998) 1803322392, 
2999) 1803350499, 
3000) 1804171007, 
3001) 1804516664, 
3002) 1807250875, 
3003) 1807319531, 
3004) 1807382338, 
3005) 1807475031, 
3006) 1807950844, 
3007) 1808301688, 
3008) 1808412687, 
3009) 1808490117, 
3010) 1808775330, 
3011) 1809010126, 
3012) 1810608239, 
3013) 1810621161, 
3014) 1810640178, 
3015) 1810694773, 
3016) 1811460629, 
3017) 1811962158, 
3018) 1812301950, 
3019) 1812760352, 
3020) 1813155413, 
3021) 1813726587, 
3022) 1814065475, 
3023) 1814136585, 
3024) 1814564836, 
3025) 1814749127, 
3026) 1814861293, 
3027) 1815567111, 
3028) 1815578355, 
3029) 1817001673, 
3030) 1817233745, 
3031) 1818431268, 
3032) 1818602090, 
3033) 1819031951, 
3034) 1819359650, 
3035) 1819682146, 
3036) 1820529252, 
3037) 1820723371, 
3038) 1820770046, 
3039) 1821498942, 
3040) 1822716493, 
3041) 1822757871, 
3042) 1822901376, 
3043) 1822940313, 
3044) 1823576344, 
3045) 1823873158, 
3046) 1825111301, 
3047) 1825211845, 
3048) 1825835981, 
3049) 1825886484, 
3050) 1825994837, 
3051) 1826301598, 
3052) 1826323235, 
3053) 1827454539, 
3054) 1828784517, 
3055) 1829267186, 
3056) 1829362733, 
3057) 1829756267, 
3058) 1830178778, 
3059) 1830336180, 
3060) 1830550004, 
3061) 1830968520, 
3062) 1831098743, 
3063) 1831228843, 
3064) 1831250922, 
3065) 1832927820, 
3066) 1835514645, 
3067) 1835675740, 
3068) 1836424017, 
3069) 1837035575, 
3070) 1837509244, 
3071) 1838694392, 
3072) 1840167007, 
3073) 1841443219, 
3074) 1841499648, 
3075) 1841714514, 
3076) 1843731101, 
3077) 1844788159, 
3078) 1844791837, 
3079) 1845444824, 
3080) 1845717916, 
3081) 1845956484, 
3082) 1846717428, 
3083) 1848075717, 
3084) 1848998374, 
3085) 1849395004, 
3086) 1849697162, 
3087) 1849834762, 
3088) 1849862002, 
3089) 1850675070, 
3090) 1851098544, 
3091) 1851725760, 
3092) 1852067976, 
3093) 1852070446, 
3094) 1852457153, 
3095) 1852979600, 
3096) 1852992864, 
3097) 1853935251, 
3098) 1854387920, 
3099) 1855201286, 
3100) 1855626282, 
3101) 1855638216, 
3102) 1856241715, 
3103) 1856733549, 
3104) 1857113721, 
3105) 1858428560, 
3106) 1858837967, 
3107) 1860349483, 
3108) 1860609025, 
3109) 1861138815, 
3110) 1861274513, 
3111) 1861606529, 
3112) 1862046960, 
3113) 1862617219, 
3114) 1862939808, 
3115) 1863686734, 
3116) 1863990057, 
3117) 1864554125, 
3118) 1865076496, 
3119) 1865181983, 
3120) 1865194749, 
3121) 1865543178, 
3122) 1865973761, 
3123) 1866450528, 
3124) 1867457062, 
3125) 1868741475, 
3126) 1869653898, 
3127) 1869907824, 
3128) 1871841153, 
3129) 1871926132, 
3130) 1872008927, 
3131) 1872009432, 
3132) 1872961110, 
3133) 1874858699, 
3134) 1874943591, 
3135) 1875321542, 
3136) 1875975383, 
3137) 1877297368, 
3138) 1877628135, 
3139) 1878553328, 
3140) 1879421967, 
3141) 1879606889, 
3142) 1880761794, 
3143) 1880882493, 
3144) 1881211915, 
3145) 1881448218, 
3146) 1882044408, 
3147) 1882133029, 
3148) 1882633016, 
3149) 1882881598, 
3150) 1884128158, 
3151) 1884432015, 
3152) 1884694963, 
3153) 1885743316, 
3154) 1885748340, 
3155) 1886732401, 
3156) 1888339994, 
3157) 1889195009, 
3158) 1890041508, 
3159) 1890071713, 
3160) 1890167793, 
3161) 1891901166, 
3162) 1894105535, 
3163) 1894271343, 
3164) 1894904632, 
3165) 1895698569, 
3166) 1895903587, 
3167) 1895940704, 
3168) 1896415522, 
3169) 1897851270, 
3170) 1897879627, 
3171) 1898031211, 
3172) 1898660256, 
3173) 1899787756, 
3174) 1899920934, 
3175) 1901370229, 
3176) 1902321382, 
3177) 1902952866, 
3178) 1903356059, 
3179) 1904659899, 
3180) 1905099268, 
3181) 1905359643, 
3182) 1906312822, 
3183) 1906981666, 
3184) 1907725200, 
3185) 1907953303, 
3186) 1908123623, 
3187) 1909408549, 
3188) 1909562166, 
3189) 1909819818, 
3190) 1910281698, 
3191) 1910546764, 
3192) 1911323376, 
3193) 1911402566, 
3194) 1912494182, 
3195) 1912659319, 
3196) 1912727857, 
3197) 1912968790, 
3198) 1913625903, 
3199) 1914142113, 
3200) 1914455247, 
3201) 1914587371, 
3202) 1915568820, 
3203) 1915741355, 
3204) 1915788386, 
3205) 1916227409, 
3206) 1916512605, 
3207) 1917527262, 
3208) 1917621832, 
3209) 1919691263, 
3210) 1919707288, 
3211) 1920134553, 
3212) 1920316210, 
3213) 1921141110, 
3214) 1922017367, 
3215) 1922443080, 
3216) 1922773040, 
3217) 1923408765, 
3218) 1923628036, 
3219) 1923990185, 
3220) 1925023471, 
3221) 1925398042, 
3222) 1925460501, 
3223) 1925554228, 
3224) 1926884396, 
3225) 1926929904, 
3226) 1927328298, 
3227) 1927481335, 
3228) 1927934855, 
3229) 1929441883, 
3230) 1930058524, 
3231) 1930522932, 
3232) 1930915947, 
3233) 1931039120, 
3234) 1931385773, 
3235) 1931690890, 
3236) 1932575122, 
3237) 1932605356, 
3238) 1933395526, 
3239) 1934208844, 
3240) 1934645780, 
3241) 1935012622, 
3242) 1936314111, 
3243) 1937489543, 
3244) 1937860828, 
3245) 1938526627, 
3246) 1939726834, 
3247) 1940104845, 
3248) 1940346525, 
3249) 1942001504, 
3250) 1943048789, 
3251) 1943188923, 
3252) 1943204306, 
3253) 1944303868, 
3254) 1944508035, 
3255) 1944590732, 
3256) 1944940775, 
3257) 1945028885, 
3258) 1946525363, 
3259) 1946846096, 
3260) 1947037913, 
3261) 1947263368, 
3262) 1947720024, 
3263) 1948010662, 
3264) 1948513103, 
3265) 1948934118, 
3266) 1948985569, 
3267) 1950725189, 
3268) 1950895430, 
3269) 1951452044, 
3270) 1951934364, 
3271) 1952420364, 
3272) 1955430688, 
3273) 1955921448, 
3274) 1956244455, 
3275) 1956495965, 
3276) 1956575001, 
3277) 1956819157, 
3278) 1957058265, 
3279) 1957147808, 
3280) 1957423054, 
3281) 1957844340, 
3282) 1959666483, 
3283) 1960418898, 
3284) 1962400059, 
3285) 1962445425, 
3286) 1962543757, 
3287) 1963543836, 
3288) 1964279383, 
3289) 1965319376, 
3290) 1965381165, 
3291) 1966712785, 
3292) 1966925104, 
3293) 1967367644, 
3294) 1969831807, 
3295) 1969950800, 
3296) 1970364230, 
3297) 1970950406, 
3298) 1971474376, 
3299) 1971835035, 
3300) 1971888370, 
3301) 1972907546, 
3302) 1973096900, 
3303) 1974394923, 
3304) 1974738997, 
3305) 1974936844, 
3306) 1975574215, 
3307) 1976141962, 
3308) 1976369060, 
3309) 1976688160, 
3310) 1977871463, 
3311) 1978166293, 
3312) 1978617082, 
3313) 1978629771, 
3314) 1979604330, 
3315) 1981096415, 
3316) 1981692547, 
3317) 1982534627, 
3318) 1982743748, 
3319) 1984157005, 
3320) 1984764189, 
3321) 1985861848, 
3322) 1985977843, 
3323) 1986187001, 
3324) 1987671708, 
3325) 1987871570, 
3326) 1987940720, 
3327) 1988424729, 
3328) 1989044694, 
3329) 1990460205, 
3330) 1990779258, 
3331) 1991494502, 
3332) 1992173797, 
3333) 1993236397, 
3334) 1994151480, 
3335) 1994440162, 
3336) 1995173713, 
3337) 1996385923, 
3338) 1996734866, 
3339) 1999421850, 
3340) 1999610177, 
3341) 2000692862, 
3342) 2001680344, 
3343) 2002258841, 
3344) 2002593019, 
3345) 2003072533, 
3346) 2003656808, 
3347) 2003722658, 
3348) 2004600742, 
3349) 2005001450, 
3350) 2005723799, 
3351) 2006762976, 
3352) 2007252147, 
3353) 2007277283, 
3354) 2007422351, 
3355) 2009107031, 
3356) 2009435963, 
3357) 2009476434, 
3358) 2010302888, 
3359) 2011419048, 
3360) 2012106352, 
3361) 2013508303, 
3362) 2014354665, 
3363) 2014410217, 
3364) 2014672046, 
3365) 2015286844, 
3366) 2015291572, 
3367) 2015738847, 
3368) 2015799992, 
3369) 2015826609, 
3370) 2017918587, 
3371) 2018401960, 
3372) 2018891750, 
3373) 2019169087, 
3374) 2019895394, 
3375) 2020339731, 
3376) 2020764109, 
3377) 2021437691, 
3378) 2021496036, 
3379) 2022431424, 
3380) 2024447701, 
3381) 2025599074, 
3382) 2028329392, 
3383) 2028829731, 
3384) 2029043414, 
3385) 2030635656, 
3386) 2030709982, 
3387) 2031428162, 
3388) 2031888445, 
3389) 2032894708, 
3390) 2033237038, 
3391) 2033306986, 
3392) 2034177188, 
3393) 2035702844, 
3394) 2036696520, 
3395) 2036744650, 
3396) 2037136987, 
3397) 2037337567, 
3398) 2038280132, 
3399) 2038569090, 
3400) 2038570479, 
3401) 2039219165, 
3402) 2040217702, 
3403) 2040372717, 
3404) 2041055409, 
3405) 2041285555, 
3406) 2041380367, 
3407) 2041389435, 
3408) 2042239979, 
3409) 2042442222, 
3410) 2044298442, 
3411) 2044312821, 
3412) 2044805338, 
3413) 2048021130, 
3414) 2050579024, 
3415) 2050606612, 
3416) 2052410315, 
3417) 2052463174, 
3418) 2053530213, 
3419) 2054379869, 
3420) 2054554068, 
3421) 2054785276, 
3422) 2055595594, 
3423) 2056015444, 
3424) 2056521680, 
3425) 2056728308, 
3426) 2056795136, 
3427) 2057941095, 
3428) 2058181433, 
3429) 2058746795, 
3430) 2059587977, 
3431) 2061284751, 
3432) 2062563709, 
3433) 2063394891, 
3434) 2064772275, 
3435) 2065323097, 
3436) 2066602087, 
3437) 2067165168, 
3438) 2067196227, 
3439) 2068414633, 
3440) 2069640620, 
3441) 2069974396, 
3442) 2070309295, 
3443) 2070370728, 
3444) 2070686602, 
3445) 2072491427, 
3446) 2073253942, 
3447) 2073564491, 
3448) 2074429644, 
3449) 2075016176, 
3450) 2075239710, 
3451) 2075603758, 
3452) 2075765323, 
3453) 2076265473, 
3454) 2077475412, 
3455) 2077739353, 
3456) 2078270399, 
3457) 2081233754, 
3458) 2081557600, 
3459) 2081558014, 
3460) 2081774515, 
3461) 2082953477, 
3462) 2083033875, 
3463) 2083599576, 
3464) 2085879652, 
3465) 2086200261, 
3466) 2087208021, 
3467) 2088177774, 
3468) 2088395124, 
3469) 2088565520, 
3470) 2088882871, 
3471) 2089622708, 
3472) 2090751388, 
3473) 2090757240, 
3474) 2090839992, 
3475) 2091809274, 
3476) 2092294240, 
3477) 2093271938, 
3478) 2093417208, 
3479) 2094572824, 
3480) 2094791135, 
3481) 2095085126, 
3482) 2095754343, 
3483) 2096100899, 
3484) 2096191749, 
3485) 2096426277, 
3486) 2099765479, 
3487) 2099891576, 
3488) 2100330256, 
3489) 2100882663, 
3490) 2101149131, 
3491) 2101255778, 
3492) 2101432430, 
3493) 2102779001, 
3494) 2102912090, 
3495) 2104237704, 
3496) 2104267710, 
3497) 2104951683, 
3498) 2105062437, 
3499) 2105805641, 
3500) 2106347690, 
3501) 2107121820, 
3502) 2107287891, 
3503) 2107430060, 
3504) 2108022346, 
3505) 2108287903, 
3506) 2109407441, 
3507) 2110157156, 
3508) 2110613941, 
3509) 2111879554, 
3510) 2112873934, 
3511) 2113065278, 
3512) 2113313353, 
3513) 2113816916, 
3514) 2114808858, 
3515) 2115491513, 
3516) 2116525085, 
3517) 2116706979, 
3518) 2117353195, 
3519) 2117630158, 
3520) 2118745783, 
3521) 2119253343, 
3522) 2119593017, 
3523) 2119755055, 
3524) 2120657444, 
3525) 2120934191, 
3526) 2121021966, 
3527) 2121458856, 
3528) 2122538802, 
3529) 2122684826, 
3530) 2122942161, 
3531) 2123980125, 
3532) 2125039934, 
3533) 2125350467, 
3534) 2125401507, 
3535) 2125581317, 
3536) 2126115855, 
3537) 2126828713, 
3538) 2127047740, 
3539) 2127495882, 
3540) 2128086962, 
3541) 2128601755, 
3542) 2130140022, 
3543) 2130437957, 
3544) 2130659070, 
3545) 2131253872, 
3546) 2131336590, 
3547) 2131386434, 
3548) 2132478845, 
3549) 2132627528, 
3550) 2132988594, 
3551) 2133462724, 
3552) 2134003458, 
3553) 2134357336, 
3554) 2137248591, 
3555) 2137250544, 
3556) 2137465837, 
3557) 2138058249, 
3558) 2138064282, 
3559) 2138287299, 
3560) 2139500253, 
3561) 2139548810, 
3562) 2140795957, 
3563) 2140925822, 
3564) 2141065274, 
3565) 2142099816, 
3566) 2142362055, 
3567) 2142372789, 
3568) 2142442335, 
3569) 2142909178, 
3570) 2143186055, 
3571) 2143229639, 
3572) 2143784240, 
3573) 2144001405, 
3574) 2144394658, 
3575) 2145217796, 
3576) 2145329235, 
3577) 2145401822, 
3578) 2145425568, 
3579) 2146462674, 
3580) 2146501138, 
3581) 2146801277, 
3582) 2147090393, 
3583) 2147323004, 
3584) 2147439947, 
3585) 2147544395, 
3586) 2148309464, 
3587) 2149812576, 
3588) 2150233283, 
3589) 2151815598, 
3590) 2151830405, 
3591) 2152174374, 
3592) 2152246680, 
3593) 2153111396, 
3594) 2153295427, 
3595) 2154509365, 
3596) 2154638224, 
3597) 2154732703, 
3598) 2154823041, 
3599) 2155492900, 
3600) 2156837082, 
3601) 2157953070, 
3602) 2158658447, 
3603) 2159679462, 
3604) 2160062265, 
3605) 2161511435, 
3606) 2162036657, 
3607) 2162402361, 
3608) 2162648821, 
3609) 2163707094, 
3610) 2164197525, 
3611) 2164901257, 
3612) 2165694943, 
3613) 2165719247, 
3614) 2165913083, 
3615) 2165939175, 
3616) 2167120763, 
3617) 2167505080, 
3618) 2167603993, 
3619) 2167775124, 
3620) 2167895079, 
3621) 2167971773, 
3622) 2168062642, 
3623) 2169143695, 
3624) 2169862989, 
3625) 2170602938, 
3626) 2171819788, 
3627) 2171869851, 
3628) 2172624808, 
3629) 2172978275, 
3630) 2173512311, 
3631) 2173845875, 
3632) 2174733780, 
3633) 2175215863, 
3634) 2176003476, 
3635) 2176177039, 
3636) 2176613086, 
3637) 2178180407, 
3638) 2179194641, 
3639) 2179527000, 
3640) 2179746763, 
3641) 2180496064, 
3642) 2180598671, 
3643) 2181991266, 
3644) 2182497385, 
3645) 2182529003, 
3646) 2183743682, 
3647) 2183825585, 
3648) 2185290785, 
3649) 2185855704, 
3650) 2186057612, 
3651) 2186387930, 
3652) 2186605675, 
3653) 2186606931, 
3654) 2186664903, 
3655) 2187600814, 
3656) 2189191157, 
3657) 2189317803, 
3658) 2189797839, 
3659) 2191328430, 
3660) 2193029431, 
3661) 2193169525, 
3662) 2193333806, 
3663) 2193349280, 
3664) 2193882971, 
3665) 2195157431, 
3666) 2195476268, 
3667) 2195701168, 
3668) 2196527630, 
3669) 2196677397, 
3670) 2196844647, 
3671) 2196883635, 
3672) 2196946221, 
3673) 2197608140, 
3674) 2197814667, 
3675) 2198104953, 
3676) 2199087864, 
3677) 2200604065, 
3678) 2202400000, 
3679) 2204214239, 
3680) 2204279513, 
3681) 2204337734, 
3682) 2204519109, 
3683) 2205454762, 
3684) 2205755084, 
3685) 2206909232, 
3686) 2209813772, 
3687) 2211154918, 
3688) 2211463710, 
3689) 2211576394, 
3690) 2211794950, 
3691) 2212288134, 
3692) 2212553710, 
3693) 2212784698, 
3694) 2212836449, 
3695) 2215589340, 
3696) 2215865242, 
3697) 2216262668, 
3698) 2218229359, 
3699) 2218452305, 
3700) 2219180331, 
3701) 2219339227, 
3702) 2219754756, 
3703) 2220193440, 
3704) 2220778940, 
3705) 2222119144, 
3706) 2222218293, 
3707) 2222854934, 
3708) 2222917351, 
3709) 2223691081, 
3710) 2224011174, 
3711) 2224109155, 
3712) 2224663218, 
3713) 2225173061, 
3714) 2225972958, 
3715) 2226168080, 
3716) 2226229651, 
3717) 2228343690, 
3718) 2228939715, 
3719) 2229278497, 
3720) 2229465071, 
3721) 2230478662, 
3722) 2231094699, 
3723) 2231255737, 
3724) 2232577018, 
3725) 2233366731, 
3726) 2233422188, 
3727) 2233443172, 
3728) 2233723836, 
3729) 2234093511, 
3730) 2234295229, 
3731) 2235151280, 
3732) 2235925399, 
3733) 2236061854, 
3734) 2236273304, 
3735) 2237221529, 
3736) 2237269841, 
3737) 2237818306, 
3738) 2238855506, 
3739) 2239220052, 
3740) 2242283036, 
3741) 2243738955, 
3742) 2243788137, 
3743) 2244447384, 
3744) 2245411339, 
3745) 2246348728, 
3746) 2246408429, 
3747) 2246659648, 
3748) 2246738558, 
3749) 2247165376, 
3750) 2247445243, 
3751) 2247737774, 
3752) 2248075359, 
3753) 2250676164, 
3754) 2250917329, 
3755) 2253044377, 
3756) 2253061429, 
3757) 2253161234, 
3758) 2253757134, 
3759) 2254186134, 
3760) 2255319019, 
3761) 2256090550, 
3762) 2256922640, 
3763) 2257217302, 
3764) 2257425171, 
3765) 2258118849, 
3766) 2258198879, 
3767) 2258206205, 
3768) 2258599755, 
3769) 2258740161, 
3770) 2258923784, 
3771) 2258984996, 
3772) 2259053290, 
3773) 2259392503, 
3774) 2259468553, 
3775) 2260184766, 
3776) 2260288594, 
3777) 2260341454, 
3778) 2260511593, 
3779) 2263342209, 
3780) 2264449826, 
3781) 2264462258, 
3782) 2265874924, 
3783) 2266906922, 
3784) 2267094077, 
3785) 2267199073, 
3786) 2268107521, 
3787) 2268227974, 
3788) 2268283747, 
3789) 2268487324, 
3790) 2269165146, 
3791) 2269571799, 
3792) 2269902706, 
3793) 2270008559, 
3794) 2270352552, 
3795) 2270740051, 
3796) 2271382049, 
3797) 2273691618, 
3798) 2274117121, 
3799) 2274290379, 
3800) 2274738448, 
3801) 2277162335, 
3802) 2277462618, 
3803) 2277715459, 
3804) 2277717424, 
3805) 2277896978, 
3806) 2278175773, 
3807) 2278270191, 
3808) 2280250740, 
3809) 2280809208, 
3810) 2281829047, 
3811) 2282249518, 
3812) 2282567812, 
3813) 2283015180, 
3814) 2283100274, 
3815) 2283305833, 
3816) 2283949556, 
3817) 2284495108, 
3818) 2284860494, 
3819) 2285266915, 
3820) 2285403172, 
3821) 2286567478, 
3822) 2286790876, 
3823) 2288242187, 
3824) 2288589601, 
3825) 2288883514, 
3826) 2289297243, 
3827) 2289614771, 
3828) 2289771871, 
3829) 2289961756, 
3830) 2290170237, 
3831) 2290213826, 
3832) 2290360245, 
3833) 2290575567, 
3834) 2292003941, 
3835) 2292328397, 
3836) 2293294897, 
3837) 2295623057, 
3838) 2296293165, 
3839) 2296787100, 
3840) 2296913324, 
3841) 2297063228, 
3842) 2297203176, 
3843) 2298067470, 
3844) 2298815413, 
3845) 2299046749, 
3846) 2299906338, 
3847) 2300078262, 
3848) 2300645282, 
3849) 2300920231, 
3850) 2303521482, 
3851) 2304024420, 
3852) 2305129986, 
3853) 2305233131, 
3854) 2305592398, 
3855) 2307789374, 
3856) 2307824941, 
3857) 2307857165, 
3858) 2308206801, 
3859) 2309140539, 
3860) 2309652765, 
3861) 2310295570, 
3862) 2310500043, 
3863) 2310728371, 
3864) 2310758274, 
3865) 2312348161, 
3866) 2312664592, 
3867) 2312716345, 
3868) 2313624221, 
3869) 2315109156, 
3870) 2315204397, 
3871) 2315420303, 
3872) 2315646697, 
3873) 2316048714, 
3874) 2316725726, 
3875) 2316794919, 
3876) 2316895219, 
3877) 2316926111, 
3878) 2318004054, 
3879) 2319915189, 
3880) 2320068389, 
3881) 2320313062, 
3882) 2321235976, 
3883) 2323614056, 
3884) 2323930712, 
3885) 2324164525, 
3886) 2324952795, 
3887) 2326175281, 
3888) 2330985218, 
3889) 2332744479, 
3890) 2332978461, 
3891) 2333610098, 
3892) 2333709282, 
3893) 2333727205, 
3894) 2334492238, 
3895) 2335415635, 
3896) 2336294439, 
3897) 2337305613, 
3898) 2337508077, 
3899) 2338255508, 
3900) 2338436567, 
3901) 2339378753, 
3902) 2339877913, 
3903) 2340694258, 
3904) 2341873377, 
3905) 2342072547, 
3906) 2342157208, 
3907) 2342209508, 
3908) 2342390850, 
3909) 2342491892, 
3910) 2342906434, 
3911) 2343481535, 
3912) 2343636650, 
3913) 2344701698, 
3914) 2346557456, 
3915) 2348139084, 
3916) 2348912000, 
3917) 2349008191, 
3918) 2349155253, 
3919) 2349189647, 
3920) 2349407173, 
3921) 2349546885, 
3922) 2350508022, 
3923) 2350699818, 
3924) 2352078607, 
3925) 2352401779, 
3926) 2352769695, 
3927) 2353049496, 
3928) 2353185619, 
3929) 2353318110, 
3930) 2353412722, 
3931) 2353560373, 
3932) 2353713537, 
3933) 2354727698, 
3934) 2355689841, 
3935) 2356318013, 
3936) 2357488817, 
3937) 2358390816, 
3938) 2358438730, 
3939) 2358493587, 
3940) 2359643474, 
3941) 2359726351, 
3942) 2360333473, 
3943) 2361479944, 
3944) 2361864120, 
3945) 2362196091, 
3946) 2363290948, 
3947) 2363335161, 
3948) 2363513436, 
3949) 2366708746, 
3950) 2366709639, 
3951) 2366780442, 
3952) 2368340085, 
3953) 2368530331, 
3954) 2370055104, 
3955) 2370227316, 
3956) 2370405160, 
3957) 2372137136, 
3958) 2372310152, 
3959) 2373252237, 
3960) 2373885735, 
3961) 2374655518, 
3962) 2374686989, 
3963) 2375660646, 
3964) 2376267612, 
3965) 2376296543, 
3966) 2376439178, 
3967) 2376946424, 
3968) 2376962101, 
3969) 2378470945, 
3970) 2378577001, 
3971) 2378819718, 
3972) 2380220875, 
3973) 2380459584, 
3974) 2381573746, 
3975) 2381871822, 
3976) 2385255458, 
3977) 2385364468, 
3978) 2385372287, 
3979) 2385434185, 
3980) 2386444039, 
3981) 2386460237, 
3982) 2386847863, 
3983) 2387430330, 
3984) 2388499408, 
3985) 2389246506, 
3986) 2390102275, 
3987) 2390992983, 
3988) 2392699613, 
3989) 2392886059, 
3990) 2393425018, 
3991) 2393811551, 
3992) 2394493910, 
3993) 2395040521, 
3994) 2395996456, 
3995) 2396760456, 
3996) 2396784502, 
3997) 2397354297, 
3998) 2400750900, 
3999) 2400796309, 
4000) 2403017108, 
4001) 2403917895, 
4002) 2404243024, 
4003) 2404373760, 
4004) 2404408260, 
4005) 2404773190, 
4006) 2405297243, 
4007) 2405726072, 
4008) 2406418061, 
4009) 2406887768, 
4010) 2406968711, 
4011) 2407214440, 
4012) 2407408297, 
4013) 2407760007, 
4014) 2407786612, 
4015) 2408391429, 
4016) 2410743188, 
4017) 2410856566, 
4018) 2411548070, 
4019) 2411763089, 
4020) 2412316686, 
4021) 2416079553, 
4022) 2416363961, 
4023) 2416640750, 
4024) 2416903195, 
4025) 2417163759, 
4026) 2417795209, 
4027) 2418011801, 
4028) 2418405848, 
4029) 2418541773, 
4030) 2419284597, 
4031) 2419524073, 
4032) 2420829206, 
4033) 2421436636, 
4034) 2422332884, 
4035) 2422858643, 
4036) 2422973682, 
4037) 2424863264, 
4038) 2425193844, 
4039) 2425198267, 
4040) 2425234851, 
4041) 2425669768, 
4042) 2426313093, 
4043) 2426359710, 
4044) 2426564049, 
4045) 2427785032, 
4046) 2431359353, 
4047) 2432121433, 
4048) 2432203602, 
4049) 2432542918, 
4050) 2433692077, 
4051) 2435051841, 
4052) 2435753251, 
4053) 2435858226, 
4054) 2436077087, 
4055) 2437605527, 
4056) 2437708827, 
4057) 2437826936, 
4058) 2438079835, 
4059) 2439357325, 
4060) 2439562413, 
4061) 2439564170, 
4062) 2439747543, 
4063) 2439773478, 
4064) 2440011556, 
4065) 2440217794, 
4066) 2440770572, 
4067) 2441311519, 
4068) 2441940235, 
4069) 2442870019, 
4070) 2443594712, 
4071) 2444115113, 
4072) 2444238426, 
4073) 2444743636, 
4074) 2444922169, 
4075) 2444951680, 
4076) 2444997202, 
4077) 2445724044, 
4078) 2446365817, 
4079) 2446563308, 
4080) 2446612735, 
4081) 2449895058, 
4082) 2451410755, 
4083) 2452379358, 
4084) 2452657147, 
4085) 2452749634, 
4086) 2452764630, 
4087) 2453043464, 
4088) 2453158025, 
4089) 2453213312, 
4090) 2454339202, 
4091) 2454577140, 
4092) 2456886014, 
4093) 2457827162, 
4094) 2458142906, 
4095) 2458425745, 
4096) 2458801729, 
4097) 2460251827, 
4098) 2460372215, 
4099) 2460599087, 
4100) 2461612557, 
4101) 2462277432, 
4102) 2462502049, 
4103) 2462918305, 
4104) 2463850777, 
4105) 2463869337, 
4106) 2464376650, 
4107) 2465503502, 
4108) 2465769866, 
4109) 2466476613, 
4110) 2467437321, 
4111) 2468010845, 
4112) 2468033964, 
4113) 2469582844, 
4114) 2470259230, 
4115) 2470545606, 
4116) 2471308263, 
4117) 2471334182, 
4118) 2471552580, 
4119) 2471713051, 
4120) 2472798028, 
4121) 2472950883, 
4122) 2474487655, 
4123) 2474607323, 
4124) 2475894701, 
4125) 2476289363, 
4126) 2476861772, 
4127) 2476966426, 
4128) 2477548472, 
4129) 2477995138, 
4130) 2478456622, 
4131) 2478649647, 
4132) 2479563633, 
4133) 2481804370, 
4134) 2483351174, 
4135) 2483863691, 
4136) 2484021114, 
4137) 2485930448, 
4138) 2486302914, 
4139) 2487293691, 
4140) 2489339216, 
4141) 2489750151, 
4142) 2489764723, 
4143) 2490498404, 
4144) 2490996126, 
4145) 2491159122, 
4146) 2492001788, 
4147) 2492138551, 
4148) 2492346140, 
4149) 2492386139, 
4150) 2492429528, 
4151) 2493626724, 
4152) 2493707918, 
4153) 2494202663, 
4154) 2494474869, 
4155) 2495572498, 
4156) 2497142466, 
4157) 2497487864, 
4158) 2497681486, 
4159) 2498798064, 
4160) 2499467906, 
4161) 2499592593, 
4162) 2500999595, 
4163) 2501986314, 
4164) 2502146466, 
4165) 2502444899, 
4166) 2502562276, 
4167) 2503085584, 
4168) 2503089222, 
4169) 2504400398, 
4170) 2505108741, 
4171) 2505571980, 
4172) 2505686999, 
4173) 2505843068, 
4174) 2506172831, 
4175) 2506846881, 
4176) 2507017034, 
4177) 2507396264, 
4178) 2508177662, 
4179) 2508256451, 
4180) 2508822223, 
4181) 2510077565, 
4182) 2511282653, 
4183) 2511364344, 
4184) 2512373950, 
4185) 2512541596, 
4186) 2512605044, 
4187) 2512913177, 
4188) 2513131021, 
4189) 2513214881, 
4190) 2513326829, 
4191) 2513696929, 
4192) 2514421603, 
4193) 2515846328, 
4194) 2517264529, 
4195) 2517566761, 
4196) 2517716842, 
4197) 2518340079, 
4198) 2518484973, 
4199) 2518737177, 
4200) 2518941970, 
4201) 2519411063, 
4202) 2520587738, 
4203) 2520902968, 
4204) 2521168304, 
4205) 2521294595, 
4206) 2521475502, 
4207) 2521745708, 
4208) 2522674260, 
4209) 2522820088, 
4210) 2523734177, 
4211) 2523777804, 
4212) 2524549470, 
4213) 2524572660, 
4214) 2524831156, 
4215) 2525803438, 
4216) 2526804738, 
4217) 2527309076, 
4218) 2528328153, 
4219) 2529715016, 
4220) 2529993683, 
4221) 2531992088, 
4222) 2532042917, 
4223) 2532055664, 
4224) 2532125805, 
4225) 2534465834, 
4226) 2536404405, 
4227) 2536499296, 
4228) 2537090253, 
4229) 2537368987, 
4230) 2538937417, 
4231) 2540231113, 
4232) 2540496329, 
4233) 2540507742, 
4234) 2541607658, 
4235) 2542028745, 
4236) 2542686936, 
4237) 2543063061, 
4238) 2543220773, 
4239) 2544294264, 
4240) 2544705628, 
4241) 2544810709, 
4242) 2545230496, 
4243) 2546722535, 
4244) 2547760739, 
4245) 2547976594, 
4246) 2548132994, 
4247) 2549103724, 
4248) 2549400282, 
4249) 2549536212, 
4250) 2549707618, 
4251) 2549738417, 
4252) 2550453058, 
4253) 2550605873, 
4254) 2551066141, 
4255) 2552527627, 
4256) 2553480397, 
4257) 2553752829, 
4258) 2554991160, 
4259) 2555179736, 
4260) 2555208603, 
4261) 2555297025, 
4262) 2555509151, 
4263) 2555733258, 
4264) 2556261719, 
4265) 2556271938, 
4266) 2556605109, 
4267) 2557265216, 
4268) 2557936984, 
4269) 2558834260, 
4270) 2559346568, 
4271) 2559470029, 
4272) 2559476567, 
4273) 2559907887, 
4274) 2561198707, 
4275) 2561339612, 
4276) 2561870126, 
4277) 2562221116, 
4278) 2562819646, 
4279) 2562969317, 
4280) 2563089564, 
4281) 2563383793, 
4282) 2563668758, 
4283) 2564021975, 
4284) 2565433580, 
4285) 2565904024, 
4286) 2565961917, 
4287) 2566488817, 
4288) 2567214216, 
4289) 2569607589, 
4290) 2570746767, 
4291) 2570800916, 
4292) 2571192322, 
4293) 2571388075, 
4294) 2572019577, 
4295) 2572138978, 
4296) 2573104439, 
4297) 2574223313, 
4298) 2574514037, 
4299) 2575128239, 
4300) 2575404573, 
4301) 2576027888, 
4302) 2576066484, 
4303) 2576640026, 
4304) 2577987100, 
4305) 2578079859, 
4306) 2578272758, 
4307) 2578636450, 
4308) 2578975591, 
4309) 2579123205, 
4310) 2579208172, 
4311) 2580408656, 
4312) 2581095194, 
4313) 2581763513, 
4314) 2581865398, 
4315) 2582662176, 
4316) 2583566042, 
4317) 2583793941, 
4318) 2584020484, 
4319) 2584045029, 
4320) 2584361851, 
4321) 2584677693, 
4322) 2584699720, 
4323) 2587529353, 
4324) 2588802985, 
4325) 2588972871, 
4326) 2589935997, 
4327) 2590890992, 
4328) 2591246304, 
4329) 2591363713, 
4330) 2594088544, 
4331) 2594312440, 
4332) 2594599202, 
4333) 2594670635, 
4334) 2595049017, 
4335) 2595307916, 
4336) 2596402031, 
4337) 2596651152, 
4338) 2596754351, 
4339) 2596971043, 
4340) 2597009943, 
4341) 2597158050, 
4342) 2597252955, 
4343) 2597255579, 
4344) 2599019603, 
4345) 2599022755, 
4346) 2599250128, 
4347) 2599827079, 
4348) 2600368092, 
4349) 2600561433, 
4350) 2602119892, 
4351) 2602637742, 
4352) 2603322654, 
4353) 2604457516, 
4354) 2605126004, 
4355) 2606261509, 
4356) 2606467772, 
4357) 2606677744, 
4358) 2607384905, 
4359) 2607839238, 
4360) 2608072522, 
4361) 2609001374, 
4362) 2609070904, 
4363) 2609719711, 
4364) 2610466998, 
4365) 2612352793, 
4366) 2612560671, 
4367) 2612925225, 
4368) 2613043893, 
4369) 2613330248, 
4370) 2613383455, 
4371) 2614150847, 
4372) 2614737946, 
4373) 2615113213, 
4374) 2615241096, 
4375) 2615543703, 
4376) 2616400174, 
4377) 2617039198, 
4378) 2617557055, 
4379) 2617622806, 
4380) 2617711741, 
4381) 2618305697, 
4382) 2619151244, 
4383) 2619319826, 
4384) 2620457751, 
4385) 2620461192, 
4386) 2620567333, 
4387) 2622174049, 
4388) 2622855619, 
4389) 2623560390, 
4390) 2624064372, 
4391) 2624361715, 
4392) 2624551738, 
4393) 2624780877, 
4394) 2625102323, 
4395) 2625104854, 
4396) 2625756305, 
4397) 2625765838, 
4398) 2625970115, 
4399) 2627025519, 
4400) 2628545148, 
4401) 2628787695, 
4402) 2629627128, 
4403) 2630771638, 
4404) 2631244922, 
4405) 2631312730, 
4406) 2632386737, 
4407) 2634423361, 
4408) 2634490026, 
4409) 2635824028, 
4410) 2636075291, 
4411) 2636604175, 
4412) 2636725512, 
4413) 2637465940, 
4414) 2637760180, 
4415) 2638160753, 
4416) 2639544849, 
4417) 2640445625, 
4418) 2640487356, 
4419) 2640542094, 
4420) 2640985945, 
4421) 2641993493, 
4422) 2642157836, 
4423) 2642182429, 
4424) 2642279055, 
4425) 2643505765, 
4426) 2643701745, 
4427) 2644880055, 
4428) 2645120143, 
4429) 2645479530, 
4430) 2646757345, 
4431) 2647654566, 
4432) 2647736692, 
4433) 2648104515, 
4434) 2649162915, 
4435) 2650005320, 
4436) 2650152895, 
4437) 2650411392, 
4438) 2650881732, 
4439) 2651793172, 
4440) 2652484885, 
4441) 2653953331, 
4442) 2654042951, 
4443) 2654134877, 
4444) 2655448242, 
4445) 2655540269, 
4446) 2655666266, 
4447) 2655687146, 
4448) 2655882431, 
4449) 2659010581, 
4450) 2659615158, 
4451) 2659638388, 
4452) 2661167676, 
4453) 2661303910, 
4454) 2662346871, 
4455) 2662961241, 
4456) 2664197958, 
4457) 2664960435, 
4458) 2666137513, 
4459) 2666783470, 
4460) 2666984705, 
4461) 2667265012, 
4462) 2667445346, 
4463) 2667505132, 
4464) 2667898512, 
4465) 2668838449, 
4466) 2669717714, 
4467) 2671079706, 
4468) 2671110845, 
4469) 2671816867, 
4470) 2671845689, 
4471) 2671984438, 
4472) 2672754503, 
4473) 2672768071, 
4474) 2674401603, 
4475) 2675402597, 
4476) 2676954915, 
4477) 2678365029, 
4478) 2679374898, 
4479) 2680613112, 
4480) 2681133245, 
4481) 2681188717, 
4482) 2681746314, 
4483) 2682734153, 
4484) 2683736365, 
4485) 2683745095, 
4486) 2683938534, 
4487) 2683939376, 
4488) 2683986453, 
4489) 2684040342, 
4490) 2684686145, 
4491) 2685044583, 
4492) 2686360130, 
4493) 2687114470, 
4494) 2687207391, 
4495) 2687324052, 
4496) 2687353733, 
4497) 2688008112, 
4498) 2688891476, 
4499) 2689839193, 
4500) 2689863544, 
4501) 2690798779, 
4502) 2691629338, 
4503) 2693226342, 
4504) 2694336064, 
4505) 2697302642, 
4506) 2697489592, 
4507) 2697504375, 
4508) 2699114479, 
4509) 2699131178, 
4510) 2700047671, 
4511) 2700446825, 
4512) 2700506478, 
4513) 2700622408, 
4514) 2701158252, 
4515) 2701953414, 
4516) 2702494128, 
4517) 2702661120, 
4518) 2702831784, 
4519) 2702910833, 
4520) 2702975725, 
4521) 2703216609, 
4522) 2705513395, 
4523) 2706876364, 
4524) 2707373165, 
4525) 2708342934, 
4526) 2708805342, 
4527) 2709430745, 
4528) 2709527633, 
4529) 2709693044, 
4530) 2710453379, 
4531) 2711131011, 
4532) 2711224654, 
4533) 2711239783, 
4534) 2713324872, 
4535) 2714385193, 
4536) 2714542919, 
4537) 2715469339, 
4538) 2715950649, 
4539) 2716107326, 
4540) 2716354422, 
4541) 2716443607, 
4542) 2717504674, 
4543) 2718263015, 
4544) 2718727890, 
4545) 2720446304, 
4546) 2720480065, 
4547) 2720766649, 
4548) 2723633409, 
4549) 2724611585, 
4550) 2726930440, 
4551) 2730344362, 
4552) 2730476593, 
4553) 2730794035, 
4554) 2732462481, 
4555) 2732750211, 
4556) 2733149996, 
4557) 2735582756, 
4558) 2736603767, 
4559) 2737686556, 
4560) 2738751964, 
4561) 2739125368, 
4562) 2739842747, 
4563) 2741927422, 
4564) 2742640931, 
4565) 2743082703, 
4566) 2743226641, 
4567) 2743401372, 
4568) 2743477093, 
4569) 2744284921, 
4570) 2744734451, 
4571) 2744987300, 
4572) 2745271096, 
4573) 2745852182, 
4574) 2746020158, 
4575) 2746500649, 
4576) 2746677083, 
4577) 2747926178, 
4578) 2748604308, 
4579) 2748684446, 
4580) 2749872418, 
4581) 2751167368, 
4582) 2751636214, 
4583) 2752519127, 
4584) 2754011032, 
4585) 2755048778, 
4586) 2756961416, 
4587) 2757154800, 
4588) 2757709585, 
4589) 2757766005, 
4590) 2758898394, 
4591) 2758956174, 
4592) 2759431274, 
4593) 2759852019, 
4594) 2760449942, 
4595) 2763035441, 
4596) 2763538025, 
4597) 2764775226, 
4598) 2765196152, 
4599) 2765338061, 
4600) 2766912723, 
4601) 2767042906, 
4602) 2768458008, 
4603) 2768839014, 
4604) 2769773175, 
4605) 2770110399, 
4606) 2770183224, 
4607) 2770722263, 
4608) 2771443226, 
4609) 2772063437, 
4610) 2773567131, 
4611) 2773843975, 
4612) 2774369558, 
4613) 2774480378, 
4614) 2774505681, 
4615) 2774670409, 
4616) 2775620036, 
4617) 2775639984, 
4618) 2775664211, 
4619) 2776232143, 
4620) 2776773999, 
4621) 2777415993, 
4622) 2778480197, 
4623) 2778693026, 
4624) 2778725878, 
4625) 2780277673, 
4626) 2780801491, 
4627) 2781204830, 
4628) 2782452820, 
4629) 2782501907, 
4630) 2784159898, 
4631) 2784829388, 
4632) 2785467176, 
4633) 2785583315, 
4634) 2786121062, 
4635) 2786432333, 
4636) 2787537229, 
4637) 2788506431, 
4638) 2788965015, 
4639) 2789147709, 
4640) 2790031432, 
4641) 2790805090, 
4642) 2791708160, 
4643) 2791806128, 
4644) 2793082521, 
4645) 2794157982, 
4646) 2794572117, 
4647) 2796204073, 
4648) 2796447854, 
4649) 2796685513, 
4650) 2797046178, 
4651) 2797900145, 
4652) 2798015062, 
4653) 2798088139, 
4654) 2798235467, 
4655) 2798788317, 
4656) 2800160313, 
4657) 2800252652, 
4658) 2800404932, 
4659) 2800618525, 
4660) 2801253661, 
4661) 2802034058, 
4662) 2802232581, 
4663) 2803286286, 
4664) 2803957078, 
4665) 2803980374, 
4666) 2803998350, 
4667) 2804149575, 
4668) 2804259960, 
4669) 2804880814, 
4670) 2804893795, 
4671) 2804924306, 
4672) 2805144536, 
4673) 2805784695, 
4674) 2806135865, 
4675) 2806716633, 
4676) 2807696285, 
4677) 2808019822, 
4678) 2808115296, 
4679) 2808541358, 
4680) 2808601288, 
4681) 2809322986, 
4682) 2809537378, 
4683) 2809925556, 
4684) 2810024950, 
4685) 2810037073, 
4686) 2810040034, 
4687) 2810542870, 
4688) 2811217186, 
4689) 2812040835, 
4690) 2813067312, 
4691) 2813834315, 
4692) 2813873914, 
4693) 2814527649, 
4694) 2814850979, 
4695) 2815960368, 
4696) 2816198224, 
4697) 2816851254, 
4698) 2817884892, 
4699) 2817997389, 
4700) 2818088103, 
4701) 2818246940, 
4702) 2818277225, 
4703) 2818422637, 
4704) 2819302938, 
4705) 2819575745, 
4706) 2819837752, 
4707) 2820884602, 
4708) 2822509126, 
4709) 2823650731, 
4710) 2824310051, 
4711) 2824705672, 
4712) 2827219582, 
4713) 2827438887, 
4714) 2827931864, 
4715) 2828772108, 
4716) 2829803285, 
4717) 2829954087, 
4718) 2830906016, 
4719) 2831006045, 
4720) 2831703976, 
4721) 2831741147, 
4722) 2832023962, 
4723) 2833254621, 
4724) 2833280660, 
4725) 2833600168, 
4726) 2834369077, 
4727) 2834675159, 
4728) 2835111636, 
4729) 2835385906, 
4730) 2835811877, 
4731) 2835835311, 
4732) 2836646273, 
4733) 2837445698, 
4734) 2837924199, 
4735) 2838195074, 
4736) 2839093666, 
4737) 2839464777, 
4738) 2839491250, 
4739) 2839731460, 
4740) 2840836525, 
4741) 2841412414, 
4742) 2842502504, 
4743) 2842752256, 
4744) 2842773643, 
4745) 2842839578, 
4746) 2842918707, 
4747) 2843796874, 
4748) 2845228572, 
4749) 2845243127, 
4750) 2845823852, 
4751) 2846466219, 
4752) 2847724491, 
4753) 2847914462, 
4754) 2848011238, 
4755) 2848106806, 
4756) 2848519458, 
4757) 2848740023, 
4758) 2849832053, 
4759) 2850112157, 
4760) 2850540839, 
4761) 2850779733, 
4762) 2851798461, 
4763) 2852821207, 
4764) 2854133076, 
4765) 2855089986, 
4766) 2855257492, 
4767) 2855996853, 
4768) 2856397377, 
4769) 2856623959, 
4770) 2857701406, 
4771) 2857753106, 
4772) 2859350126, 
4773) 2859520638, 
4774) 2859560101, 
4775) 2860139770, 
4776) 2860383916, 
4777) 2861129809, 
4778) 2863263071, 
4779) 2863621644, 
4780) 2863659212, 
4781) 2864448326, 
4782) 2867613110, 
4783) 2867971130, 
4784) 2868304850, 
4785) 2870770328, 
4786) 2871277379, 
4787) 2871499217, 
4788) 2872948186, 
4789) 2873389815, 
4790) 2873398175, 
4791) 2873741729, 
4792) 2874215452, 
4793) 2874330193, 
4794) 2875839777, 
4795) 2876806195, 
4796) 2877239972, 
4797) 2878641120, 
4798) 2878811555, 
4799) 2879163978, 
4800) 2880265489, 
4801) 2882574892, 
4802) 2883721917, 
4803) 2883728384, 
4804) 2883899294, 
4805) 2884172372, 
4806) 2884551682, 
4807) 2885629119, 
4808) 2886679832, 
4809) 2886809285, 
4810) 2887122291, 
4811) 2887336509, 
4812) 2887665045, 
4813) 2888122974, 
4814) 2888297838, 
4815) 2888900014, 
4816) 2889433003, 
4817) 2890393611, 
4818) 2890448484, 
4819) 2892028826, 
4820) 2892410036, 
4821) 2892963578, 
4822) 2893157057, 
4823) 2893648662, 
4824) 2893825678, 
4825) 2896314589, 
4826) 2896597542, 
4827) 2896981446, 
4828) 2897543388, 
4829) 2897705681, 
4830) 2899216420, 
4831) 2900144026, 
4832) 2901109411, 
4833) 2902037236, 
4834) 2902763814, 
4835) 2903721638, 
4836) 2904580639, 
4837) 2904889261, 
4838) 2905234729, 
4839) 2905350362, 
4840) 2905418522, 
4841) 2905462619, 
4842) 2905471506, 
4843) 2906845519, 
4844) 2906957885, 
4845) 2907207636, 
4846) 2908230812, 
4847) 2909344347, 
4848) 2909895779, 
4849) 2909924629, 
4850) 2910045595, 
4851) 2910325920, 
4852) 2910449158, 
4853) 2911066354, 
4854) 2911503080, 
4855) 2911872780, 
4856) 2912244997, 
4857) 2912692808, 
4858) 2912924984, 
4859) 2913236238, 
4860) 2914459246, 
4861) 2914915845, 
4862) 2915957615, 
4863) 2917478713, 
4864) 2917776211, 
4865) 2918813576, 
4866) 2919676351, 
4867) 2921117897, 
4868) 2921546010, 
4869) 2922152244, 
4870) 2922416795, 
4871) 2923447810, 
4872) 2923808897, 
4873) 2924241732, 
4874) 2924810191, 
4875) 2926010525, 
4876) 2926170452, 
4877) 2927172782, 
4878) 2928148062, 
4879) 2928165515, 
4880) 2929118986, 
4881) 2929134698, 
4882) 2934830934, 
4883) 2934852483, 
4884) 2935004721, 
4885) 2935055101, 
4886) 2935303085, 
4887) 2936166224, 
4888) 2937039695, 
4889) 2937179662, 
4890) 2937419086, 
4891) 2937908549, 
4892) 2938240613, 
4893) 2938528840, 
4894) 2939501388, 
4895) 2939622305, 
4896) 2939836309, 
4897) 2940015774, 
4898) 2940256605, 
4899) 2941045070, 
4900) 2941329034, 
4901) 2941498782, 
4902) 2941617511, 
4903) 2943144567, 
4904) 2943257520, 
4905) 2943282104, 
4906) 2943464576, 
4907) 2943645769, 
4908) 2943783887, 
4909) 2944425232, 
4910) 2945526004, 
4911) 2945709922, 
4912) 2947127453, 
4913) 2947767048, 
4914) 2947872719, 
4915) 2948222877, 
4916) 2949289155, 
4917) 2949289589, 
4918) 2950218056, 
4919) 2951545932, 
4920) 2951681531, 
4921) 2952163631, 
4922) 2953385488, 
4923) 2954159542, 
4924) 2954528046, 
4925) 2955547365, 
4926) 2955869755, 
4927) 2957763100, 
4928) 2957832760, 
4929) 2958033104, 
4930) 2959574877, 
4931) 2959923857, 
4932) 2961172767, 
4933) 2962798166, 
4934) 2963930944, 
4935) 2964516250, 
4936) 2964910988, 
4937) 2965297250, 
4938) 2965509156, 
4939) 2966832838, 
4940) 2967437657, 
4941) 2967711499, 
4942) 2968100127, 
4943) 2968724355, 
4944) 2968932272, 
4945) 2969208990, 
4946) 2969970810, 
4947) 2970129961, 
4948) 2970939437, 
4949) 2971473952, 
4950) 2971762259, 
4951) 2972327798, 
4952) 2972528396, 
4953) 2972700547, 
4954) 2973174653, 
4955) 2973395901, 
4956) 2974043043, 
4957) 2975086680, 
4958) 2975132238, 
4959) 2975486539, 
4960) 2976242968, 
4961) 2976377446, 
4962) 2976639135, 
4963) 2977945791, 
4964) 2978264285, 
4965) 2978313145, 
4966) 2978345572, 
4967) 2979551096, 
4968) 2979621521, 
4969) 2979861162, 
4970) 2980578202, 
4971) 2980786222, 
4972) 2981157019, 
4973) 2981827568, 
4974) 2981947416, 
4975) 2983471220, 
4976) 2984145800, 
4977) 2984741839, 
4978) 2984941267, 
4979) 2985175214, 
4980) 2986504491, 
4981) 2987557776, 
4982) 2987768155, 
4983) 2988746350, 
4984) 2989316111, 
4985) 2989430399, 
4986) 2989444094, 
4987) 2990034050, 
4988) 2990068398, 
4989) 2990921865, 
4990) 2992337986, 
4991) 2992914108, 
4992) 2994268180, 
4993) 2994431260, 
4994) 2996512277, 
4995) 2996837641, 
4996) 2998372815, 
4997) 2998841394, 
4998) 2999088717, 
4999) 2999653759, 
