Number of elements is 5000
Type of array is sorted
Sorting algorithm - radix
Running time of sorting algorithm is 5856ms
0) 384705, 
1) 390242, 
2) 755132, 
3) 775200, 
4) 1091992, 
5) 2058118, 
6) 2189608, 
7) 2310233, 
8) 2319336, 
9) 2465731, 
10) 2789932, 
11) 3665673, 
12) 4199352, 
13) 4607582, 
14) 4706581, 
15) 4964751, 
16) 7874268, 
17) 8132763, 
18) 8309476, 
19) 10425920, 
20) 10512191, 
21) 11378076, 
22) 12096028, 
23) 12893417, 
24) 13537618, 
25) 13758152, 
26) 13800486, 
27) 13812976, 
28) 14100319, 
29) 14230837, 
30) 15712155, 
31) 18252496, 
32) 18406219, 
33) 18450268, 
34) 18584636, 
35) 19157711, 
36) 19253044, 
37) 19401290, 
38) 20263363, 
39) 21200817, 
40) 22623625, 
41) 22812553, 
42) 23278343, 
43) 24918848, 
44) 25984309, 
45) 26474936, 
46) 27653439, 
47) 29291937, 
48) 29397400, 
49) 29902935, 
50) 30633136, 
51) 31096895, 
52) 31154001, 
53) 31399072, 
54) 32002142, 
55) 32055458, 
56) 32244854, 
57) 32419228, 
58) 32815503, 
59) 33909625, 
60) 33917497, 
61) 34375832, 
62) 34425072, 
63) 34675559, 
64) 36560936, 
65) 37636810, 
66) 38143887, 
67) 38321607, 
68) 38616175, 
69) 38853435, 
70) 39421519, 
71) 39460178, 
72) 41051456, 
73) 41499408, 
74) 41958968, 
75) 42896687, 
76) 43063532, 
77) 43222325, 
78) 44150119, 
79) 44653189, 
80) 44905389, 
81) 45571554, 
82) 45984719, 
83) 47580345, 
84) 47798726, 
85) 48415830, 
86) 49175095, 
87) 52240053, 
88) 53147557, 
89) 53394995, 
90) 55006801, 
91) 55967275, 
92) 57904320, 
93) 58486640, 
94) 59175146, 
95) 59305580, 
96) 59616406, 
97) 60326551, 
98) 60992304, 
99) 62070649, 
100) 62208015, 
101) 62987502, 
102) 63412304, 
103) 63465853, 
104) 63509629, 
105) 63758914, 
106) 64919194, 
107) 65273447, 
108) 65416490, 
109) 65900635, 
110) 66180103, 
111) 66728639, 
112) 67191917, 
113) 67983517, 
114) 68846811, 
115) 69586372, 
116) 70741537, 
117) 70879277, 
118) 70890055, 
119) 71883136, 
120) 72565712, 
121) 72912697, 
122) 72984224, 
123) 73140663, 
124) 73660356, 
125) 77799194, 
126) 78797544, 
127) 79093638, 
128) 79677559, 
129) 80257255, 
130) 80812580, 
131) 80865793, 
132) 81505564, 
133) 81986429, 
134) 82517759, 
135) 83155083, 
136) 83235287, 
137) 83451771, 
138) 83629368, 
139) 85408330, 
140) 86202884, 
141) 86274906, 
142) 86539848, 
143) 89934761, 
144) 90648084, 
145) 90967879, 
146) 91227303, 
147) 91295113, 
148) 91336408, 
149) 91470412, 
150) 91537099, 
151) 91909421, 
152) 92237450, 
153) 92781947, 
154) 93098351, 
155) 93386330, 
156) 94674950, 
157) 95498034, 
158) 95557976, 
159) 95844941, 
160) 97476390, 
161) 98106762, 
162) 99230647, 
163) 100309298, 
164) 100580986, 
165) 100998484, 
166) 101052881, 
167) 101445804, 
168) 102345960, 
169) 103287210, 
170) 104153739, 
171) 104219108, 
172) 104893955, 
173) 105617998, 
174) 105934657, 
175) 105979345, 
176) 108052295, 
177) 108531083, 
178) 109223321, 
179) 109275209, 
180) 109698383, 
181) 110724674, 
182) 111677184, 
183) 111883442, 
184) 112995951, 
185) 113464620, 
186) 113488063, 
187) 114110288, 
188) 114217422, 
189) 114357615, 
190) 114582452, 
191) 114695025, 
192) 116076591, 
193) 116510121, 
194) 116631819, 
195) 117596223, 
196) 118779838, 
197) 119129374, 
198) 119697518, 
199) 119929180, 
200) 120145843, 
201) 120269953, 
202) 120750947, 
203) 121006809, 
204) 121126760, 
205) 122073410, 
206) 122446459, 
207) 122663177, 
208) 122907943, 
209) 123029662, 
210) 124260642, 
211) 125607664, 
212) 125986908, 
213) 126252958, 
214) 126272451, 
215) 127706390, 
216) 129044292, 
217) 129489111, 
218) 129976721, 
219) 130700531, 
220) 131586757, 
221) 132697055, 
222) 133238192, 
223) 133542288, 
224) 133819146, 
225) 133880766, 
226) 134869076, 
227) 135539850, 
228) 136005948, 
229) 136329885, 
230) 136843228, 
231) 136935520, 
232) 137081890, 
233) 137290460, 
234) 138077801, 
235) 138365603, 
236) 138391263, 
237) 139056663, 
238) 139781344, 
239) 140956807, 
240) 141682822, 
241) 142168144, 
242) 142758108, 
243) 143662772, 
244) 143681051, 
245) 144467413, 
246) 144630801, 
247) 145208484, 
248) 145331520, 
249) 146098568, 
250) 146486040, 
251) 146522579, 
252) 147372300, 
253) 147990053, 
254) 148020331, 
255) 148213377, 
256) 148575732, 
257) 150526615, 
258) 150688478, 
259) 151116237, 
260) 151145061, 
261) 151262172, 
262) 152918885, 
263) 153123266, 
264) 153707773, 
265) 153877969, 
266) 154103328, 
267) 154227458, 
268) 154664600, 
269) 155269390, 
270) 155299830, 
271) 155552468, 
272) 156721601, 
273) 156949960, 
274) 157762574, 
275) 157791816, 
276) 158065163, 
277) 158303286, 
278) 158370816, 
279) 158907960, 
280) 162326390, 
281) 162326497, 
282) 162382772, 
283) 162459851, 
284) 162576779, 
285) 164284359, 
286) 164412978, 
287) 165555421, 
288) 165639372, 
289) 165736620, 
290) 166505431, 
291) 167268360, 
292) 167663278, 
293) 169505013, 
294) 169563457, 
295) 171072479, 
296) 171779248, 
297) 172009809, 
298) 172260443, 
299) 172388102, 
300) 172425440, 
301) 174261285, 
302) 175085421, 
303) 175219719, 
304) 176007621, 
305) 176276588, 
306) 177130803, 
307) 177131006, 
308) 178167139, 
309) 178910092, 
310) 179688979, 
311) 180257140, 
312) 180276788, 
313) 180449913, 
314) 180618515, 
315) 180665644, 
316) 180855715, 
317) 181076003, 
318) 182008591, 
319) 182120362, 
320) 183503636, 
321) 184333477, 
322) 186474203, 
323) 188217253, 
324) 188384140, 
325) 189165820, 
326) 189669167, 
327) 190010478, 
328) 190806354, 
329) 190994267, 
330) 191520928, 
331) 191530849, 
332) 192239088, 
333) 193083453, 
334) 193536239, 
335) 194096926, 
336) 194349899, 
337) 194517136, 
338) 194778151, 
339) 195922834, 
340) 196365755, 
341) 196706470, 
342) 197053933, 
343) 197482388, 
344) 197608618, 
345) 199508558, 
346) 200593720, 
347) 202000081, 
348) 202626021, 
349) 202828349, 
350) 204662941, 
351) 205059448, 
352) 205286201, 
353) 205536828, 
354) 206940581, 
355) 208252812, 
356) 208549301, 
357) 208690761, 
358) 210355611, 
359) 210448297, 
360) 211234254, 
361) 211432056, 
362) 213354490, 
363) 213785157, 
364) 213807872, 
365) 214027889, 
366) 214614672, 
367) 215722569, 
368) 215774544, 
369) 216166518, 
370) 216612652, 
371) 217811469, 
372) 218306592, 
373) 218622136, 
374) 218762121, 
375) 219927649, 
376) 220013695, 
377) 220749889, 
378) 221472843, 
379) 221528121, 
380) 221557451, 
381) 221922626, 
382) 221973268, 
383) 222657553, 
384) 223578792, 
385) 224076580, 
386) 225666040, 
387) 225776225, 
388) 228219769, 
389) 228460595, 
390) 229490812, 
391) 229614155, 
392) 230095691, 
393) 230325506, 
394) 230586263, 
395) 231559512, 
396) 231624899, 
397) 233531194, 
398) 233663022, 
399) 234101179, 
400) 234833691, 
401) 234836417, 
402) 236017518, 
403) 236304411, 
404) 236595170, 
405) 237294104, 
406) 238762917, 
407) 239090352, 
408) 240584266, 
409) 241340222, 
410) 241518583, 
411) 242161618, 
412) 243949664, 
413) 245675727, 
414) 245735299, 
415) 245815889, 
416) 247580231, 
417) 248087292, 
418) 248439652, 
419) 248992563, 
420) 249330222, 
421) 249627601, 
422) 250086083, 
423) 250410959, 
424) 250591633, 
425) 252183376, 
426) 252463978, 
427) 253313195, 
428) 253538932, 
429) 253802188, 
430) 254506512, 
431) 255692408, 
432) 256634114, 
433) 256828289, 
434) 257657198, 
435) 258108414, 
436) 258932211, 
437) 259765873, 
438) 259944175, 
439) 260299722, 
440) 261052384, 
441) 264110759, 
442) 265118205, 
443) 265285583, 
444) 265490795, 
445) 265678233, 
446) 266772963, 
447) 267208980, 
448) 267980246, 
449) 268368207, 
450) 268996545, 
451) 269092837, 
452) 269309421, 
453) 270126489, 
454) 270208369, 
455) 270677537, 
456) 271081115, 
457) 271148340, 
458) 271440803, 
459) 271556054, 
460) 272225488, 
461) 272373493, 
462) 273590593, 
463) 273810115, 
464) 274833333, 
465) 275680540, 
466) 275928922, 
467) 276629477, 
468) 276690612, 
469) 278993123, 
470) 279921384, 
471) 281113896, 
472) 281550040, 
473) 282590750, 
474) 282881769, 
475) 283687578, 
476) 283950601, 
477) 284603965, 
478) 285959323, 
479) 286124118, 
480) 287689325, 
481) 288937561, 
482) 289009212, 
483) 289743155, 
484) 290565897, 
485) 290685666, 
486) 291223309, 
487) 291519191, 
488) 291977957, 
489) 292859275, 
490) 293907147, 
491) 294638828, 
492) 295330280, 
493) 295598467, 
494) 296509080, 
495) 299133114, 
496) 299396865, 
497) 301386223, 
498) 302704649, 
499) 304048219, 
500) 304069148, 
501) 304578887, 
502) 306233854, 
503) 307812237, 
504) 308493109, 
505) 308612491, 
506) 310010230, 
507) 310545394, 
508) 311273106, 
509) 311505087, 
510) 311878759, 
511) 312056988, 
512) 312241541, 
513) 312582570, 
514) 313362426, 
515) 313463770, 
516) 313520725, 
517) 313796821, 
518) 314009751, 
519) 314061553, 
520) 314086537, 
521) 314121048, 
522) 314328687, 
523) 315450399, 
524) 316094207, 
525) 316601249, 
526) 316743748, 
527) 317358380, 
528) 317653336, 
529) 317815947, 
530) 317885685, 
531) 318352315, 
532) 320108351, 
533) 320319362, 
534) 320831567, 
535) 321181932, 
536) 321693373, 
537) 322628362, 
538) 323544031, 
539) 323620814, 
540) 323812623, 
541) 325145683, 
542) 325423633, 
543) 325542538, 
544) 325556772, 
545) 325669118, 
546) 326109313, 
547) 326265073, 
548) 326450911, 
549) 327516951, 
550) 327911297, 
551) 327923334, 
552) 328031153, 
553) 329421013, 
554) 329841495, 
555) 332084785, 
556) 332333928, 
557) 332771845, 
558) 332917081, 
559) 335419465, 
560) 337366743, 
561) 337792703, 
562) 338591089, 
563) 339727711, 
564) 340203972, 
565) 340780816, 
566) 340837493, 
567) 340839262, 
568) 341021287, 
569) 342414948, 
570) 343248117, 
571) 343321968, 
572) 343393925, 
573) 343437490, 
574) 343820480, 
575) 344419397, 
576) 344467435, 
577) 345137796, 
578) 346357898, 
579) 346405502, 
580) 346483542, 
581) 347401112, 
582) 348037183, 
583) 348062185, 
584) 350413177, 
585) 351294205, 
586) 351665710, 
587) 352147050, 
588) 352686840, 
589) 352729759, 
590) 353178967, 
591) 353802486, 
592) 353836269, 
593) 353999558, 
594) 354971707, 
595) 355454140, 
596) 358548255, 
597) 358875786, 
598) 360119336, 
599) 363567977, 
600) 363634001, 
601) 363709612, 
602) 364638420, 
603) 365041804, 
604) 365355261, 
605) 365959496, 
606) 366823440, 
607) 366895878, 
608) 367097879, 
609) 367991028, 
610) 368081085, 
611) 369410965, 
612) 369653994, 
613) 369714687, 
614) 369915173, 
615) 369986444, 
616) 370947568, 
617) 372432196, 
618) 373519993, 
619) 373665118, 
620) 373944089, 
621) 375094159, 
622) 375548735, 
623) 376438712, 
624) 378729566, 
625) 379560092, 
626) 379693860, 
627) 380421736, 
628) 381709236, 
629) 382508382, 
630) 383151225, 
631) 383649034, 
632) 383724139, 
633) 383937045, 
634) 384287702, 
635) 384382908, 
636) 385758972, 
637) 387453604, 
638) 388078525, 
639) 388932089, 
640) 389698363, 
641) 394627578, 
642) 394934422, 
643) 394998261, 
644) 395557179, 
645) 396201767, 
646) 396282301, 
647) 396370189, 
648) 397731281, 
649) 398066750, 
650) 399957747, 
651) 399964919, 
652) 400247691, 
653) 401171242, 
654) 403505956, 
655) 404205185, 
656) 405145639, 
657) 405274770, 
658) 405731887, 
659) 406538761, 
660) 407128147, 
661) 407939730, 
662) 408002903, 
663) 408220885, 
664) 408856007, 
665) 409020217, 
666) 410365718, 
667) 410904097, 
668) 411984351, 
669) 412509986, 
670) 413894677, 
671) 415689727, 
672) 418380580, 
673) 418673806, 
674) 419194090, 
675) 419741133, 
676) 420865474, 
677) 420877293, 
678) 423535435, 
679) 425335357, 
680) 425568956, 
681) 425847904, 
682) 427373166, 
683) 427599654, 
684) 428011532, 
685) 428054725, 
686) 428358460, 
687) 428377976, 
688) 428536270, 
689) 429301069, 
690) 429628073, 
691) 429709462, 
692) 429929180, 
693) 430919300, 
694) 432219977, 
695) 432746649, 
696) 432822292, 
697) 433165572, 
698) 433553958, 
699) 433588431, 
700) 434873758, 
701) 435238248, 
702) 435450775, 
703) 436435369, 
704) 437001681, 
705) 437430927, 
706) 437882881, 
707) 437980921, 
708) 438487820, 
709) 439039351, 
710) 439863306, 
711) 441724384, 
712) 442493101, 
713) 443094557, 
714) 443361042, 
715) 444124194, 
716) 444571049, 
717) 446243164, 
718) 447228168, 
719) 449017994, 
720) 449485945, 
721) 449585111, 
722) 449720509, 
723) 450570658, 
724) 450822785, 
725) 451080508, 
726) 451643644, 
727) 451689719, 
728) 451895707, 
729) 452258503, 
730) 452728976, 
731) 452829031, 
732) 454810856, 
733) 456850615, 
734) 457171267, 
735) 457329361, 
736) 457430091, 
737) 457521971, 
738) 457581260, 
739) 457625121, 
740) 457691221, 
741) 458221897, 
742) 459346323, 
743) 459635936, 
744) 459658683, 
745) 460796308, 
746) 461231792, 
747) 462733145, 
748) 463625746, 
749) 464607791, 
750) 465003299, 
751) 465224423, 
752) 465436924, 
753) 466561345, 
754) 467285051, 
755) 467661605, 
756) 468348571, 
757) 468440662, 
758) 469165472, 
759) 469309003, 
760) 469965969, 
761) 470254724, 
762) 471709480, 
763) 472188501, 
764) 472770776, 
765) 473624023, 
766) 474115163, 
767) 474238766, 
768) 474331864, 
769) 474648318, 
770) 475612343, 
771) 475874742, 
772) 476781061, 
773) 477618528, 
774) 478433722, 
775) 478578353, 
776) 479476252, 
777) 479757891, 
778) 480263752, 
779) 480361827, 
780) 480755932, 
781) 484759353, 
782) 486227327, 
783) 487885640, 
784) 487890433, 
785) 487926662, 
786) 488579106, 
787) 489020149, 
788) 489124565, 
789) 489152834, 
790) 491063697, 
791) 492915159, 
792) 493297498, 
793) 493350455, 
794) 494132318, 
795) 494382923, 
796) 495295879, 
797) 496106253, 
798) 496463615, 
799) 496610398, 
800) 496911930, 
801) 498687532, 
802) 499561010, 
803) 499743331, 
804) 500752029, 
805) 500804408, 
806) 500833958, 
807) 500879239, 
808) 500989614, 
809) 501586001, 
810) 501832710, 
811) 501972177, 
812) 502762538, 
813) 502765916, 
814) 503445632, 
815) 503719003, 
816) 503721149, 
817) 504141997, 
818) 505210708, 
819) 505245274, 
820) 506627885, 
821) 506684430, 
822) 507283853, 
823) 507973215, 
824) 508061901, 
825) 508521939, 
826) 509290615, 
827) 509680444, 
828) 510629584, 
829) 510753375, 
830) 513820090, 
831) 514177570, 
832) 514429560, 
833) 514540747, 
834) 514607226, 
835) 514631276, 
836) 514796409, 
837) 515096785, 
838) 515286660, 
839) 515379650, 
840) 515531359, 
841) 516482046, 
842) 516930678, 
843) 517154090, 
844) 518558399, 
845) 519239085, 
846) 520090947, 
847) 521111822, 
848) 521185250, 
849) 521983043, 
850) 523213917, 
851) 523304556, 
852) 523360065, 
853) 524111932, 
854) 524166874, 
855) 524415961, 
856) 525362569, 
857) 525517451, 
858) 525783190, 
859) 526872036, 
860) 527618778, 
861) 529329586, 
862) 529505487, 
863) 530069996, 
864) 530290209, 
865) 531476827, 
866) 532387118, 
867) 534601385, 
868) 534657048, 
869) 535706020, 
870) 536550741, 
871) 537021313, 
872) 537059313, 
873) 537117983, 
874) 538171892, 
875) 539105731, 
876) 539252384, 
877) 540642303, 
878) 541032238, 
879) 541207031, 
880) 541212921, 
881) 542553855, 
882) 542782008, 
883) 543826219, 
884) 545011180, 
885) 545314380, 
886) 545390251, 
887) 546512697, 
888) 546929556, 
889) 547507772, 
890) 547631495, 
891) 548162221, 
892) 549747577, 
893) 549934581, 
894) 550164747, 
895) 550984172, 
896) 551279637, 
897) 551463633, 
898) 551969157, 
899) 552123850, 
900) 552272973, 
901) 553949607, 
902) 554393183, 
903) 555161188, 
904) 555791985, 
905) 557678478, 
906) 559790552, 
907) 560590394, 
908) 561049527, 
909) 561271340, 
910) 562962502, 
911) 563820577, 
912) 564071148, 
913) 564587970, 
914) 566056716, 
915) 566546770, 
916) 566708026, 
917) 567049874, 
918) 567665749, 
919) 567699439, 
920) 567924147, 
921) 568720919, 
922) 569506371, 
923) 570799325, 
924) 571168427, 
925) 571470415, 
926) 573203960, 
927) 573243263, 
928) 575913078, 
929) 576410500, 
930) 577227630, 
931) 577590651, 
932) 577862053, 
933) 578665572, 
934) 578696707, 
935) 579271881, 
936) 579601393, 
937) 580563417, 
938) 580723391, 
939) 581105698, 
940) 582041092, 
941) 583489600, 
942) 585408584, 
943) 586142886, 
944) 587070875, 
945) 588168778, 
946) 588468943, 
947) 588948933, 
948) 589461412, 
949) 589728228, 
950) 590177528, 
951) 590679817, 
952) 591918115, 
953) 593029934, 
954) 593585974, 
955) 594248567, 
956) 595099063, 
957) 595443643, 
958) 595579848, 
959) 595588233, 
960) 595992739, 
961) 596791608, 
962) 596922748, 
963) 597162251, 
964) 597823257, 
965) 597900312, 
966) 598564309, 
967) 598572545, 
968) 598762362, 
969) 600077388, 
970) 601595019, 
971) 601898128, 
972) 602257546, 
973) 602364703, 
974) 602718878, 
975) 602940627, 
976) 603337815, 
977) 604166580, 
978) 604707107, 
979) 605560270, 
980) 606313404, 
981) 606351339, 
982) 608370154, 
983) 609705076, 
984) 609909599, 
985) 610522806, 
986) 611154001, 
987) 612726371, 
988) 614280415, 
989) 616370459, 
990) 616933110, 
991) 617107203, 
992) 619093997, 
993) 619155783, 
994) 620290620, 
995) 621304287, 
996) 622074408, 
997) 622139242, 
998) 622699569, 
999) 623055743, 
1000) 624977818, 
1001) 625681676, 
1002) 625963136, 
1003) 626178887, 
1004) 626950466, 
1005) 627612058, 
1006) 628552307, 
1007) 629654687, 
1008) 630113119, 
1009) 631040818, 
1010) 631447215, 
1011) 631774942, 
1012) 633005140, 
1013) 635121052, 
1014) 638305389, 
1015) 638792799, 
1016) 639281399, 
1017) 639743912, 
1018) 639931407, 
1019) 641886369, 
1020) 642991704, 
1021) 643701222, 
1022) 644378154, 
1023) 644807884, 
1024) 646932640, 
1025) 647708946, 
1026) 648254123, 
1027) 648670519, 
1028) 648719701, 
1029) 649203314, 
1030) 649328079, 
1031) 649488598, 
1032) 650279096, 
1033) 650391620, 
1034) 650527692, 
1035) 650629130, 
1036) 650826726, 
1037) 651681791, 
1038) 652167677, 
1039) 653342212, 
1040) 653431095, 
1041) 653709650, 
1042) 654323164, 
1043) 654678275, 
1044) 655467578, 
1045) 656690210, 
1046) 656721229, 
1047) 656915617, 
1048) 657591247, 
1049) 658129280, 
1050) 658295618, 
1051) 658711591, 
1052) 659411961, 
1053) 659616236, 
1054) 661585534, 
1055) 663306838, 
1056) 663330320, 
1057) 664536366, 
1058) 665149720, 
1059) 665255645, 
1060) 665382940, 
1061) 665415544, 
1062) 667098040, 
1063) 669452390, 
1064) 670280030, 
1065) 670536890, 
1066) 671119675, 
1067) 671414928, 
1068) 671465654, 
1069) 672311771, 
1070) 673049402, 
1071) 673485428, 
1072) 673890371, 
1073) 674415750, 
1074) 674768692, 
1075) 675685144, 
1076) 675912812, 
1077) 676800627, 
1078) 677012091, 
1079) 677235027, 
1080) 677324086, 
1081) 677455345, 
1082) 677565529, 
1083) 679357510, 
1084) 679457006, 
1085) 679478091, 
1086) 679908731, 
1087) 680207900, 
1088) 680352186, 
1089) 680917804, 
1090) 683774574, 
1091) 683914340, 
1092) 684057743, 
1093) 686083871, 
1094) 687439358, 
1095) 687699247, 
1096) 688028350, 
1097) 689026283, 
1098) 689063396, 
1099) 689677041, 
1100) 690095011, 
1101) 690908526, 
1102) 690948174, 
1103) 691091676, 
1104) 692133370, 
1105) 692548083, 
1106) 692950564, 
1107) 693179648, 
1108) 693228104, 
1109) 693394239, 
1110) 693526267, 
1111) 693676685, 
1112) 693772657, 
1113) 693797560, 
1114) 695570209, 
1115) 695750912, 
1116) 696218796, 
1117) 696344971, 
1118) 697434433, 
1119) 697671264, 
1120) 697931385, 
1121) 698229317, 
1122) 698567890, 
1123) 698710495, 
1124) 698815463, 
1125) 699219595, 
1126) 700023837, 
1127) 700546271, 
1128) 700989271, 
1129) 701037408, 
1130) 701146734, 
1131) 701173552, 
1132) 701798745, 
1133) 702089764, 
1134) 702191067, 
1135) 703762367, 
1136) 703934783, 
1137) 704645726, 
1138) 704817852, 
1139) 705551366, 
1140) 706222206, 
1141) 706683460, 
1142) 706877625, 
1143) 707549443, 
1144) 707598962, 
1145) 710233296, 
1146) 710271498, 
1147) 710848765, 
1148) 711142299, 
1149) 711321727, 
1150) 711871835, 
1151) 711972367, 
1152) 712251206, 
1153) 712959528, 
1154) 717184405, 
1155) 717645292, 
1156) 718047842, 
1157) 718071006, 
1158) 719371617, 
1159) 719521985, 
1160) 720261439, 
1161) 722165147, 
1162) 722179189, 
1163) 722444258, 
1164) 722845458, 
1165) 724009369, 
1166) 724094595, 
1167) 724104213, 
1168) 724261467, 
1169) 725537332, 
1170) 726157303, 
1171) 726463839, 
1172) 726571476, 
1173) 727152257, 
1174) 727608753, 
1175) 727697058, 
1176) 727699527, 
1177) 727771502, 
1178) 728081117, 
1179) 728183779, 
1180) 730255834, 
1181) 730310666, 
1182) 731200223, 
1183) 731351899, 
1184) 732844513, 
1185) 733447683, 
1186) 734058168, 
1187) 735324703, 
1188) 736326964, 
1189) 738050883, 
1190) 738872135, 
1191) 739163708, 
1192) 740542931, 
1193) 740888758, 
1194) 740962050, 
1195) 741080423, 
1196) 741176749, 
1197) 741437400, 
1198) 742841079, 
1199) 743479620, 
1200) 744605065, 
1201) 744788543, 
1202) 744896052, 
1203) 745389786, 
1204) 745521399, 
1205) 745573476, 
1206) 745616183, 
1207) 746831425, 
1208) 748366654, 
1209) 748492904, 
1210) 750351438, 
1211) 750562178, 
1212) 750723753, 
1213) 753749718, 
1214) 754670553, 
1215) 754694446, 
1216) 756530659, 
1217) 756876408, 
1218) 757259627, 
1219) 757786636, 
1220) 758582158, 
1221) 758887183, 
1222) 758903050, 
1223) 759015362, 
1224) 760663781, 
1225) 761472162, 
1226) 761773944, 
1227) 762747339, 
1228) 763182170, 
1229) 764627293, 
1230) 765029708, 
1231) 765173003, 
1232) 765939645, 
1233) 766258205, 
1234) 766394076, 
1235) 766899203, 
1236) 768398892, 
1237) 768412950, 
1238) 768874411, 
1239) 769106047, 
1240) 770098524, 
1241) 770840445, 
1242) 773152046, 
1243) 774190237, 
1244) 774775636, 
1245) 775046214, 
1246) 775091808, 
1247) 775218141, 
1248) 775695084, 
1249) 775712492, 
1250) 775966728, 
1251) 777005324, 
1252) 777618002, 
1253) 777936705, 
1254) 779510314, 
1255) 779587746, 
1256) 780797823, 
1257) 780894086, 
1258) 781094813, 
1259) 783093194, 
1260) 783640518, 
1261) 783928201, 
1262) 784041653, 
1263) 784603214, 
1264) 784695949, 
1265) 784959026, 
1266) 785662829, 
1267) 786004405, 
1268) 786177682, 
1269) 786246840, 
1270) 788453475, 
1271) 789029894, 
1272) 789645139, 
1273) 790251938, 
1274) 790422514, 
1275) 790901033, 
1276) 790963749, 
1277) 791061155, 
1278) 791159001, 
1279) 791546187, 
1280) 793449451, 
1281) 793616781, 
1282) 794944202, 
1283) 795185515, 
1284) 795771024, 
1285) 795864522, 
1286) 795904729, 
1287) 796386952, 
1288) 796564482, 
1289) 796642769, 
1290) 797264611, 
1291) 797722526, 
1292) 797826521, 
1293) 798014897, 
1294) 798439100, 
1295) 798462756, 
1296) 798778650, 
1297) 799360584, 
1298) 801220931, 
1299) 802611362, 
1300) 802918635, 
1301) 804250874, 
1302) 804581916, 
1303) 806554889, 
1304) 808588877, 
1305) 809082123, 
1306) 809373863, 
1307) 809502774, 
1308) 809760910, 
1309) 811706395, 
1310) 812245272, 
1311) 813139654, 
1312) 813402525, 
1313) 813463734, 
1314) 813972724, 
1315) 814485300, 
1316) 814671626, 
1317) 814757628, 
1318) 815243413, 
1319) 816437719, 
1320) 816447292, 
1321) 817145930, 
1322) 817167247, 
1323) 817938058, 
1324) 819739185, 
1325) 820245224, 
1326) 820542374, 
1327) 821254078, 
1328) 822632564, 
1329) 822674809, 
1330) 822735113, 
1331) 822848327, 
1332) 823223721, 
1333) 823604303, 
1334) 824007517, 
1335) 824491264, 
1336) 824795639, 
1337) 825014665, 
1338) 825873555, 
1339) 826503099, 
1340) 826644865, 
1341) 827444512, 
1342) 827916315, 
1343) 828334404, 
1344) 828731754, 
1345) 830041127, 
1346) 831106206, 
1347) 832910174, 
1348) 833033709, 
1349) 833128321, 
1350) 833835490, 
1351) 834500957, 
1352) 835676400, 
1353) 836536584, 
1354) 838352536, 
1355) 838773532, 
1356) 839148532, 
1357) 839599483, 
1358) 842636126, 
1359) 843714155, 
1360) 844660960, 
1361) 845530785, 
1362) 845910281, 
1363) 845910635, 
1364) 847366352, 
1365) 848417992, 
1366) 848914925, 
1367) 849252327, 
1368) 850386127, 
1369) 850460199, 
1370) 851124808, 
1371) 852476881, 
1372) 852767683, 
1373) 853077043, 
1374) 854037408, 
1375) 854049050, 
1376) 854458155, 
1377) 854892213, 
1378) 854899529, 
1379) 854915727, 
1380) 854934629, 
1381) 855483940, 
1382) 855918400, 
1383) 856297873, 
1384) 856316294, 
1385) 858194857, 
1386) 859065353, 
1387) 859755668, 
1388) 860661379, 
1389) 860987545, 
1390) 861070949, 
1391) 862122643, 
1392) 862333977, 
1393) 862563774, 
1394) 862903427, 
1395) 863648480, 
1396) 864071263, 
1397) 865527900, 
1398) 867652217, 
1399) 867858810, 
1400) 868213237, 
1401) 868684523, 
1402) 869129980, 
1403) 869687702, 
1404) 870775307, 
1405) 871143685, 
1406) 871358255, 
1407) 871548926, 
1408) 871578911, 
1409) 871763423, 
1410) 873043165, 
1411) 873885466, 
1412) 874245285, 
1413) 874849646, 
1414) 875089352, 
1415) 875555165, 
1416) 875831087, 
1417) 875851665, 
1418) 876403288, 
1419) 876693141, 
1420) 877728254, 
1421) 877872419, 
1422) 879345791, 
1423) 879474759, 
1424) 879823613, 
1425) 880360437, 
1426) 880762901, 
1427) 881107631, 
1428) 881493778, 
1429) 881687604, 
1430) 882137668, 
1431) 882159312, 
1432) 882826186, 
1433) 883169017, 
1434) 883281123, 
1435) 883811446, 
1436) 885073223, 
1437) 885074257, 
1438) 885322637, 
1439) 886339830, 
1440) 886716683, 
1441) 888049536, 
1442) 888161997, 
1443) 888425386, 
1444) 889598261, 
1445) 890263096, 
1446) 890380967, 
1447) 890511237, 
1448) 892209334, 
1449) 892266691, 
1450) 893134871, 
1451) 893778456, 
1452) 895809390, 
1453) 896361658, 
1454) 896505847, 
1455) 897019799, 
1456) 897185794, 
1457) 897552555, 
1458) 897619709, 
1459) 897767807, 
1460) 897953346, 
1461) 898319135, 
1462) 898569884, 
1463) 898847413, 
1464) 898866466, 
1465) 899089176, 
1466) 899280483, 
1467) 899472745, 
1468) 899489086, 
1469) 899763538, 
1470) 900586098, 
1471) 902186798, 
1472) 902420753, 
1473) 903833054, 
1474) 904555728, 
1475) 904579600, 
1476) 905492969, 
1477) 906713562, 
1478) 907582147, 
1479) 909966792, 
1480) 910118108, 
1481) 910801734, 
1482) 911599810, 
1483) 911757591, 
1484) 912152874, 
1485) 912538763, 
1486) 914286240, 
1487) 914307345, 
1488) 915027439, 
1489) 915435995, 
1490) 915508618, 
1491) 917020671, 
1492) 917770688, 
1493) 918600911, 
1494) 918736271, 
1495) 919362152, 
1496) 919511650, 
1497) 919994788, 
1498) 920264098, 
1499) 921134895, 
1500) 921417176, 
1501) 921969995, 
1502) 922053193, 
1503) 922123415, 
1504) 923156892, 
1505) 923625360, 
1506) 923958042, 
1507) 925920778, 
1508) 925944989, 
1509) 926608215, 
1510) 927162149, 
1511) 927775175, 
1512) 928034274, 
1513) 928558349, 
1514) 928636553, 
1515) 929344558, 
1516) 929976944, 
1517) 930379747, 
1518) 931217966, 
1519) 931344450, 
1520) 931946156, 
1521) 932203056, 
1522) 932304215, 
1523) 932327119, 
1524) 932788300, 
1525) 934275178, 
1526) 934445044, 
1527) 934889747, 
1528) 935105700, 
1529) 935411469, 
1530) 936811010, 
1531) 937814539, 
1532) 937934982, 
1533) 938672590, 
1534) 939009873, 
1535) 940032270, 
1536) 940033505, 
1537) 940119222, 
1538) 940155049, 
1539) 940871020, 
1540) 941151151, 
1541) 941937007, 
1542) 941964224, 
1543) 942330775, 
1544) 942585578, 
1545) 942640928, 
1546) 942741104, 
1547) 944567672, 
1548) 944848502, 
1549) 946710536, 
1550) 948297741, 
1551) 948317360, 
1552) 948582589, 
1553) 948903741, 
1554) 951026715, 
1555) 953445926, 
1556) 953555414, 
1557) 953856555, 
1558) 954032883, 
1559) 954144019, 
1560) 954356169, 
1561) 954500305, 
1562) 954535827, 
1563) 954837661, 
1564) 955085373, 
1565) 955469930, 
1566) 955766459, 
1567) 956551428, 
1568) 956592241, 
1569) 956976308, 
1570) 957287722, 
1571) 958231397, 
1572) 958252291, 
1573) 959917307, 
1574) 960283545, 
1575) 960458825, 
1576) 960651647, 
1577) 961690688, 
1578) 961895103, 
1579) 963128157, 
1580) 963870815, 
1581) 964191801, 
1582) 964416549, 
1583) 965027746, 
1584) 965849908, 
1585) 967562964, 
1586) 968012426, 
1587) 970293287, 
1588) 970772488, 
1589) 971402764, 
1590) 971570141, 
1591) 972223163, 
1592) 972573806, 
1593) 973062442, 
1594) 974664195, 
1595) 975550922, 
1596) 976741333, 
1597) 976829923, 
1598) 978006883, 
1599) 978669377, 
1600) 979066018, 
1601) 979473583, 
1602) 980292179, 
1603) 980409230, 
1604) 980457442, 
1605) 981735300, 
1606) 983345243, 
1607) 983531773, 
1608) 983803382, 
1609) 984870466, 
1610) 986933822, 
1611) 986949110, 
1612) 988397390, 
1613) 988930145, 
1614) 989639347, 
1615) 990918637, 
1616) 991259668, 
1617) 991534992, 
1618) 992082663, 
1619) 992663914, 
1620) 992968075, 
1621) 993395880, 
1622) 993546280, 
1623) 994799977, 
1624) 995193991, 
1625) 995539350, 
1626) 997359573, 
1627) 998368710, 
1628) 1000919588, 
1629) 1001241011, 
1630) 1001952829, 
1631) 1003480985, 
1632) 1004775766, 
1633) 1006002784, 
1634) 1006266411, 
1635) 1006450136, 
1636) 1006844850, 
1637) 1007380860, 
1638) 1007586267, 
1639) 1009149696, 
1640) 1009801169, 
1641) 1009882770, 
1642) 1010131286, 
1643) 1010607490, 
1644) 1012540872, 
1645) 1013978052, 
1646) 1014979003, 
1647) 1015078622, 
1648) 1016273536, 
1649) 1016817807, 
1650) 1016983726, 
1651) 1021320068, 
1652) 1022039977, 
1653) 1022583217, 
1654) 1022759809, 
1655) 1023595385, 
1656) 1023827912, 
1657) 1026395810, 
1658) 1026540272, 
1659) 1027350597, 
1660) 1028607272, 
1661) 1029187481, 
1662) 1030378045, 
1663) 1030616237, 
1664) 1030867101, 
1665) 1031298151, 
1666) 1032812553, 
1667) 1032881077, 
1668) 1033589076, 
1669) 1033637376, 
1670) 1034638778, 
1671) 1034721646, 
1672) 1034828141, 
1673) 1035772229, 
1674) 1036106728, 
1675) 1036601891, 
1676) 1036921653, 
1677) 1037083892, 
1678) 1037602464, 
1679) 1037689255, 
1680) 1037721977, 
1681) 1037806241, 
1682) 1038203097, 
1683) 1039648124, 
1684) 1039861620, 
1685) 1040429945, 
1686) 1041248426, 
1687) 1041371170, 
1688) 1041545351, 
1689) 1042115946, 
1690) 1042858227, 
1691) 1043795245, 
1692) 1043797944, 
1693) 1044180375, 
1694) 1044215784, 
1695) 1044271953, 
1696) 1045197504, 
1697) 1045888581, 
1698) 1047307265, 
1699) 1049034639, 
1700) 1049629023, 
1701) 1050832570, 
1702) 1052919082, 
1703) 1053043400, 
1704) 1053908172, 
1705) 1054201077, 
1706) 1054654660, 
1707) 1054985360, 
1708) 1055482765, 
1709) 1057851004, 
1710) 1059066492, 
1711) 1060292113, 
1712) 1061474191, 
1713) 1061657443, 
1714) 1062259214, 
1715) 1062695643, 
1716) 1062700707, 
1717) 1062778817, 
1718) 1063670590, 
1719) 1063774792, 
1720) 1064010338, 
1721) 1065343411, 
1722) 1065581504, 
1723) 1066662652, 
1724) 1067357827, 
1725) 1068397997, 
1726) 1068431227, 
1727) 1068522999, 
1728) 1068595347, 
1729) 1068718712, 
1730) 1069038292, 
1731) 1069085279, 
1732) 1070692793, 
1733) 1071781637, 
1734) 1071967970, 
1735) 1072404446, 
1736) 1075169590, 
1737) 1075396184, 
1738) 1075479554, 
1739) 1075716972, 
1740) 1075921591, 
1741) 1075937458, 
1742) 1076697223, 
1743) 1076869179, 
1744) 1077564427, 
1745) 1079095131, 
1746) 1079907032, 
1747) 1080645509, 
1748) 1081465068, 
1749) 1081657115, 
1750) 1082018876, 
1751) 1082407834, 
1752) 1082617101, 
1753) 1083650516, 
1754) 1083725282, 
1755) 1083814974, 
1756) 1084403151, 
1757) 1084541987, 
1758) 1085008208, 
1759) 1085487334, 
1760) 1086094574, 
1761) 1086246876, 
1762) 1087685329, 
1763) 1088019009, 
1764) 1088679932, 
1765) 1088947752, 
1766) 1089167813, 
1767) 1089832684, 
1768) 1090073806, 
1769) 1090434818, 
1770) 1090482204, 
1771) 1090726919, 
1772) 1091375646, 
1773) 1091868213, 
1774) 1093792106, 
1775) 1094282738, 
1776) 1095066545, 
1777) 1095148300, 
1778) 1096171980, 
1779) 1096317868, 
1780) 1096358712, 
1781) 1096585535, 
1782) 1098202189, 
1783) 1098805140, 
1784) 1100161227, 
1785) 1100393444, 
1786) 1100617723, 
1787) 1101479821, 
1788) 1101632139, 
1789) 1101833506, 
1790) 1104082788, 
1791) 1104152382, 
1792) 1104528220, 
1793) 1105151314, 
1794) 1106121207, 
1795) 1106302353, 
1796) 1106907996, 
1797) 1106969699, 
1798) 1107217238, 
1799) 1108133070, 
1800) 1108629177, 
1801) 1108719677, 
1802) 1108888088, 
1803) 1109447191, 
1804) 1110777012, 
1805) 1111658295, 
1806) 1113184337, 
1807) 1114058152, 
1808) 1114338635, 
1809) 1115020513, 
1810) 1115145907, 
1811) 1115350625, 
1812) 1117105623, 
1813) 1117644143, 
1814) 1118669736, 
1815) 1119541790, 
1816) 1119672626, 
1817) 1119967322, 
1818) 1121687161, 
1819) 1121878357, 
1820) 1122137763, 
1821) 1122283760, 
1822) 1124482837, 
1823) 1124807239, 
1824) 1127794061, 
1825) 1128511886, 
1826) 1128595336, 
1827) 1128932448, 
1828) 1130412788, 
1829) 1130481866, 
1830) 1131141185, 
1831) 1131186442, 
1832) 1131725818, 
1833) 1132018869, 
1834) 1132585816, 
1835) 1132601997, 
1836) 1133010807, 
1837) 1133047277, 
1838) 1134552924, 
1839) 1134841337, 
1840) 1135708358, 
1841) 1136043260, 
1842) 1136624196, 
1843) 1136881570, 
1844) 1137002372, 
1845) 1138667682, 
1846) 1139835148, 
1847) 1140599836, 
1848) 1141175999, 
1849) 1141713425, 
1850) 1142432718, 
1851) 1142603498, 
1852) 1142670200, 
1853) 1143393182, 
1854) 1143443349, 
1855) 1143859048, 
1856) 1144182279, 
1857) 1144911797, 
1858) 1146362886, 
1859) 1146663632, 
1860) 1147156360, 
1861) 1147993760, 
1862) 1148500692, 
1863) 1149232304, 
1864) 1149539771, 
1865) 1150397859, 
1866) 1150573626, 
1867) 1151496283, 
1868) 1152247718, 
1869) 1152295852, 
1870) 1152335462, 
1871) 1153257386, 
1872) 1153325004, 
1873) 1153484184, 
1874) 1154383993, 
1875) 1155857303, 
1876) 1156880588, 
1877) 1157346089, 
1878) 1157448550, 
1879) 1157667832, 
1880) 1157845715, 
1881) 1157874773, 
1882) 1158434607, 
1883) 1158792577, 
1884) 1158919371, 
1885) 1160582518, 
1886) 1161996372, 
1887) 1163219172, 
1888) 1165135149, 
1889) 1165412683, 
1890) 1165580557, 
1891) 1167353373, 
1892) 1167860724, 
1893) 1167991494, 
1894) 1168619816, 
1895) 1168669106, 
1896) 1168974695, 
1897) 1169601570, 
1898) 1170023052, 
1899) 1170454770, 
1900) 1170965090, 
1901) 1171431208, 
1902) 1171769484, 
1903) 1172297007, 
1904) 1172334973, 
1905) 1172618965, 
1906) 1173553939, 
1907) 1174245084, 
1908) 1174682961, 
1909) 1175190557, 
1910) 1175751776, 
1911) 1176314190, 
1912) 1176970296, 
1913) 1177510319, 
1914) 1182622317, 
1915) 1183138302, 
1916) 1183415834, 
1917) 1183559944, 
1918) 1185325591, 
1919) 1185562407, 
1920) 1187453406, 
1921) 1188302722, 
1922) 1188405347, 
1923) 1189187030, 
1924) 1189406319, 
1925) 1189442844, 
1926) 1190422040, 
1927) 1190876568, 
1928) 1191404056, 
1929) 1193001324, 
1930) 1193107411, 
1931) 1194337781, 
1932) 1194554109, 
1933) 1194871049, 
1934) 1196085102, 
1935) 1196299497, 
1936) 1196359026, 
1937) 1196817899, 
1938) 1197665282, 
1939) 1197735565, 
1940) 1198838841, 
1941) 1199914874, 
1942) 1200710201, 
1943) 1201570029, 
1944) 1202109383, 
1945) 1202156950, 
1946) 1203686538, 
1947) 1207081588, 
1948) 1207538265, 
1949) 1207942557, 
1950) 1208081260, 
1951) 1208476926, 
1952) 1209186170, 
1953) 1209671527, 
1954) 1211140824, 
1955) 1211447627, 
1956) 1212843448, 
1957) 1213147063, 
1958) 1213702837, 
1959) 1213877755, 
1960) 1214424652, 
1961) 1214817240, 
1962) 1215960831, 
1963) 1216189089, 
1964) 1216680925, 
1965) 1216840006, 
1966) 1217661549, 
1967) 1218002022, 
1968) 1218485693, 
1969) 1218495760, 
1970) 1218980920, 
1971) 1219338704, 
1972) 1219511167, 
1973) 1219674072, 
1974) 1219843550, 
1975) 1219892533, 
1976) 1220077333, 
1977) 1221740395, 
1978) 1222255946, 
1979) 1222390768, 
1980) 1222483431, 
1981) 1223011812, 
1982) 1223572682, 
1983) 1224081595, 
1984) 1224429588, 
1985) 1224864354, 
1986) 1225387767, 
1987) 1226733991, 
1988) 1227264681, 
1989) 1228853100, 
1990) 1229292960, 
1991) 1229663593, 
1992) 1229685254, 
1993) 1230389571, 
1994) 1232467712, 
1995) 1232976332, 
1996) 1233082320, 
1997) 1233659238, 
1998) 1233856820, 
1999) 1234357782, 
2000) 1235171306, 
2001) 1235517811, 
2002) 1235909997, 
2003) 1236226792, 
2004) 1236770765, 
2005) 1236851758, 
2006) 1236881421, 
2007) 1237191479, 
2008) 1238245275, 
2009) 1239572689, 
2010) 1241595189, 
2011) 1241614707, 
2012) 1241653823, 
2013) 1241910177, 
2014) 1242529975, 
2015) 1242553727, 
2016) 1244572000, 
2017) 1246580688, 
2018) 1246895276, 
2019) 1246933250, 
2020) 1247173680, 
2021) 1247790493, 
2022) 1248047607, 
2023) 1248652597, 
2024) 1248862398, 
2025) 1250205062, 
2026) 1250828417, 
2027) 1252565504, 
2028) 1252615349, 
2029) 1253235277, 
2030) 1253423227, 
2031) 1253549314, 
2032) 1253763019, 
2033) 1253873627, 
2034) 1254617710, 
2035) 1254686841, 
2036) 1254874200, 
2037) 1257120156, 
2038) 1257643635, 
2039) 1258466918, 
2040) 1258703536, 
2041) 1258822107, 
2042) 1259589394, 
2043) 1259707433, 
2044) 1260446396, 
2045) 1260785109, 
2046) 1261035726, 
2047) 1261191877, 
2048) 1261637930, 
2049) 1261968367, 
2050) 1263831912, 
2051) 1264080590, 
2052) 1264728102, 
2053) 1265398817, 
2054) 1266265261, 
2055) 1267191635, 
2056) 1267365818, 
2057) 1267574392, 
2058) 1268063710, 
2059) 1268184513, 
2060) 1268288194, 
2061) 1268403923, 
2062) 1271488953, 
2063) 1271952762, 
2064) 1272599770, 
2065) 1273991796, 
2066) 1274365232, 
2067) 1274397651, 
2068) 1275121343, 
2069) 1276340712, 
2070) 1278569922, 
2071) 1278603027, 
2072) 1278619741, 
2073) 1278902726, 
2074) 1279133238, 
2075) 1279138557, 
2076) 1279263505, 
2077) 1281741704, 
2078) 1282327661, 
2079) 1283061009, 
2080) 1284059285, 
2081) 1284188534, 
2082) 1284914984, 
2083) 1285637828, 
2084) 1285721250, 
2085) 1286360269, 
2086) 1286573291, 
2087) 1287001070, 
2088) 1287039160, 
2089) 1287093392, 
2090) 1287591063, 
2091) 1289576234, 
2092) 1289718849, 
2093) 1290181803, 
2094) 1291002851, 
2095) 1291364795, 
2096) 1291979909, 
2097) 1292229903, 
2098) 1294381981, 
2099) 1294411597, 
2100) 1295110461, 
2101) 1295138150, 
2102) 1295247411, 
2103) 1296851742, 
2104) 1297007847, 
2105) 1297396568, 
2106) 1297544323, 
2107) 1298382033, 
2108) 1298458630, 
2109) 1299524146, 
2110) 1300229145, 
2111) 1301084422, 
2112) 1301300421, 
2113) 1302815412, 
2114) 1303099875, 
2115) 1303409883, 
2116) 1304076742, 
2117) 1305954896, 
2118) 1306603685, 
2119) 1306632004, 
2120) 1307662417, 
2121) 1307840836, 
2122) 1308023471, 
2123) 1308103091, 
2124) 1309097394, 
2125) 1309242002, 
2126) 1310140834, 
2127) 1310330011, 
2128) 1310438815, 
2129) 1311408424, 
2130) 1312130731, 
2131) 1312406476, 
2132) 1312922914, 
2133) 1313411845, 
2134) 1313969502, 
2135) 1314293175, 
2136) 1314536259, 
2137) 1314585083, 
2138) 1316145660, 
2139) 1316591175, 
2140) 1317014722, 
2141) 1317046290, 
2142) 1317605074, 
2143) 1318172154, 
2144) 1318695498, 
2145) 1320332117, 
2146) 1320501652, 
2147) 1321973476, 
2148) 1323248637, 
2149) 1323516770, 
2150) 1324765784, 
2151) 1325671207, 
2152) 1325752848, 
2153) 1326331386, 
2154) 1326453470, 
2155) 1328882256, 
2156) 1329038060, 
2157) 1329560801, 
2158) 1329851373, 
2159) 1329925764, 
2160) 1330387418, 
2161) 1330780978, 
2162) 1331127133, 
2163) 1332166082, 
2164) 1332769930, 
2165) 1332864372, 
2166) 1333698933, 
2167) 1334143022, 
2168) 1335042425, 
2169) 1335324067, 
2170) 1336643687, 
2171) 1337073763, 
2172) 1338030116, 
2173) 1338540692, 
2174) 1341207515, 
2175) 1342067488, 
2176) 1342163467, 
2177) 1343246021, 
2178) 1343441985, 
2179) 1344042565, 
2180) 1345356368, 
2181) 1345435275, 
2182) 1346379241, 
2183) 1346728402, 
2184) 1347536423, 
2185) 1349025587, 
2186) 1349244255, 
2187) 1350384675, 
2188) 1350842672, 
2189) 1351893082, 
2190) 1353599424, 
2191) 1353901120, 
2192) 1353906648, 
2193) 1354128359, 
2194) 1354784855, 
2195) 1355101348, 
2196) 1355278842, 
2197) 1357125182, 
2198) 1357320350, 
2199) 1357339395, 
2200) 1357739325, 
2201) 1358021641, 
2202) 1358155924, 
2203) 1358328623, 
2204) 1358483519, 
2205) 1358518711, 
2206) 1358843113, 
2207) 1359249640, 
2208) 1359517725, 
2209) 1360580684, 
2210) 1360726049, 
2211) 1360741500, 
2212) 1362423229, 
2213) 1362834764, 
2214) 1363747159, 
2215) 1364102157, 
2216) 1364644652, 
2217) 1365091183, 
2218) 1365184196, 
2219) 1365255171, 
2220) 1365852015, 
2221) 1365990329, 
2222) 1366224503, 
2223) 1366770088, 
2224) 1367758356, 
2225) 1368193746, 
2226) 1368234977, 
2227) 1368743852, 
2228) 1369115032, 
2229) 1369411113, 
2230) 1369716197, 
2231) 1371403470, 
2232) 1371774029, 
2233) 1371868208, 
2234) 1372595867, 
2235) 1372765211, 
2236) 1373249541, 
2237) 1373561934, 
2238) 1374571860, 
2239) 1374852269, 
2240) 1375717752, 
2241) 1376189733, 
2242) 1376517890, 
2243) 1378441438, 
2244) 1378620755, 
2245) 1379498864, 
2246) 1379743326, 
2247) 1380271141, 
2248) 1381606845, 
2249) 1383966493, 
2250) 1384166549, 
2251) 1384914731, 
2252) 1384964298, 
2253) 1385267070, 
2254) 1385402971, 
2255) 1386241331, 
2256) 1387746800, 
2257) 1388245461, 
2258) 1389491060, 
2259) 1389754862, 
2260) 1389982252, 
2261) 1390097764, 
2262) 1390661396, 
2263) 1391660208, 
2264) 1392345429, 
2265) 1392789208, 
2266) 1394680456, 
2267) 1395172253, 
2268) 1396688551, 
2269) 1397818932, 
2270) 1398334067, 
2271) 1398552697, 
2272) 1401757153, 
2273) 1402256228, 
2274) 1402355216, 
2275) 1402846643, 
2276) 1403449273, 
2277) 1405313672, 
2278) 1407659314, 
2279) 1407748867, 
2280) 1408385996, 
2281) 1408658552, 
2282) 1408812402, 
2283) 1412463116, 
2284) 1413056705, 
2285) 1414097593, 
2286) 1414453375, 
2287) 1414617344, 
2288) 1414640589, 
2289) 1414707733, 
2290) 1415290033, 
2291) 1415613480, 
2292) 1416434746, 
2293) 1417284711, 
2294) 1417303165, 
2295) 1417365905, 
2296) 1418542017, 
2297) 1419169179, 
2298) 1420517194, 
2299) 1422010665, 
2300) 1422315002, 
2301) 1422736402, 
2302) 1422770648, 
2303) 1422973952, 
2304) 1423069435, 
2305) 1423241109, 
2306) 1424108121, 
2307) 1424458409, 
2308) 1424496708, 
2309) 1424657160, 
2310) 1424734719, 
2311) 1424757712, 
2312) 1424801711, 
2313) 1425698363, 
2314) 1426127007, 
2315) 1426303506, 
2316) 1426381404, 
2317) 1427707088, 
2318) 1428317383, 
2319) 1428632737, 
2320) 1429965324, 
2321) 1430008084, 
2322) 1430805264, 
2323) 1430846754, 
2324) 1431033324, 
2325) 1431038501, 
2326) 1431759935, 
2327) 1431911756, 
2328) 1432204381, 
2329) 1432873793, 
2330) 1433209689, 
2331) 1433448346, 
2332) 1435230736, 
2333) 1435635273, 
2334) 1438408343, 
2335) 1439847305, 
2336) 1439999280, 
2337) 1440106062, 
2338) 1442413408, 
2339) 1442600362, 
2340) 1442669982, 
2341) 1442784749, 
2342) 1443343619, 
2343) 1443399413, 
2344) 1444215436, 
2345) 1446087209, 
2346) 1446559053, 
2347) 1447138161, 
2348) 1447150095, 
2349) 1447558814, 
2350) 1450095389, 
2351) 1450273849, 
2352) 1452634190, 
2353) 1453960485, 
2354) 1454404462, 
2355) 1454476534, 
2356) 1454860743, 
2357) 1456205944, 
2358) 1456364676, 
2359) 1457079508, 
2360) 1457529861, 
2361) 1459099384, 
2362) 1459271591, 
2363) 1459615208, 
2364) 1459972245, 
2365) 1460062201, 
2366) 1460436452, 
2367) 1462307034, 
2368) 1462354938, 
2369) 1462547288, 
2370) 1463602649, 
2371) 1463746893, 
2372) 1463790644, 
2373) 1463908893, 
2374) 1464655039, 
2375) 1465666198, 
2376) 1465943863, 
2377) 1466724605, 
2378) 1468851365, 
2379) 1470443804, 
2380) 1471040855, 
2381) 1471401229, 
2382) 1471981527, 
2383) 1472854450, 
2384) 1474828082, 
2385) 1474982787, 
2386) 1475340303, 
2387) 1476241194, 
2388) 1476446652, 
2389) 1477196965, 
2390) 1479286148, 
2391) 1479768090, 
2392) 1479951432, 
2393) 1480262301, 
2394) 1480752217, 
2395) 1480956144, 
2396) 1481482855, 
2397) 1482348349, 
2398) 1483144615, 
2399) 1483715291, 
2400) 1484153960, 
2401) 1484300787, 
2402) 1484874363, 
2403) 1485157899, 
2404) 1485402541, 
2405) 1485441718, 
2406) 1485615066, 
2407) 1486208131, 
2408) 1486998230, 
2409) 1487572543, 
2410) 1487754114, 
2411) 1487998616, 
2412) 1488164157, 
2413) 1488458411, 
2414) 1488466082, 
2415) 1489306578, 
2416) 1489614956, 
2417) 1490178090, 
2418) 1490497353, 
2419) 1490821230, 
2420) 1490951187, 
2421) 1491293748, 
2422) 1491304853, 
2423) 1492755189, 
2424) 1493501574, 
2425) 1494099687, 
2426) 1494304565, 
2427) 1495110450, 
2428) 1495728586, 
2429) 1496430025, 
2430) 1497169591, 
2431) 1497927658, 
2432) 1497983052, 
2433) 1498903877, 
2434) 1499412396, 
2435) 1499823645, 
2436) 1500358480, 
2437) 1500622637, 
2438) 1501568922, 
2439) 1502546514, 
2440) 1503199472, 
2441) 1505110833, 
2442) 1505793381, 
2443) 1506672327, 
2444) 1508800791, 
2445) 1508843374, 
2446) 1509533504, 
2447) 1509687149, 
2448) 1510365987, 
2449) 1511908892, 
2450) 1512424148, 
2451) 1513025772, 
2452) 1513145201, 
2453) 1513406585, 
2454) 1514354769, 
2455) 1514759641, 
2456) 1514855750, 
2457) 1515120052, 
2458) 1515395326, 
2459) 1515677743, 
2460) 1516861940, 
2461) 1518113742, 
2462) 1518119408, 
2463) 1518912910, 
2464) 1519853270, 
2465) 1520262848, 
2466) 1520937544, 
2467) 1521470350, 
2468) 1521837537, 
2469) 1522868919, 
2470) 1523599105, 
2471) 1523898299, 
2472) 1524629716, 
2473) 1525870008, 
2474) 1525955330, 
2475) 1526350041, 
2476) 1528162253, 
2477) 1528368442, 
2478) 1528427044, 
2479) 1529176359, 
2480) 1529997379, 
2481) 1530508322, 
2482) 1530657478, 
2483) 1531321780, 
2484) 1531455983, 
2485) 1532050242, 
2486) 1533049350, 
2487) 1533228430, 
2488) 1535090735, 
2489) 1535157862, 
2490) 1535188103, 
2491) 1536094128, 
2492) 1536112301, 
2493) 1536131686, 
2494) 1536164079, 
2495) 1536959542, 
2496) 1537029584, 
2497) 1540248663, 
2498) 1540285074, 
2499) 1540616136, 
2500) 1541302517, 
2501) 1541369221, 
2502) 1541570518, 
2503) 1542068388, 
2504) 1543621084, 
2505) 1545107419, 
2506) 1545611036, 
2507) 1546608957, 
2508) 1546851554, 
2509) 1546881201, 
2510) 1547145068, 
2511) 1548194615, 
2512) 1548799761, 
2513) 1549257887, 
2514) 1550559214, 
2515) 1550744861, 
2516) 1550869851, 
2517) 1551485724, 
2518) 1551873333, 
2519) 1553115392, 
2520) 1553483304, 
2521) 1553716848, 
2522) 1553884664, 
2523) 1553919530, 
2524) 1553930735, 
2525) 1554089004, 
2526) 1554794453, 
2527) 1555051820, 
2528) 1555911994, 
2529) 1557108838, 
2530) 1557320255, 
2531) 1557544340, 
2532) 1558388335, 
2533) 1558557200, 
2534) 1559412789, 
2535) 1559952352, 
2536) 1560177154, 
2537) 1561914104, 
2538) 1563208413, 
2539) 1563596242, 
2540) 1563607871, 
2541) 1563790857, 
2542) 1564805626, 
2543) 1564805797, 
2544) 1565355506, 
2545) 1566475748, 
2546) 1566534457, 
2547) 1566970217, 
2548) 1567844535, 
2549) 1568366482, 
2550) 1568746932, 
2551) 1570168313, 
2552) 1570340796, 
2553) 1570483325, 
2554) 1570591833, 
2555) 1570800750, 
2556) 1570832579, 
2557) 1571955490, 
2558) 1572665101, 
2559) 1573297404, 
2560) 1573354438, 
2561) 1575063438, 
2562) 1575072634, 
2563) 1575364175, 
2564) 1576922165, 
2565) 1578840224, 
2566) 1580704552, 
2567) 1581396115, 
2568) 1581592097, 
2569) 1581705260, 
2570) 1583269289, 
2571) 1583381778, 
2572) 1583506567, 
2573) 1584400569, 
2574) 1585216342, 
2575) 1585288824, 
2576) 1585922952, 
2577) 1587506805, 
2578) 1591321490, 
2579) 1592737369, 
2580) 1595294533, 
2581) 1595451902, 
2582) 1595791519, 
2583) 1596033912, 
2584) 1596886361, 
2585) 1596923616, 
2586) 1597208974, 
2587) 1597564223, 
2588) 1597677464, 
2589) 1598455312, 
2590) 1598914448, 
2591) 1599113275, 
2592) 1600320849, 
2593) 1600869855, 
2594) 1600931072, 
2595) 1602023323, 
2596) 1602109649, 
2597) 1603146120, 
2598) 1603326032, 
2599) 1603382961, 
2600) 1603392996, 
2601) 1603716462, 
2602) 1604624412, 
2603) 1604740633, 
2604) 1605019035, 
2605) 1605297825, 
2606) 1605776948, 
2607) 1605860572, 
2608) 1605923212, 
2609) 1606479642, 
2610) 1607183004, 
2611) 1607405036, 
2612) 1607495633, 
2613) 1608074376, 
2614) 1608224535, 
2615) 1608861575, 
2616) 1608964220, 
2617) 1609212242, 
2618) 1610783333, 
2619) 1610843673, 
2620) 1610910425, 
2621) 1611096728, 
2622) 1611137061, 
2623) 1611405263, 
2624) 1611832691, 
2625) 1612778729, 
2626) 1613015647, 
2627) 1613022306, 
2628) 1613826458, 
2629) 1613912123, 
2630) 1615114571, 
2631) 1615162712, 
2632) 1615520046, 
2633) 1616081669, 
2634) 1616199008, 
2635) 1616386822, 
2636) 1616966168, 
2637) 1617361336, 
2638) 1617519338, 
2639) 1618051505, 
2640) 1618250848, 
2641) 1619186906, 
2642) 1620021354, 
2643) 1620293149, 
2644) 1620389204, 
2645) 1621029603, 
2646) 1621303434, 
2647) 1621682718, 
2648) 1621908127, 
2649) 1621914632, 
2650) 1623484756, 
2651) 1623753331, 
2652) 1625178689, 
2653) 1625230491, 
2654) 1625730142, 
2655) 1626431121, 
2656) 1626525989, 
2657) 1626582153, 
2658) 1629019855, 
2659) 1630577825, 
2660) 1630975877, 
2661) 1632413525, 
2662) 1632457805, 
2663) 1633881588, 
2664) 1633944805, 
2665) 1633987182, 
2666) 1634803109, 
2667) 1636157290, 
2668) 1636424164, 
2669) 1636536760, 
2670) 1636860405, 
2671) 1638063364, 
2672) 1638696121, 
2673) 1639308267, 
2674) 1641965409, 
2675) 1642046257, 
2676) 1643785222, 
2677) 1644195058, 
2678) 1646057411, 
2679) 1646229043, 
2680) 1648032982, 
2681) 1648318977, 
2682) 1649935424, 
2683) 1650767174, 
2684) 1650943192, 
2685) 1651158463, 
2686) 1652046349, 
2687) 1652077145, 
2688) 1654682499, 
2689) 1654961087, 
2690) 1655075027, 
2691) 1655890093, 
2692) 1656350697, 
2693) 1657561198, 
2694) 1658593731, 
2695) 1659841345, 
2696) 1660090786, 
2697) 1660457030, 
2698) 1661607497, 
2699) 1661869038, 
2700) 1662363010, 
2701) 1662404663, 
2702) 1662476427, 
2703) 1662513893, 
2704) 1662831767, 
2705) 1662851365, 
2706) 1663151777, 
2707) 1663630373, 
2708) 1663652380, 
2709) 1663659975, 
2710) 1663868150, 
2711) 1664104055, 
2712) 1664145065, 
2713) 1664171554, 
2714) 1664262519, 
2715) 1664533583, 
2716) 1665414464, 
2717) 1665471820, 
2718) 1666054240, 
2719) 1667583010, 
2720) 1669636283, 
2721) 1670061050, 
2722) 1670198483, 
2723) 1670957742, 
2724) 1671054486, 
2725) 1672385600, 
2726) 1672468883, 
2727) 1672494279, 
2728) 1673060179, 
2729) 1673516380, 
2730) 1674351396, 
2731) 1674680801, 
2732) 1675231191, 
2733) 1676251969, 
2734) 1676405690, 
2735) 1678292924, 
2736) 1678724533, 
2737) 1679440031, 
2738) 1679730469, 
2739) 1680209897, 
2740) 1680600737, 
2741) 1680666126, 
2742) 1681184443, 
2743) 1682728239, 
2744) 1684009522, 
2745) 1684619977, 
2746) 1684766691, 
2747) 1684944209, 
2748) 1684974551, 
2749) 1685649395, 
2750) 1685944189, 
2751) 1687255786, 
2752) 1689041494, 
2753) 1689426865, 
2754) 1689819256, 
2755) 1690225089, 
2756) 1690754484, 
2757) 1690990172, 
2758) 1691109487, 
2759) 1691645211, 
2760) 1691757516, 
2761) 1691941022, 
2762) 1695005286, 
2763) 1695999784, 
2764) 1697255710, 
2765) 1697303101, 
2766) 1698434917, 
2767) 1699813906, 
2768) 1700850060, 
2769) 1701115834, 
2770) 1701694945, 
2771) 1701718525, 
2772) 1701859237, 
2773) 1701869981, 
2774) 1702239382, 
2775) 1702302198, 
2776) 1702603931, 
2777) 1702805628, 
2778) 1703397392, 
2779) 1704567477, 
2780) 1704584931, 
2781) 1705302111, 
2782) 1705806222, 
2783) 1705862123, 
2784) 1705948216, 
2785) 1706686884, 
2786) 1707519459, 
2787) 1707724740, 
2788) 1707936609, 
2789) 1710024530, 
2790) 1710541948, 
2791) 1710609931, 
2792) 1710862566, 
2793) 1711014240, 
2794) 1711125805, 
2795) 1712760478, 
2796) 1712967662, 
2797) 1714234537, 
2798) 1714783295, 
2799) 1714927899, 
2800) 1715574773, 
2801) 1715830116, 
2802) 1715901230, 
2803) 1716521967, 
2804) 1716879884, 
2805) 1717085454, 
2806) 1717569777, 
2807) 1719117518, 
2808) 1719519006, 
2809) 1719712668, 
2810) 1719720966, 
2811) 1719723425, 
2812) 1719855215, 
2813) 1720445942, 
2814) 1720987363, 
2815) 1721477801, 
2816) 1722169123, 
2817) 1722444768, 
2818) 1722871740, 
2819) 1722997039, 
2820) 1723624463, 
2821) 1723882225, 
2822) 1725208857, 
2823) 1725351488, 
2824) 1726271437, 
2825) 1726927909, 
2826) 1727105897, 
2827) 1729277788, 
2828) 1730530776, 
2829) 1730763770, 
2830) 1731544381, 
2831) 1732775382, 
2832) 1732791575, 
2833) 1732990853, 
2834) 1733104470, 
2835) 1734148627, 
2836) 1734275137, 
2837) 1734298946, 
2838) 1736043374, 
2839) 1737084152, 
2840) 1737318617, 
2841) 1737730271, 
2842) 1737865872, 
2843) 1739618531, 
2844) 1739798099, 
2845) 1740640564, 
2846) 1740693963, 
2847) 1741337593, 
2848) 1745319060, 
2849) 1747003734, 
2850) 1747100778, 
2851) 1747144948, 
2852) 1747715705, 
2853) 1748056656, 
2854) 1748330290, 
2855) 1748604783, 
2856) 1748678298, 
2857) 1749027418, 
2858) 1749281166, 
2859) 1750421702, 
2860) 1751024996, 
2861) 1751447534, 
2862) 1752238094, 
2863) 1752330960, 
2864) 1752891564, 
2865) 1752929251, 
2866) 1753496228, 
2867) 1753814622, 
2868) 1754081913, 
2869) 1754754768, 
2870) 1755107764, 
2871) 1755493741, 
2872) 1757299075, 
2873) 1757563986, 
2874) 1757721943, 
2875) 1758921259, 
2876) 1759420832, 
2877) 1759679770, 
2878) 1759990310, 
2879) 1760136381, 
2880) 1760761903, 
2881) 1761089416, 
2882) 1761131147, 
2883) 1761696906, 
2884) 1761818018, 
2885) 1762348827, 
2886) 1762377382, 
2887) 1762825014, 
2888) 1764403822, 
2889) 1765147106, 
2890) 1765654052, 
2891) 1765989005, 
2892) 1766303436, 
2893) 1766681696, 
2894) 1767985246, 
2895) 1769542825, 
2896) 1769792125, 
2897) 1770426019, 
2898) 1770684770, 
2899) 1770992329, 
2900) 1771654122, 
2901) 1772298512, 
2902) 1772345757, 
2903) 1772406382, 
2904) 1774935608, 
2905) 1775854645, 
2906) 1777045486, 
2907) 1777210095, 
2908) 1777460227, 
2909) 1777497361, 
2910) 1778309159, 
2911) 1778810975, 
2912) 1778851596, 
2913) 1779085808, 
2914) 1779703182, 
2915) 1780290339, 
2916) 1780818910, 
2917) 1781234190, 
2918) 1781733410, 
2919) 1782076552, 
2920) 1782500114, 
2921) 1782784567, 
2922) 1783042682, 
2923) 1783471145, 
2924) 1783764205, 
2925) 1783984375, 
2926) 1785186178, 
2927) 1786210768, 
2928) 1786487392, 
2929) 1786654430, 
2930) 1786896170, 
2931) 1787008477, 
2932) 1787826766, 
2933) 1788595714, 
2934) 1788906233, 
2935) 1789785826, 
2936) 1789949123, 
2937) 1791132722, 
2938) 1792691308, 
2939) 1793124681, 
2940) 1793164610, 
2941) 1794124333, 
2942) 1795117101, 
2943) 1795188805, 
2944) 1795476349, 
2945) 1795584764, 
2946) 1795914113, 
2947) 1795973505, 
2948) 1796255617, 
2949) 1797576120, 
2950) 1798382793, 
2951) 1798467406, 
2952) 1799037872, 
2953) 1800492398, 
2954) 1800507423, 
2955) 1802436415, 
2956) 1802682453, 
2957) 1803787742, 
2958) 1803840718, 
2959) 1804830711, 
2960) 1805372787, 
2961) 1806008570, 
2962) 1806652504, 
2963) 1806999223, 
2964) 1807176064, 
2965) 1807434986, 
2966) 1807776507, 
2967) 1807788630, 
2968) 1807867348, 
2969) 1809657754, 
2970) 1809764274, 
2971) 1809914547, 
2972) 1810016316, 
2973) 1812305201, 
2974) 1812800251, 
2975) 1813137180, 
2976) 1813164255, 
2977) 1813243672, 
2978) 1814236600, 
2979) 1814292410, 
2980) 1814295468, 
2981) 1814750802, 
2982) 1815330849, 
2983) 1815636888, 
2984) 1818098667, 
2985) 1818251388, 
2986) 1818364410, 
2987) 1818386619, 
2988) 1818614517, 
2989) 1818827540, 
2990) 1819330638, 
2991) 1819957982, 
2992) 1820075847, 
2993) 1820283137, 
2994) 1820585434, 
2995) 1821367516, 
2996) 1822713163, 
2997) 1822950350, 
2998) 1823546171, 
2999) 1824072798, 
3000) 1824621359, 
3001) 1824841358, 
3002) 1825073337, 
3003) 1825133320, 
3004) 1827101384, 
3005) 1827943353, 
3006) 1828294206, 
3007) 1828639165, 
3008) 1829673073, 
3009) 1829981588, 
3010) 1830532653, 
3011) 1831574631, 
3012) 1834146756, 
3013) 1834597557, 
3014) 1834718429, 
3015) 1835108307, 
3016) 1835535619, 
3017) 1836303425, 
3018) 1837305694, 
3019) 1837731903, 
3020) 1838254190, 
3021) 1838278473, 
3022) 1838929770, 
3023) 1839805823, 
3024) 1840105421, 
3025) 1840205283, 
3026) 1840573211, 
3027) 1840657947, 
3028) 1841824420, 
3029) 1841992565, 
3030) 1842114876, 
3031) 1843068625, 
3032) 1843230037, 
3033) 1844136870, 
3034) 1844307831, 
3035) 1844825081, 
3036) 1846462768, 
3037) 1846677119, 
3038) 1846992111, 
3039) 1847396358, 
3040) 1847721931, 
3041) 1848327308, 
3042) 1848774675, 
3043) 1849940216, 
3044) 1850274789, 
3045) 1852475540, 
3046) 1853539456, 
3047) 1853873388, 
3048) 1853948426, 
3049) 1854122697, 
3050) 1854285089, 
3051) 1856002332, 
3052) 1856810821, 
3053) 1857102138, 
3054) 1858251970, 
3055) 1860381692, 
3056) 1861525917, 
3057) 1861758568, 
3058) 1861888511, 
3059) 1862796601, 
3060) 1862858798, 
3061) 1862978723, 
3062) 1863491760, 
3063) 1865149866, 
3064) 1865460500, 
3065) 1865688234, 
3066) 1865739128, 
3067) 1866400925, 
3068) 1866836593, 
3069) 1867213280, 
3070) 1868593804, 
3071) 1868662719, 
3072) 1871591663, 
3073) 1873083920, 
3074) 1873705215, 
3075) 1874054234, 
3076) 1874114452, 
3077) 1874116083, 
3078) 1874957996, 
3079) 1875326616, 
3080) 1875574233, 
3081) 1875715785, 
3082) 1875778630, 
3083) 1876035311, 
3084) 1876329690, 
3085) 1876734952, 
3086) 1877572716, 
3087) 1878221595, 
3088) 1878291626, 
3089) 1878484862, 
3090) 1878515213, 
3091) 1878758011, 
3092) 1878762244, 
3093) 1879193005, 
3094) 1879750976, 
3095) 1879882611, 
3096) 1880228157, 
3097) 1880344032, 
3098) 1880596577, 
3099) 1880868939, 
3100) 1881185891, 
3101) 1881863624, 
3102) 1883133774, 
3103) 1883228747, 
3104) 1884446346, 
3105) 1884933931, 
3106) 1886851310, 
3107) 1887509931, 
3108) 1887537659, 
3109) 1891050732, 
3110) 1892108547, 
3111) 1895024225, 
3112) 1895401479, 
3113) 1896096437, 
3114) 1896210345, 
3115) 1896464943, 
3116) 1897287648, 
3117) 1897895715, 
3118) 1897946264, 
3119) 1898301782, 
3120) 1899921904, 
3121) 1900111197, 
3122) 1902267716, 
3123) 1902430398, 
3124) 1903638173, 
3125) 1903689201, 
3126) 1903970069, 
3127) 1903977589, 
3128) 1904299651, 
3129) 1905755466, 
3130) 1906250465, 
3131) 1907808469, 
3132) 1907826592, 
3133) 1909000992, 
3134) 1909467217, 
3135) 1910335548, 
3136) 1912007952, 
3137) 1912155138, 
3138) 1913118877, 
3139) 1913144562, 
3140) 1913273711, 
3141) 1913800590, 
3142) 1913822082, 
3143) 1913828522, 
3144) 1915994560, 
3145) 1916207795, 
3146) 1916363592, 
3147) 1917637132, 
3148) 1917699250, 
3149) 1918060187, 
3150) 1918341537, 
3151) 1919097706, 
3152) 1919509826, 
3153) 1920125103, 
3154) 1921048429, 
3155) 1921788464, 
3156) 1922149602, 
3157) 1923859259, 
3158) 1924336826, 
3159) 1924452878, 
3160) 1924575897, 
3161) 1925858459, 
3162) 1926244299, 
3163) 1930201792, 
3164) 1932164828, 
3165) 1933358758, 
3166) 1933529310, 
3167) 1934921732, 
3168) 1934992206, 
3169) 1935233050, 
3170) 1936172699, 
3171) 1937651756, 
3172) 1938093994, 
3173) 1939045800, 
3174) 1939095697, 
3175) 1939268900, 
3176) 1939520679, 
3177) 1939548992, 
3178) 1940289303, 
3179) 1940431743, 
3180) 1940543230, 
3181) 1940700854, 
3182) 1941060080, 
3183) 1942271024, 
3184) 1942899538, 
3185) 1942975555, 
3186) 1943797731, 
3187) 1945531666, 
3188) 1945601777, 
3189) 1945645077, 
3190) 1946523992, 
3191) 1947455654, 
3192) 1947708096, 
3193) 1947757912, 
3194) 1948431886, 
3195) 1949301628, 
3196) 1951134186, 
3197) 1951364930, 
3198) 1951523646, 
3199) 1951711627, 
3200) 1952365372, 
3201) 1954420221, 
3202) 1954918939, 
3203) 1956081637, 
3204) 1956324548, 
3205) 1956378656, 
3206) 1956598191, 
3207) 1957356585, 
3208) 1958424799, 
3209) 1958996289, 
3210) 1959534469, 
3211) 1959950348, 
3212) 1960099746, 
3213) 1960611859, 
3214) 1961258774, 
3215) 1961553423, 
3216) 1961862352, 
3217) 1962723424, 
3218) 1962794622, 
3219) 1963312704, 
3220) 1963475259, 
3221) 1963665690, 
3222) 1963839210, 
3223) 1968066241, 
3224) 1968296173, 
3225) 1968994906, 
3226) 1969415023, 
3227) 1969975331, 
3228) 1970431119, 
3229) 1970625134, 
3230) 1971071026, 
3231) 1971972714, 
3232) 1972409576, 
3233) 1972474957, 
3234) 1972656002, 
3235) 1972969091, 
3236) 1973071934, 
3237) 1973780987, 
3238) 1973883732, 
3239) 1975405016, 
3240) 1975485033, 
3241) 1976452923, 
3242) 1977492983, 
3243) 1978012390, 
3244) 1978088503, 
3245) 1978668705, 
3246) 1979006004, 
3247) 1979349301, 
3248) 1979453861, 
3249) 1980280751, 
3250) 1981140764, 
3251) 1981173610, 
3252) 1981552854, 
3253) 1981891794, 
3254) 1982990473, 
3255) 1985444394, 
3256) 1985516204, 
3257) 1987744454, 
3258) 1989464363, 
3259) 1991478352, 
3260) 1991653095, 
3261) 1992333824, 
3262) 1993799391, 
3263) 1993809783, 
3264) 1995196058, 
3265) 1995374917, 
3266) 1995811066, 
3267) 1996271188, 
3268) 1997275677, 
3269) 1997621430, 
3270) 1997749491, 
3271) 1998415335, 
3272) 1998845888, 
3273) 1999389383, 
3274) 1999648842, 
3275) 1999778537, 
3276) 1999830840, 
3277) 1999977742, 
3278) 2001893954, 
3279) 2002910691, 
3280) 2003946264, 
3281) 2004845207, 
3282) 2005283314, 
3283) 2005347523, 
3284) 2006085094, 
3285) 2006554385, 
3286) 2006936606, 
3287) 2008377737, 
3288) 2008528490, 
3289) 2008764401, 
3290) 2009422609, 
3291) 2009915059, 
3292) 2010584587, 
3293) 2010985637, 
3294) 2011587738, 
3295) 2011689539, 
3296) 2011763845, 
3297) 2011820219, 
3298) 2012543882, 
3299) 2013816872, 
3300) 2013823667, 
3301) 2014740460, 
3302) 2014773422, 
3303) 2015766772, 
3304) 2018541708, 
3305) 2018854592, 
3306) 2019041371, 
3307) 2019123050, 
3308) 2019674971, 
3309) 2020413266, 
3310) 2021116099, 
3311) 2021375789, 
3312) 2021637205, 
3313) 2022627524, 
3314) 2022703733, 
3315) 2023500992, 
3316) 2023863698, 
3317) 2025035874, 
3318) 2025458380, 
3319) 2026023698, 
3320) 2027492511, 
3321) 2027688499, 
3322) 2028145005, 
3323) 2029167575, 
3324) 2030911516, 
3325) 2031130334, 
3326) 2031272970, 
3327) 2031551343, 
3328) 2031552607, 
3329) 2031690334, 
3330) 2031827779, 
3331) 2032245351, 
3332) 2032945701, 
3333) 2034729271, 
3334) 2034883115, 
3335) 2034942148, 
3336) 2034965547, 
3337) 2035576881, 
3338) 2036390677, 
3339) 2037442567, 
3340) 2037752736, 
3341) 2037771021, 
3342) 2038020498, 
3343) 2038081912, 
3344) 2039018060, 
3345) 2039950438, 
3346) 2040563211, 
3347) 2041059469, 
3348) 2041595840, 
3349) 2042212357, 
3350) 2042743994, 
3351) 2043320952, 
3352) 2043851197, 
3353) 2044540482, 
3354) 2044860313, 
3355) 2044882649, 
3356) 2045308095, 
3357) 2045691427, 
3358) 2045898024, 
3359) 2046588292, 
3360) 2046618449, 
3361) 2046832677, 
3362) 2046883051, 
3363) 2047011039, 
3364) 2048793738, 
3365) 2048891846, 
3366) 2049371590, 
3367) 2050561422, 
3368) 2050574893, 
3369) 2050872187, 
3370) 2051022025, 
3371) 2051075928, 
3372) 2052097168, 
3373) 2052706598, 
3374) 2052727879, 
3375) 2053726194, 
3376) 2054841979, 
3377) 2056001322, 
3378) 2057353902, 
3379) 2058442877, 
3380) 2059493452, 
3381) 2060864709, 
3382) 2061078667, 
3383) 2061639531, 
3384) 2061664829, 
3385) 2061679229, 
3386) 2061796862, 
3387) 2062899966, 
3388) 2063100736, 
3389) 2063533641, 
3390) 2063998281, 
3391) 2064394285, 
3392) 2064724354, 
3393) 2065437032, 
3394) 2067250999, 
3395) 2068284399, 
3396) 2068521489, 
3397) 2068522579, 
3398) 2069394511, 
3399) 2069495093, 
3400) 2070304470, 
3401) 2070820917, 
3402) 2070975456, 
3403) 2071160591, 
3404) 2071938009, 
3405) 2072014329, 
3406) 2072387197, 
3407) 2073009197, 
3408) 2073124668, 
3409) 2074101376, 
3410) 2075407341, 
3411) 2075999982, 
3412) 2076221277, 
3413) 2076265296, 
3414) 2076345698, 
3415) 2077182818, 
3416) 2077559908, 
3417) 2077706993, 
3418) 2078084443, 
3419) 2079275013, 
3420) 2079286425, 
3421) 2079301715, 
3422) 2079397977, 
3423) 2079529070, 
3424) 2080207514, 
3425) 2080306911, 
3426) 2081390315, 
3427) 2082027227, 
3428) 2082386893, 
3429) 2082585985, 
3430) 2082952610, 
3431) 2083665136, 
3432) 2085734832, 
3433) 2086192976, 
3434) 2086812961, 
3435) 2087344721, 
3436) 2089651835, 
3437) 2091065649, 
3438) 2091609507, 
3439) 2092591386, 
3440) 2093165863, 
3441) 2093316629, 
3442) 2094341035, 
3443) 2095108114, 
3444) 2095398615, 
3445) 2096053242, 
3446) 2096402811, 
3447) 2096879967, 
3448) 2096916879, 
3449) 2097345983, 
3450) 2099766921, 
3451) 2099875394, 
3452) 2100078884, 
3453) 2100177765, 
3454) 2101306594, 
3455) 2101389055, 
3456) 2101578392, 
3457) 2101647866, 
3458) 2102826423, 
3459) 2103270528, 
3460) 2103964618, 
3461) 2104019944, 
3462) 2104369342, 
3463) 2104886923, 
3464) 2104977897, 
3465) 2106112163, 
3466) 2107994845, 
3467) 2108694677, 
3468) 2109410105, 
3469) 2109422895, 
3470) 2109721373, 
3471) 2112472997, 
3472) 2112853339, 
3473) 2113395582, 
3474) 2113489233, 
3475) 2113726006, 
3476) 2113740058, 
3477) 2113804938, 
3478) 2114091440, 
3479) 2114114020, 
3480) 2114734026, 
3481) 2115119108, 
3482) 2115356254, 
3483) 2115448336, 
3484) 2115812255, 
3485) 2116097776, 
3486) 2116219826, 
3487) 2116291358, 
3488) 2116639038, 
3489) 2117305576, 
3490) 2118810421, 
3491) 2119490206, 
3492) 2119677090, 
3493) 2120030171, 
3494) 2120422576, 
3495) 2120771297, 
3496) 2121057466, 
3497) 2121702397, 
3498) 2121890332, 
3499) 2122063085, 
3500) 2122305269, 
3501) 2124312508, 
3502) 2124507591, 
3503) 2125610726, 
3504) 2125644942, 
3505) 2125729721, 
3506) 2125844339, 
3507) 2127043374, 
3508) 2127650662, 
3509) 2128380266, 
3510) 2128735341, 
3511) 2129427705, 
3512) 2129594882, 
3513) 2129623750, 
3514) 2130583897, 
3515) 2130761881, 
3516) 2132342266, 
3517) 2132680545, 
3518) 2133074023, 
3519) 2133125871, 
3520) 2133327412, 
3521) 2134430377, 
3522) 2134693370, 
3523) 2134696841, 
3524) 2135371951, 
3525) 2135414940, 
3526) 2135830093, 
3527) 2135837422, 
3528) 2137336924, 
3529) 2137351619, 
3530) 2137649061, 
3531) 2137961582, 
3532) 2138251221, 
3533) 2138534499, 
3534) 2138955975, 
3535) 2141182901, 
3536) 2142975419, 
3537) 2143119501, 
3538) 2143544610, 
3539) 2143799085, 
3540) 2146654573, 
3541) 2146655929, 
3542) 2146820599, 
3543) 2146988922, 
3544) 2150353253, 
3545) 2151622124, 
3546) 2152525518, 
3547) 2152546296, 
3548) 2152757293, 
3549) 2153821255, 
3550) 2154338466, 
3551) 2154432154, 
3552) 2156168644, 
3553) 2156805403, 
3554) 2156817640, 
3555) 2157405361, 
3556) 2158101445, 
3557) 2158458290, 
3558) 2159139549, 
3559) 2159326764, 
3560) 2159429614, 
3561) 2159600951, 
3562) 2160545553, 
3563) 2162268133, 
3564) 2164008551, 
3565) 2166810277, 
3566) 2167230444, 
3567) 2167695465, 
3568) 2167875040, 
3569) 2170606796, 
3570) 2170698598, 
3571) 2171297842, 
3572) 2171780476, 
3573) 2172303943, 
3574) 2172964966, 
3575) 2173700460, 
3576) 2173881480, 
3577) 2173926882, 
3578) 2174159418, 
3579) 2174163794, 
3580) 2175866714, 
3581) 2176013894, 
3582) 2176749781, 
3583) 2176758505, 
3584) 2176796879, 
3585) 2177448272, 
3586) 2177905133, 
3587) 2178808616, 
3588) 2179268906, 
3589) 2179753986, 
3590) 2181250566, 
3591) 2181740392, 
3592) 2181749398, 
3593) 2181979629, 
3594) 2182228508, 
3595) 2182823304, 
3596) 2183417971, 
3597) 2183551884, 
3598) 2184541010, 
3599) 2184591409, 
3600) 2184618481, 
3601) 2184773458, 
3602) 2184972502, 
3603) 2185026245, 
3604) 2185240680, 
3605) 2185831835, 
3606) 2186646536, 
3607) 2187373986, 
3608) 2187936592, 
3609) 2188085809, 
3610) 2188435247, 
3611) 2189085117, 
3612) 2190362612, 
3613) 2190782044, 
3614) 2192456575, 
3615) 2192520353, 
3616) 2192681136, 
3617) 2193770156, 
3618) 2193813858, 
3619) 2195994004, 
3620) 2197120194, 
3621) 2197605965, 
3622) 2197853752, 
3623) 2198623960, 
3624) 2198753515, 
3625) 2198924865, 
3626) 2199023639, 
3627) 2199081386, 
3628) 2199236693, 
3629) 2199840967, 
3630) 2200415585, 
3631) 2201344532, 
3632) 2202087445, 
3633) 2203690326, 
3634) 2204328795, 
3635) 2204682716, 
3636) 2205030359, 
3637) 2205569487, 
3638) 2205660366, 
3639) 2205811754, 
3640) 2207233957, 
3641) 2208172092, 
3642) 2208196489, 
3643) 2208780485, 
3644) 2208904338, 
3645) 2209022130, 
3646) 2209160688, 
3647) 2209263710, 
3648) 2211034799, 
3649) 2211712398, 
3650) 2212332365, 
3651) 2212691854, 
3652) 2213517001, 
3653) 2213616627, 
3654) 2213887744, 
3655) 2214280342, 
3656) 2214934469, 
3657) 2215657515, 
3658) 2216102729, 
3659) 2217729374, 
3660) 2219528673, 
3661) 2220051409, 
3662) 2221170564, 
3663) 2221526892, 
3664) 2222114161, 
3665) 2222479587, 
3666) 2223201878, 
3667) 2224296808, 
3668) 2224340979, 
3669) 2224797094, 
3670) 2225250914, 
3671) 2225866509, 
3672) 2226990087, 
3673) 2227479706, 
3674) 2228628269, 
3675) 2228698013, 
3676) 2229653287, 
3677) 2229711466, 
3678) 2229771620, 
3679) 2232366658, 
3680) 2233005943, 
3681) 2234108143, 
3682) 2234569706, 
3683) 2235059123, 
3684) 2235171758, 
3685) 2235674572, 
3686) 2237187233, 
3687) 2237489324, 
3688) 2237714563, 
3689) 2238523297, 
3690) 2239170477, 
3691) 2241338509, 
3692) 2242758325, 
3693) 2243210583, 
3694) 2244028934, 
3695) 2245150395, 
3696) 2246261702, 
3697) 2248737906, 
3698) 2250069040, 
3699) 2250581086, 
3700) 2250588635, 
3701) 2250666057, 
3702) 2250688806, 
3703) 2251049045, 
3704) 2251128400, 
3705) 2251343247, 
3706) 2252572355, 
3707) 2253130162, 
3708) 2253595060, 
3709) 2254588274, 
3710) 2255299555, 
3711) 2255691095, 
3712) 2256247204, 
3713) 2257508252, 
3714) 2258169058, 
3715) 2258257764, 
3716) 2262104539, 
3717) 2263012921, 
3718) 2263352623, 
3719) 2263468659, 
3720) 2264005855, 
3721) 2264160044, 
3722) 2264773274, 
3723) 2265058063, 
3724) 2265249536, 
3725) 2265578909, 
3726) 2265614111, 
3727) 2266081203, 
3728) 2266193701, 
3729) 2266874522, 
3730) 2267987239, 
3731) 2268088100, 
3732) 2270494549, 
3733) 2271223838, 
3734) 2271346411, 
3735) 2271734631, 
3736) 2272007983, 
3737) 2272250262, 
3738) 2272276001, 
3739) 2272295336, 
3740) 2273677325, 
3741) 2273904921, 
3742) 2273976880, 
3743) 2274948636, 
3744) 2275479467, 
3745) 2276198628, 
3746) 2278705678, 
3747) 2280825586, 
3748) 2281399935, 
3749) 2281790189, 
3750) 2282073015, 
3751) 2282270698, 
3752) 2282276768, 
3753) 2282397851, 
3754) 2282817539, 
3755) 2283087130, 
3756) 2283723323, 
3757) 2283825471, 
3758) 2284928243, 
3759) 2284975696, 
3760) 2285050443, 
3761) 2285112191, 
3762) 2285197871, 
3763) 2285687284, 
3764) 2286335679, 
3765) 2286448333, 
3766) 2286871873, 
3767) 2287815637, 
3768) 2288137258, 
3769) 2289733725, 
3770) 2289971385, 
3771) 2290603319, 
3772) 2292123017, 
3773) 2292293688, 
3774) 2293111153, 
3775) 2295066033, 
3776) 2295966804, 
3777) 2296854058, 
3778) 2297138496, 
3779) 2297260240, 
3780) 2297521258, 
3781) 2297728511, 
3782) 2298019665, 
3783) 2298057460, 
3784) 2298057877, 
3785) 2302504442, 
3786) 2302619871, 
3787) 2302707309, 
3788) 2302777827, 
3789) 2305371686, 
3790) 2305878476, 
3791) 2305954992, 
3792) 2305956885, 
3793) 2307545175, 
3794) 2307610777, 
3795) 2307815845, 
3796) 2308051792, 
3797) 2308189334, 
3798) 2308667428, 
3799) 2309238066, 
3800) 2309755335, 
3801) 2310707940, 
3802) 2311388906, 
3803) 2311640954, 
3804) 2312275922, 
3805) 2313402918, 
3806) 2314530762, 
3807) 2315534786, 
3808) 2315633206, 
3809) 2315690861, 
3810) 2315960635, 
3811) 2316521978, 
3812) 2317565563, 
3813) 2317711969, 
3814) 2318298774, 
3815) 2319959390, 
3816) 2320039873, 
3817) 2320893170, 
3818) 2321609743, 
3819) 2321661087, 
3820) 2322377928, 
3821) 2322531921, 
3822) 2322917547, 
3823) 2322948628, 
3824) 2323087563, 
3825) 2323368677, 
3826) 2324054493, 
3827) 2324560059, 
3828) 2325017946, 
3829) 2325503176, 
3830) 2325883927, 
3831) 2326589439, 
3832) 2326905598, 
3833) 2327810628, 
3834) 2328511892, 
3835) 2330443560, 
3836) 2330763792, 
3837) 2330796082, 
3838) 2331679515, 
3839) 2333297155, 
3840) 2333541787, 
3841) 2333565837, 
3842) 2334985788, 
3843) 2335051623, 
3844) 2335308506, 
3845) 2336914023, 
3846) 2337163311, 
3847) 2337333159, 
3848) 2338318088, 
3849) 2338446517, 
3850) 2339276220, 
3851) 2339377407, 
3852) 2339628416, 
3853) 2339814782, 
3854) 2340066008, 
3855) 2340156971, 
3856) 2341691362, 
3857) 2341969280, 
3858) 2342121405, 
3859) 2342607379, 
3860) 2342768406, 
3861) 2343613587, 
3862) 2343669907, 
3863) 2344675998, 
3864) 2345548396, 
3865) 2345677158, 
3866) 2346392382, 
3867) 2346610183, 
3868) 2346941399, 
3869) 2348678423, 
3870) 2349513835, 
3871) 2351369866, 
3872) 2351921714, 
3873) 2352129799, 
3874) 2352530698, 
3875) 2352775239, 
3876) 2353578660, 
3877) 2353713860, 
3878) 2354710702, 
3879) 2354881557, 
3880) 2355543843, 
3881) 2355773207, 
3882) 2356149702, 
3883) 2358098673, 
3884) 2359520862, 
3885) 2360593999, 
3886) 2360702052, 
3887) 2360717038, 
3888) 2362210750, 
3889) 2363597251, 
3890) 2364525717, 
3891) 2368683650, 
3892) 2369935052, 
3893) 2370453154, 
3894) 2371142062, 
3895) 2371230569, 
3896) 2371544931, 
3897) 2372278967, 
3898) 2374994985, 
3899) 2375034602, 
3900) 2375191824, 
3901) 2375397657, 
3902) 2375411905, 
3903) 2375911499, 
3904) 2376830341, 
3905) 2377055500, 
3906) 2377849564, 
3907) 2378462102, 
3908) 2378507618, 
3909) 2379090886, 
3910) 2379536287, 
3911) 2380387006, 
3912) 2381016015, 
3913) 2381769054, 
3914) 2382183687, 
3915) 2382423639, 
3916) 2383036843, 
3917) 2383756198, 
3918) 2384282102, 
3919) 2384898692, 
3920) 2385391507, 
3921) 2386963732, 
3922) 2387790658, 
3923) 2388557281, 
3924) 2388819519, 
3925) 2389768473, 
3926) 2390235342, 
3927) 2390248870, 
3928) 2391124323, 
3929) 2392198891, 
3930) 2392863865, 
3931) 2393016148, 
3932) 2395175541, 
3933) 2395509431, 
3934) 2396645019, 
3935) 2397099945, 
3936) 2397170906, 
3937) 2397714998, 
3938) 2398098721, 
3939) 2398242494, 
3940) 2400616102, 
3941) 2401027247, 
3942) 2401105358, 
3943) 2401109172, 
3944) 2401131073, 
3945) 2402717862, 
3946) 2403190459, 
3947) 2403313845, 
3948) 2403376979, 
3949) 2405567863, 
3950) 2405716480, 
3951) 2407092950, 
3952) 2408387903, 
3953) 2408970486, 
3954) 2408984377, 
3955) 2411471667, 
3956) 2411549577, 
3957) 2414046054, 
3958) 2414169302, 
3959) 2415665247, 
3960) 2415691559, 
3961) 2416092088, 
3962) 2416189325, 
3963) 2416708740, 
3964) 2416850168, 
3965) 2417236982, 
3966) 2418358088, 
3967) 2419180250, 
3968) 2419456279, 
3969) 2419476898, 
3970) 2419667568, 
3971) 2419804892, 
3972) 2420491794, 
3973) 2421600497, 
3974) 2421988324, 
3975) 2423018282, 
3976) 2423349611, 
3977) 2424213939, 
3978) 2424341553, 
3979) 2424997204, 
3980) 2425495717, 
3981) 2426163579, 
3982) 2426655277, 
3983) 2427135309, 
3984) 2427235186, 
3985) 2427911445, 
3986) 2429631247, 
3987) 2430000431, 
3988) 2430789217, 
3989) 2431226255, 
3990) 2431325327, 
3991) 2431801920, 
3992) 2431900759, 
3993) 2431997700, 
3994) 2432277831, 
3995) 2432861168, 
3996) 2433883629, 
3997) 2433952662, 
3998) 2434401626, 
3999) 2436399386, 
4000) 2436528867, 
4001) 2436534238, 
4002) 2437075294, 
4003) 2437219983, 
4004) 2438164647, 
4005) 2440060255, 
4006) 2440457012, 
4007) 2441917036, 
4008) 2442182614, 
4009) 2442600970, 
4010) 2442801236, 
4011) 2443401862, 
4012) 2444734904, 
4013) 2445123239, 
4014) 2445438995, 
4015) 2445935921, 
4016) 2447067929, 
4017) 2447330751, 
4018) 2447544455, 
4019) 2447577078, 
4020) 2448220744, 
4021) 2448255743, 
4022) 2449807561, 
4023) 2450515876, 
4024) 2451081743, 
4025) 2452300398, 
4026) 2453524326, 
4027) 2454649181, 
4028) 2459912379, 
4029) 2460324945, 
4030) 2460509450, 
4031) 2460919177, 
4032) 2460941354, 
4033) 2461724797, 
4034) 2461841073, 
4035) 2462190767, 
4036) 2462421550, 
4037) 2462814418, 
4038) 2462962698, 
4039) 2463374479, 
4040) 2464494493, 
4041) 2466214377, 
4042) 2466944406, 
4043) 2467210501, 
4044) 2467227413, 
4045) 2468464737, 
4046) 2468852902, 
4047) 2469742078, 
4048) 2470051503, 
4049) 2470056673, 
4050) 2470469807, 
4051) 2470797478, 
4052) 2471624409, 
4053) 2471763777, 
4054) 2472039909, 
4055) 2472315118, 
4056) 2472621606, 
4057) 2472796291, 
4058) 2472950901, 
4059) 2473768588, 
4060) 2473820771, 
4061) 2474227611, 
4062) 2474439083, 
4063) 2475430995, 
4064) 2477776734, 
4065) 2477980001, 
4066) 2477984225, 
4067) 2478730477, 
4068) 2478853682, 
4069) 2479840080, 
4070) 2480228178, 
4071) 2480242872, 
4072) 2480629393, 
4073) 2481140441, 
4074) 2481931608, 
4075) 2481945528, 
4076) 2482429710, 
4077) 2483954527, 
4078) 2484151295, 
4079) 2484535142, 
4080) 2484644267, 
4081) 2484993627, 
4082) 2486145020, 
4083) 2486595452, 
4084) 2486741540, 
4085) 2488598021, 
4086) 2489643653, 
4087) 2489821818, 
4088) 2491452271, 
4089) 2491501050, 
4090) 2491604965, 
4091) 2491671576, 
4092) 2492244457, 
4093) 2492926798, 
4094) 2493341943, 
4095) 2494237777, 
4096) 2494940717, 
4097) 2495275134, 
4098) 2496044917, 
4099) 2496322202, 
4100) 2497379618, 
4101) 2498404872, 
4102) 2499042294, 
4103) 2499273084, 
4104) 2499342367, 
4105) 2499571037, 
4106) 2499908146, 
4107) 2500133140, 
4108) 2500548612, 
4109) 2500780257, 
4110) 2501443262, 
4111) 2502147828, 
4112) 2502243138, 
4113) 2502685720, 
4114) 2503341312, 
4115) 2503480519, 
4116) 2503642192, 
4117) 2503896606, 
4118) 2504877096, 
4119) 2505423199, 
4120) 2505691434, 
4121) 2505952127, 
4122) 2506458121, 
4123) 2507370832, 
4124) 2507570925, 
4125) 2507979278, 
4126) 2508076380, 
4127) 2508716095, 
4128) 2509702684, 
4129) 2510604208, 
4130) 2510688111, 
4131) 2511244575, 
4132) 2511469588, 
4133) 2511887580, 
4134) 2512006133, 
4135) 2512281634, 
4136) 2513347986, 
4137) 2513818033, 
4138) 2514740863, 
4139) 2518023045, 
4140) 2518559124, 
4141) 2519294022, 
4142) 2519338101, 
4143) 2520007547, 
4144) 2520643872, 
4145) 2520877514, 
4146) 2521633681, 
4147) 2522268578, 
4148) 2522329773, 
4149) 2522907197, 
4150) 2522963853, 
4151) 2523229817, 
4152) 2523831136, 
4153) 2524048829, 
4154) 2525963645, 
4155) 2527146583, 
4156) 2528490845, 
4157) 2528626299, 
4158) 2529093141, 
4159) 2531812697, 
4160) 2532240185, 
4161) 2533061806, 
4162) 2533086578, 
4163) 2533411853, 
4164) 2534440796, 
4165) 2534851233, 
4166) 2535131174, 
4167) 2535770110, 
4168) 2535773128, 
4169) 2536464407, 
4170) 2537150205, 
4171) 2537229091, 
4172) 2537921777, 
4173) 2538200420, 
4174) 2539595072, 
4175) 2539955714, 
4176) 2540633708, 
4177) 2541263269, 
4178) 2544574595, 
4179) 2544730738, 
4180) 2545034699, 
4181) 2545232189, 
4182) 2545313753, 
4183) 2545427881, 
4184) 2548324250, 
4185) 2548359925, 
4186) 2548891675, 
4187) 2549007823, 
4188) 2549283309, 
4189) 2549419353, 
4190) 2549546391, 
4191) 2549847215, 
4192) 2550824303, 
4193) 2550945174, 
4194) 2552474405, 
4195) 2553918425, 
4196) 2554225509, 
4197) 2554519122, 
4198) 2554883575, 
4199) 2554945474, 
4200) 2555452368, 
4201) 2556189772, 
4202) 2556242904, 
4203) 2556318928, 
4204) 2556353737, 
4205) 2556895540, 
4206) 2556964291, 
4207) 2557294655, 
4208) 2557523906, 
4209) 2557920094, 
4210) 2559612705, 
4211) 2559835826, 
4212) 2560108590, 
4213) 2560272683, 
4214) 2560981945, 
4215) 2561115079, 
4216) 2561182146, 
4217) 2561472340, 
4218) 2561990901, 
4219) 2562100875, 
4220) 2562735074, 
4221) 2563184539, 
4222) 2564157052, 
4223) 2565099558, 
4224) 2565413228, 
4225) 2565695032, 
4226) 2566927762, 
4227) 2567536958, 
4228) 2568275277, 
4229) 2568561969, 
4230) 2568932667, 
4231) 2569342519, 
4232) 2569731851, 
4233) 2569916880, 
4234) 2570489471, 
4235) 2571134079, 
4236) 2571525538, 
4237) 2571584047, 
4238) 2571921356, 
4239) 2572140359, 
4240) 2572360699, 
4241) 2572403480, 
4242) 2572601892, 
4243) 2572625398, 
4244) 2572777536, 
4245) 2572926699, 
4246) 2573457600, 
4247) 2573522480, 
4248) 2574427138, 
4249) 2575549068, 
4250) 2576350801, 
4251) 2576390693, 
4252) 2576594678, 
4253) 2576889874, 
4254) 2577268517, 
4255) 2577453256, 
4256) 2578093408, 
4257) 2578674604, 
4258) 2579366372, 
4259) 2579886621, 
4260) 2580317294, 
4261) 2581344592, 
4262) 2581896950, 
4263) 2582247222, 
4264) 2582405341, 
4265) 2582575110, 
4266) 2583039823, 
4267) 2583132772, 
4268) 2584227860, 
4269) 2585088052, 
4270) 2585941458, 
4271) 2586178265, 
4272) 2586278097, 
4273) 2586370225, 
4274) 2586582716, 
4275) 2587121542, 
4276) 2587654400, 
4277) 2588061354, 
4278) 2588369191, 
4279) 2589655160, 
4280) 2591279021, 
4281) 2591637435, 
4282) 2592755178, 
4283) 2593105952, 
4284) 2593921286, 
4285) 2595036897, 
4286) 2595164210, 
4287) 2597437373, 
4288) 2598706749, 
4289) 2598939860, 
4290) 2600480911, 
4291) 2600674632, 
4292) 2601267760, 
4293) 2601489674, 
4294) 2603149624, 
4295) 2603152826, 
4296) 2603585960, 
4297) 2604925977, 
4298) 2605654133, 
4299) 2606030415, 
4300) 2607228813, 
4301) 2607254227, 
4302) 2607272844, 
4303) 2609410898, 
4304) 2610737295, 
4305) 2610901683, 
4306) 2610975008, 
4307) 2611172672, 
4308) 2612207407, 
4309) 2612697168, 
4310) 2613365099, 
4311) 2614949280, 
4312) 2615358407, 
4313) 2615494437, 
4314) 2615926775, 
4315) 2618130128, 
4316) 2618341386, 
4317) 2618409448, 
4318) 2618822767, 
4319) 2619264994, 
4320) 2620352602, 
4321) 2621763778, 
4322) 2622072965, 
4323) 2622429982, 
4324) 2623603065, 
4325) 2624320852, 
4326) 2624782045, 
4327) 2627438511, 
4328) 2629493969, 
4329) 2629910942, 
4330) 2630406241, 
4331) 2630904934, 
4332) 2631036055, 
4333) 2631322743, 
4334) 2631918444, 
4335) 2632619105, 
4336) 2634161616, 
4337) 2634428026, 
4338) 2635027868, 
4339) 2635318792, 
4340) 2635858358, 
4341) 2636165034, 
4342) 2637118310, 
4343) 2637352169, 
4344) 2637408597, 
4345) 2637444706, 
4346) 2638403926, 
4347) 2638478656, 
4348) 2638874918, 
4349) 2639028154, 
4350) 2639099814, 
4351) 2639548133, 
4352) 2639776810, 
4353) 2641075362, 
4354) 2641728730, 
4355) 2641765537, 
4356) 2643185180, 
4357) 2643189035, 
4358) 2644255416, 
4359) 2644304248, 
4360) 2644392362, 
4361) 2644850997, 
4362) 2645270117, 
4363) 2646961579, 
4364) 2647384114, 
4365) 2649128649, 
4366) 2649667630, 
4367) 2651437834, 
4368) 2652289085, 
4369) 2652399277, 
4370) 2652936644, 
4371) 2652946206, 
4372) 2652978901, 
4373) 2653351603, 
4374) 2654862235, 
4375) 2656178146, 
4376) 2656319400, 
4377) 2658126746, 
4378) 2658615438, 
4379) 2659983319, 
4380) 2660134581, 
4381) 2660571112, 
4382) 2660840798, 
4383) 2661112044, 
4384) 2661116124, 
4385) 2662388519, 
4386) 2662966192, 
4387) 2663275028, 
4388) 2663813365, 
4389) 2664275137, 
4390) 2664319272, 
4391) 2665664256, 
4392) 2666054384, 
4393) 2666499198, 
4394) 2666627159, 
4395) 2669196105, 
4396) 2669234874, 
4397) 2670046830, 
4398) 2670549872, 
4399) 2671002664, 
4400) 2671346751, 
4401) 2671624131, 
4402) 2671928743, 
4403) 2672151452, 
4404) 2675502972, 
4405) 2676181980, 
4406) 2676284048, 
4407) 2676843995, 
4408) 2678180702, 
4409) 2678220903, 
4410) 2678776138, 
4411) 2678821487, 
4412) 2679321999, 
4413) 2680934838, 
4414) 2681964044, 
4415) 2682542304, 
4416) 2683975362, 
4417) 2684236639, 
4418) 2685078618, 
4419) 2686400376, 
4420) 2686518871, 
4421) 2686747660, 
4422) 2686764959, 
4423) 2687091739, 
4424) 2687226654, 
4425) 2688203164, 
4426) 2688950459, 
4427) 2689230666, 
4428) 2689247417, 
4429) 2689742239, 
4430) 2691207255, 
4431) 2691955596, 
4432) 2692376377, 
4433) 2692483474, 
4434) 2692854026, 
4435) 2693055726, 
4436) 2693382497, 
4437) 2693490692, 
4438) 2693781002, 
4439) 2695363679, 
4440) 2695499024, 
4441) 2695895602, 
4442) 2695952658, 
4443) 2697285241, 
4444) 2697656738, 
4445) 2698061057, 
4446) 2698823555, 
4447) 2699800823, 
4448) 2700573766, 
4449) 2701736371, 
4450) 2702067898, 
4451) 2702626566, 
4452) 2703150404, 
4453) 2704430997, 
4454) 2704674745, 
4455) 2706478846, 
4456) 2706706052, 
4457) 2707409709, 
4458) 2707747208, 
4459) 2708319547, 
4460) 2708741946, 
4461) 2709494022, 
4462) 2709790545, 
4463) 2710137726, 
4464) 2711179488, 
4465) 2712439850, 
4466) 2712612282, 
4467) 2713734521, 
4468) 2714095639, 
4469) 2714175475, 
4470) 2714385954, 
4471) 2715026051, 
4472) 2715611811, 
4473) 2716058747, 
4474) 2716084825, 
4475) 2716353797, 
4476) 2716616449, 
4477) 2717655413, 
4478) 2718068921, 
4479) 2718894323, 
4480) 2720690522, 
4481) 2721380654, 
4482) 2721449520, 
4483) 2721960174, 
4484) 2722246835, 
4485) 2722297753, 
4486) 2722359893, 
4487) 2722409643, 
4488) 2722427469, 
4489) 2722757421, 
4490) 2723224803, 
4491) 2723662745, 
4492) 2723931403, 
4493) 2724635370, 
4494) 2724857868, 
4495) 2725375955, 
4496) 2725718823, 
4497) 2725864289, 
4498) 2725946440, 
4499) 2726832757, 
4500) 2727774667, 
4501) 2728033198, 
4502) 2728165653, 
4503) 2730232679, 
4504) 2730894139, 
4505) 2731102911, 
4506) 2731358164, 
4507) 2731360258, 
4508) 2732116049, 
4509) 2734058224, 
4510) 2734070605, 
4511) 2734183836, 
4512) 2734876689, 
4513) 2736171538, 
4514) 2736201928, 
4515) 2737040068, 
4516) 2737450635, 
4517) 2738372275, 
4518) 2738485161, 
4519) 2738987232, 
4520) 2739217717, 
4521) 2739846019, 
4522) 2739965496, 
4523) 2740308756, 
4524) 2740701047, 
4525) 2740949253, 
4526) 2741083697, 
4527) 2741407018, 
4528) 2742790684, 
4529) 2743427481, 
4530) 2743693678, 
4531) 2743793736, 
4532) 2744238095, 
4533) 2744925639, 
4534) 2745022943, 
4535) 2745364505, 
4536) 2745509994, 
4537) 2745572979, 
4538) 2746036631, 
4539) 2746663297, 
4540) 2747065864, 
4541) 2747422868, 
4542) 2747658999, 
4543) 2748377999, 
4544) 2748480836, 
4545) 2749696058, 
4546) 2752074755, 
4547) 2752533847, 
4548) 2753365279, 
4549) 2753372038, 
4550) 2753500952, 
4551) 2753513705, 
4552) 2754108176, 
4553) 2754215128, 
4554) 2754420243, 
4555) 2754467472, 
4556) 2754652131, 
4557) 2754957971, 
4558) 2755688548, 
4559) 2755910455, 
4560) 2756133409, 
4561) 2757001846, 
4562) 2757033753, 
4563) 2757296109, 
4564) 2757479596, 
4565) 2757646900, 
4566) 2758186592, 
4567) 2758425656, 
4568) 2759426619, 
4569) 2759691761, 
4570) 2760050973, 
4571) 2760366172, 
4572) 2762001658, 
4573) 2762697129, 
4574) 2764311344, 
4575) 2765436483, 
4576) 2765522829, 
4577) 2766103944, 
4578) 2767030214, 
4579) 2768278205, 
4580) 2768925634, 
4581) 2769369517, 
4582) 2769372145, 
4583) 2771103185, 
4584) 2772406829, 
4585) 2772625861, 
4586) 2772958970, 
4587) 2773382326, 
4588) 2774651574, 
4589) 2775253436, 
4590) 2775874721, 
4591) 2776853624, 
4592) 2776930590, 
4593) 2776968081, 
4594) 2777007335, 
4595) 2777659285, 
4596) 2777818227, 
4597) 2778573198, 
4598) 2778597410, 
4599) 2778998628, 
4600) 2779649704, 
4601) 2779959951, 
4602) 2780458524, 
4603) 2780766885, 
4604) 2782000966, 
4605) 2783715565, 
4606) 2784652267, 
4607) 2785469347, 
4608) 2785614761, 
4609) 2788341726, 
4610) 2789047422, 
4611) 2789073906, 
4612) 2789448579, 
4613) 2790366767, 
4614) 2790904382, 
4615) 2791654194, 
4616) 2792156646, 
4617) 2792381548, 
4618) 2792596277, 
4619) 2793068907, 
4620) 2793819357, 
4621) 2793979911, 
4622) 2794253308, 
4623) 2794645901, 
4624) 2794793193, 
4625) 2795700642, 
4626) 2796172340, 
4627) 2796714258, 
4628) 2798298396, 
4629) 2800194169, 
4630) 2800295360, 
4631) 2801481085, 
4632) 2803214296, 
4633) 2804311101, 
4634) 2804721435, 
4635) 2804856676, 
4636) 2805384996, 
4637) 2805817025, 
4638) 2806339149, 
4639) 2806559431, 
4640) 2807422275, 
4641) 2807567074, 
4642) 2807576077, 
4643) 2808608642, 
4644) 2809714589, 
4645) 2809909904, 
4646) 2811243139, 
4647) 2812758815, 
4648) 2812924153, 
4649) 2812953905, 
4650) 2813003879, 
4651) 2813024918, 
4652) 2813640441, 
4653) 2814014291, 
4654) 2814739155, 
4655) 2817591653, 
4656) 2818200680, 
4657) 2818306501, 
4658) 2818555946, 
4659) 2818694741, 
4660) 2818739057, 
4661) 2819259428, 
4662) 2821113939, 
4663) 2821706010, 
4664) 2821864684, 
4665) 2822746384, 
4666) 2823208260, 
4667) 2823591178, 
4668) 2824289754, 
4669) 2824366937, 
4670) 2825383664, 
4671) 2826600212, 
4672) 2826858046, 
4673) 2827181746, 
4674) 2827730723, 
4675) 2827866037, 
4676) 2828591123, 
4677) 2828660651, 
4678) 2828918362, 
4679) 2829431678, 
4680) 2829537740, 
4681) 2829645883, 
4682) 2829869466, 
4683) 2830326648, 
4684) 2830745347, 
4685) 2830868981, 
4686) 2831509501, 
4687) 2831760142, 
4688) 2832167633, 
4689) 2832949730, 
4690) 2833137678, 
4691) 2833303406, 
4692) 2833484605, 
4693) 2833646112, 
4694) 2834018445, 
4695) 2834050635, 
4696) 2834280434, 
4697) 2834614370, 
4698) 2834828597, 
4699) 2834898012, 
4700) 2835035602, 
4701) 2835387895, 
4702) 2835980439, 
4703) 2836424545, 
4704) 2836483118, 
4705) 2837000027, 
4706) 2837407865, 
4707) 2837851305, 
4708) 2838147288, 
4709) 2839133080, 
4710) 2839224136, 
4711) 2839513779, 
4712) 2839518113, 
4713) 2839784895, 
4714) 2840216682, 
4715) 2840482385, 
4716) 2841210257, 
4717) 2841557664, 
4718) 2842978499, 
4719) 2843103264, 
4720) 2843177746, 
4721) 2843488334, 
4722) 2845043201, 
4723) 2845047554, 
4724) 2845097668, 
4725) 2845662440, 
4726) 2847212446, 
4727) 2847588892, 
4728) 2847986906, 
4729) 2848405026, 
4730) 2848588275, 
4731) 2848703923, 
4732) 2848722996, 
4733) 2849226667, 
4734) 2849234542, 
4735) 2849280990, 
4736) 2849630237, 
4737) 2850041131, 
4738) 2850041299, 
4739) 2850878993, 
4740) 2851595957, 
4741) 2851860801, 
4742) 2851946380, 
4743) 2852004787, 
4744) 2853471257, 
4745) 2853994654, 
4746) 2854421487, 
4747) 2854936643, 
4748) 2855220439, 
4749) 2856793790, 
4750) 2857241345, 
4751) 2858293544, 
4752) 2859062435, 
4753) 2859948753, 
4754) 2860120860, 
4755) 2860196300, 
4756) 2860209439, 
4757) 2860700185, 
4758) 2860864077, 
4759) 2861739486, 
4760) 2861844279, 
4761) 2862421018, 
4762) 2862476880, 
4763) 2863316443, 
4764) 2863509419, 
4765) 2864508944, 
4766) 2864579935, 
4767) 2865506086, 
4768) 2866926209, 
4769) 2867496202, 
4770) 2867633364, 
4771) 2869288518, 
4772) 2870120387, 
4773) 2870188736, 
4774) 2870817400, 
4775) 2871175169, 
4776) 2871232686, 
4777) 2871712661, 
4778) 2872342420, 
4779) 2872575257, 
4780) 2873266180, 
4781) 2873626459, 
4782) 2873662394, 
4783) 2874818617, 
4784) 2875071688, 
4785) 2875096469, 
4786) 2875149144, 
4787) 2875259907, 
4788) 2875800778, 
4789) 2875975918, 
4790) 2876612257, 
4791) 2878471046, 
4792) 2878574914, 
4793) 2878995249, 
4794) 2883427011, 
4795) 2884355979, 
4796) 2886319775, 
4797) 2887622352, 
4798) 2888223221, 
4799) 2889674623, 
4800) 2889750786, 
4801) 2889928192, 
4802) 2889976738, 
4803) 2890253307, 
4804) 2890977452, 
4805) 2891115445, 
4806) 2891177456, 
4807) 2891532503, 
4808) 2891720174, 
4809) 2892389685, 
4810) 2892885513, 
4811) 2892972627, 
4812) 2893033896, 
4813) 2894086251, 
4814) 2894409654, 
4815) 2894686574, 
4816) 2895970651, 
4817) 2897130395, 
4818) 2897312451, 
4819) 2897933022, 
4820) 2897983084, 
4821) 2899170868, 
4822) 2899889822, 
4823) 2900508719, 
4824) 2900999485, 
4825) 2901432393, 
4826) 2901577069, 
4827) 2901923762, 
4828) 2902628835, 
4829) 2902775593, 
4830) 2903264264, 
4831) 2903676624, 
4832) 2904081218, 
4833) 2905525729, 
4834) 2905916202, 
4835) 2906270749, 
4836) 2906691701, 
4837) 2911095949, 
4838) 2912084740, 
4839) 2912161945, 
4840) 2912407671, 
4841) 2913200167, 
4842) 2914433763, 
4843) 2915360073, 
4844) 2915622918, 
4845) 2916896665, 
4846) 2917960123, 
4847) 2918085913, 
4848) 2918741859, 
4849) 2918882863, 
4850) 2919468300, 
4851) 2919536797, 
4852) 2920333765, 
4853) 2920367734, 
4854) 2920780090, 
4855) 2920839260, 
4856) 2922220919, 
4857) 2922256576, 
4858) 2922769152, 
4859) 2924183630, 
4860) 2924648325, 
4861) 2924887350, 
4862) 2924931171, 
4863) 2925118116, 
4864) 2925251870, 
4865) 2926569299, 
4866) 2926749118, 
4867) 2927320379, 
4868) 2927523824, 
4869) 2928295312, 
4870) 2928585706, 
4871) 2929092174, 
4872) 2929418001, 
4873) 2929557532, 
4874) 2930204123, 
4875) 2930711618, 
4876) 2931494239, 
4877) 2931501574, 
4878) 2931583605, 
4879) 2931654372, 
4880) 2933068912, 
4881) 2933438474, 
4882) 2933862847, 
4883) 2934698008, 
4884) 2934702289, 
4885) 2935587839, 
4886) 2935877435, 
4887) 2935978006, 
4888) 2936137610, 
4889) 2936617739, 
4890) 2937541509, 
4891) 2939039763, 
4892) 2939106199, 
4893) 2939543119, 
4894) 2941021276, 
4895) 2941889859, 
4896) 2942899859, 
4897) 2943743475, 
4898) 2943833179, 
4899) 2945269410, 
4900) 2945796659, 
4901) 2945813800, 
4902) 2945922823, 
4903) 2948005090, 
4904) 2949146221, 
4905) 2949150574, 
4906) 2949526895, 
4907) 2950424811, 
4908) 2950685899, 
4909) 2951240819, 
4910) 2952246488, 
4911) 2953223775, 
4912) 2953311383, 
4913) 2953673674, 
4914) 2954065265, 
4915) 2954665763, 
4916) 2955372216, 
4917) 2955816828, 
4918) 2955822684, 
4919) 2957228520, 
4920) 2957401666, 
4921) 2957403528, 
4922) 2958197346, 
4923) 2958454641, 
4924) 2959436063, 
4925) 2960029323, 
4926) 2960123101, 
4927) 2960263423, 
4928) 2960374005, 
4929) 2960986850, 
4930) 2961441114, 
4931) 2961882337, 
4932) 2962192481, 
4933) 2962378162, 
4934) 2962755224, 
4935) 2962771619, 
4936) 2963407074, 
4937) 2964101952, 
4938) 2965236764, 
4939) 2966127683, 
4940) 2966977638, 
4941) 2967153546, 
4942) 2969357465, 
4943) 2969369241, 
4944) 2969423319, 
4945) 2969829828, 
4946) 2969922284, 
4947) 2970048312, 
4948) 2970454153, 
4949) 2971189327, 
4950) 2972125830, 
4951) 2972750479, 
4952) 2972947017, 
4953) 2973180586, 
4954) 2973222076, 
4955) 2973592482, 
4956) 2975050638, 
4957) 2976523980, 
4958) 2976569581, 
4959) 2977882458, 
4960) 2978686439, 
4961) 2978729119, 
4962) 2979788048, 
4963) 2980004790, 
4964) 2980052937, 
4965) 2981224372, 
4966) 2982468199, 
4967) 2982952352, 
4968) 2983673576, 
4969) 2984657942, 
4970) 2985087480, 
4971) 2985818075, 
4972) 2985943482, 
4973) 2986114405, 
4974) 2986211525, 
4975) 2986942493, 
4976) 2987407229, 
4977) 2987494546, 
4978) 2987921258, 
4979) 2987950873, 
4980) 2988265124, 
4981) 2989204800, 
4982) 2990751864, 
4983) 2990963104, 
4984) 2991338040, 
4985) 2992105410, 
4986) 2992754863, 
4987) 2993057565, 
4988) 2993556448, 
4989) 2994297034, 
4990) 2996415465, 
4991) 2997825926, 
4992) 2998386635, 
4993) 2998418481, 
4994) 2999088999, 
4995) 2999368723, 
4996) 2999426082, 
4997) 2999454983, 
4998) 2999771788, 
4999) 2999991894, 
