Number of elements is 1000
Type of array is sorted
Sorting algorithm - select
Running time of sorting algorithm is 1202ms
0) 848819, 
1) 3724158, 
2) 14442052, 
3) 18566528, 
4) 26277134, 
5) 27397673, 
6) 28687219, 
7) 31345402, 
8) 32650239, 
9) 37887216, 
10) 38335726, 
11) 40247260, 
12) 42524239, 
13) 43261086, 
14) 52965469, 
15) 53404356, 
16) 54517514, 
17) 56015948, 
18) 56836347, 
19) 57772833, 
20) 59264015, 
21) 60449328, 
22) 69250432, 
23) 69788735, 
24) 71022807, 
25) 71768056, 
26) 75458852, 
27) 77506058, 
28) 79285735, 
29) 80185985, 
30) 81406659, 
31) 82914267, 
32) 88094549, 
33) 91880312, 
34) 95725530, 
35) 96496339, 
36) 97741274, 
37) 98031740, 
38) 98490094, 
39) 99884124, 
40) 100798558, 
41) 109045971, 
42) 114093716, 
43) 118782908, 
44) 120503668, 
45) 123993323, 
46) 126191144, 
47) 126997119, 
48) 128096116, 
49) 129884573, 
50) 132722694, 
51) 132998668, 
52) 138021819, 
53) 140148890, 
54) 144462673, 
55) 145658419, 
56) 146198593, 
57) 146340055, 
58) 150783306, 
59) 156314094, 
60) 164901633, 
61) 165002874, 
62) 167165584, 
63) 168010051, 
64) 172408401, 
65) 176358709, 
66) 179824877, 
67) 185967884, 
68) 189152925, 
69) 194991491, 
70) 197029411, 
71) 202826468, 
72) 203001153, 
73) 203647001, 
74) 205949583, 
75) 206987697, 
76) 210250503, 
77) 213196274, 
78) 213878535, 
79) 221833102, 
80) 222037418, 
81) 222552467, 
82) 223678308, 
83) 225209772, 
84) 228310466, 
85) 231983698, 
86) 232632432, 
87) 232809085, 
88) 236226967, 
89) 244909856, 
90) 261871586, 
91) 262658272, 
92) 269081681, 
93) 271789507, 
94) 276350967, 
95) 283226733, 
96) 283509800, 
97) 284289869, 
98) 288416055, 
99) 289214972, 
100) 289454523, 
101) 290187630, 
102) 291026602, 
103) 295234183, 
104) 300203172, 
105) 302524980, 
106) 303393625, 
107) 306043148, 
108) 306362803, 
109) 306577551, 
110) 309965962, 
111) 316016415, 
112) 320156395, 
113) 323487942, 
114) 323822405, 
115) 325953601, 
116) 326517748, 
117) 326611674, 
118) 327385222, 
119) 328222304, 
120) 328226866, 
121) 333543086, 
122) 334040205, 
123) 342946639, 
124) 344022526, 
125) 352944853, 
126) 355450923, 
127) 364955284, 
128) 366123675, 
129) 368756592, 
130) 373192737, 
131) 378716619, 
132) 383068623, 
133) 386567003, 
134) 387410745, 
135) 391682854, 
136) 393710692, 
137) 394127484, 
138) 400053652, 
139) 402501914, 
140) 406364796, 
141) 407118824, 
142) 407716739, 
143) 409271171, 
144) 409410176, 
145) 415423118, 
146) 415680983, 
147) 418053206, 
148) 421791917, 
149) 423332365, 
150) 429880406, 
151) 436526452, 
152) 437072471, 
153) 445521443, 
154) 452014152, 
155) 452285519, 
156) 454481656, 
157) 455241284, 
158) 455878338, 
159) 465593263, 
160) 467475408, 
161) 468078475, 
162) 469047172, 
163) 469541675, 
164) 470146403, 
165) 478887077, 
166) 482878817, 
167) 483285786, 
168) 485456795, 
169) 490590292, 
170) 494562511, 
171) 512886679, 
172) 518121250, 
173) 527781222, 
174) 535806766, 
175) 537224555, 
176) 538339250, 
177) 539714056, 
178) 544366224, 
179) 544828495, 
180) 546598628, 
181) 553840647, 
182) 554386844, 
183) 554703515, 
184) 555681955, 
185) 559413907, 
186) 564815309, 
187) 569348494, 
188) 573804002, 
189) 579751499, 
190) 583291485, 
191) 587983338, 
192) 588055475, 
193) 588799366, 
194) 592144488, 
195) 595097205, 
196) 603146146, 
197) 603186390, 
198) 610097791, 
199) 612866416, 
200) 615122540, 
201) 615135740, 
202) 620456394, 
203) 622776204, 
204) 629226794, 
205) 630829598, 
206) 631620785, 
207) 639680738, 
208) 642826064, 
209) 645572439, 
210) 647141513, 
211) 652842102, 
212) 660744512, 
213) 661697446, 
214) 668288346, 
215) 668376554, 
216) 673377011, 
217) 676208205, 
218) 676693228, 
219) 678131340, 
220) 678465552, 
221) 679498335, 
222) 680187570, 
223) 680937136, 
224) 684557263, 
225) 690923095, 
226) 696534932, 
227) 701085753, 
228) 705526375, 
229) 717976982, 
230) 718421761, 
231) 719893607, 
232) 721837277, 
233) 722044625, 
234) 722371309, 
235) 725535223, 
236) 726433559, 
237) 726869160, 
238) 730617168, 
239) 734261301, 
240) 736215320, 
241) 741982398, 
242) 745189023, 
243) 747314197, 
244) 747339578, 
245) 753654832, 
246) 754897675, 
247) 754911339, 
248) 759990996, 
249) 761260079, 
250) 767276222, 
251) 767566579, 
252) 777299975, 
253) 798945003, 
254) 799119075, 
255) 806070786, 
256) 806979935, 
257) 811532942, 
258) 813456693, 
259) 825943965, 
260) 829020030, 
261) 831060506, 
262) 840839243, 
263) 841655662, 
264) 842606151, 
265) 844070897, 
266) 855597860, 
267) 859120423, 
268) 859750065, 
269) 859952718, 
270) 863794731, 
271) 868466218, 
272) 870911475, 
273) 875788523, 
274) 878545206, 
275) 881392622, 
276) 881770181, 
277) 885088800, 
278) 892406667, 
279) 896168574, 
280) 898193815, 
281) 901433699, 
282) 903375381, 
283) 906389447, 
284) 907186367, 
285) 909143219, 
286) 912613873, 
287) 912629233, 
288) 914375072, 
289) 917547314, 
290) 918394400, 
291) 922847734, 
292) 928442450, 
293) 929053458, 
294) 930854333, 
295) 933115217, 
296) 934736270, 
297) 935474071, 
298) 938226176, 
299) 939996604, 
300) 941569172, 
301) 941617316, 
302) 944315973, 
303) 948961593, 
304) 949843965, 
305) 959182943, 
306) 961516858, 
307) 962616550, 
308) 965110794, 
309) 966425121, 
310) 971720353, 
311) 976201760, 
312) 981034518, 
313) 982912012, 
314) 986224358, 
315) 986381372, 
316) 987964104, 
317) 990324650, 
318) 990497780, 
319) 993626227, 
320) 1001168845, 
321) 1002651069, 
322) 1005164595, 
323) 1010471905, 
324) 1018872809, 
325) 1021389408, 
326) 1023575482, 
327) 1025489663, 
328) 1028678617, 
329) 1040097123, 
330) 1040873609, 
331) 1048106599, 
332) 1048335776, 
333) 1052399700, 
334) 1058765003, 
335) 1059448712, 
336) 1060643190, 
337) 1062936044, 
338) 1064439331, 
339) 1074507553, 
340) 1077043925, 
341) 1079687231, 
342) 1079869499, 
343) 1081747805, 
344) 1085048528, 
345) 1087176032, 
346) 1088702185, 
347) 1097635536, 
348) 1102105111, 
349) 1110572187, 
350) 1112269825, 
351) 1113114855, 
352) 1114928914, 
353) 1118894745, 
354) 1119444494, 
355) 1127264639, 
356) 1128401949, 
357) 1130652777, 
358) 1132024761, 
359) 1135624221, 
360) 1135943737, 
361) 1140374110, 
362) 1140660688, 
363) 1147806339, 
364) 1154461639, 
365) 1155345589, 
366) 1157734082, 
367) 1161568963, 
368) 1162137233, 
369) 1163016281, 
370) 1164354482, 
371) 1166201836, 
372) 1171969402, 
373) 1172692393, 
374) 1173488366, 
375) 1174667019, 
376) 1174834373, 
377) 1176009139, 
378) 1177984817, 
379) 1188018956, 
380) 1192064004, 
381) 1197626552, 
382) 1197704260, 
383) 1198195142, 
384) 1201435261, 
385) 1206677898, 
386) 1211183417, 
387) 1214529848, 
388) 1215285940, 
389) 1217354054, 
390) 1217659328, 
391) 1217744545, 
392) 1218553715, 
393) 1218865313, 
394) 1219967530, 
395) 1221762240, 
396) 1225827916, 
397) 1226836306, 
398) 1229181370, 
399) 1235861774, 
400) 1236375038, 
401) 1236521583, 
402) 1237027984, 
403) 1241236260, 
404) 1242993716, 
405) 1245673086, 
406) 1247045805, 
407) 1249094511, 
408) 1250024880, 
409) 1250189888, 
410) 1261404525, 
411) 1268873943, 
412) 1271550161, 
413) 1275489480, 
414) 1279011573, 
415) 1282555068, 
416) 1282663429, 
417) 1286681540, 
418) 1286943562, 
419) 1287409345, 
420) 1290600912, 
421) 1294265064, 
422) 1295212338, 
423) 1297655804, 
424) 1299878308, 
425) 1301323119, 
426) 1307092684, 
427) 1309383170, 
428) 1310436642, 
429) 1316392124, 
430) 1318932622, 
431) 1323746319, 
432) 1324104749, 
433) 1327228814, 
434) 1331856650, 
435) 1334107641, 
436) 1338250075, 
437) 1338881991, 
438) 1339020436, 
439) 1341227488, 
440) 1346840663, 
441) 1353768969, 
442) 1353842732, 
443) 1354388549, 
444) 1360211208, 
445) 1362020985, 
446) 1368441743, 
447) 1376965481, 
448) 1377859473, 
449) 1377920874, 
450) 1379630424, 
451) 1384758842, 
452) 1385789579, 
453) 1391884442, 
454) 1393459513, 
455) 1398111044, 
456) 1400538971, 
457) 1401708707, 
458) 1404869482, 
459) 1406574012, 
460) 1411326392, 
461) 1412695245, 
462) 1412848344, 
463) 1417888338, 
464) 1421005977, 
465) 1422436239, 
466) 1424590130, 
467) 1425113647, 
468) 1427298286, 
469) 1430401544, 
470) 1431976935, 
471) 1433241472, 
472) 1434895499, 
473) 1436315665, 
474) 1436903148, 
475) 1444022883, 
476) 1445603525, 
477) 1448309219, 
478) 1451379709, 
479) 1453708667, 
480) 1453958102, 
481) 1454051207, 
482) 1459678307, 
483) 1465368177, 
484) 1465951335, 
485) 1473507628, 
486) 1475175552, 
487) 1480973097, 
488) 1489522826, 
489) 1491471117, 
490) 1491635331, 
491) 1501045638, 
492) 1501316193, 
493) 1502922137, 
494) 1503096883, 
495) 1504979280, 
496) 1505231677, 
497) 1506576295, 
498) 1510678845, 
499) 1516776465, 
500) 1519328157, 
501) 1526241960, 
502) 1526518857, 
503) 1529990401, 
504) 1535711039, 
505) 1537629019, 
506) 1539920313, 
507) 1540436789, 
508) 1541738734, 
509) 1545141678, 
510) 1547001219, 
511) 1547685353, 
512) 1553833332, 
513) 1555908729, 
514) 1556805010, 
515) 1563509913, 
516) 1565809452, 
517) 1567448469, 
518) 1573394217, 
519) 1574309950, 
520) 1576695037, 
521) 1581819805, 
522) 1582115500, 
523) 1588645471, 
524) 1590139499, 
525) 1593597213, 
526) 1605765716, 
527) 1608269036, 
528) 1609419880, 
529) 1613638055, 
530) 1613664216, 
531) 1617940784, 
532) 1618151487, 
533) 1619173688, 
534) 1619722326, 
535) 1620276072, 
536) 1622902126, 
537) 1623496395, 
538) 1625424213, 
539) 1627718533, 
540) 1631495766, 
541) 1634099126, 
542) 1635651953, 
543) 1640190232, 
544) 1644015534, 
545) 1646667231, 
546) 1655748305, 
547) 1658598789, 
548) 1659905836, 
549) 1663780652, 
550) 1665320540, 
551) 1666248445, 
552) 1669723432, 
553) 1671292352, 
554) 1671850191, 
555) 1675331120, 
556) 1678726623, 
557) 1679472581, 
558) 1680077139, 
559) 1691256580, 
560) 1692664488, 
561) 1693460858, 
562) 1694381950, 
563) 1696190115, 
564) 1697635438, 
565) 1704277920, 
566) 1705976471, 
567) 1708203643, 
568) 1713042480, 
569) 1715863398, 
570) 1715866303, 
571) 1721650890, 
572) 1726051947, 
573) 1730969300, 
574) 1733527563, 
575) 1734217684, 
576) 1736071708, 
577) 1743469484, 
578) 1744915591, 
579) 1753410446, 
580) 1758100241, 
581) 1758308300, 
582) 1761444619, 
583) 1763326822, 
584) 1768668766, 
585) 1771418910, 
586) 1775490324, 
587) 1780928785, 
588) 1783005886, 
589) 1783563148, 
590) 1788445128, 
591) 1794782658, 
592) 1796548410, 
593) 1797867125, 
594) 1798017604, 
595) 1799257591, 
596) 1800005048, 
597) 1802573139, 
598) 1802692543, 
599) 1804540560, 
600) 1809411114, 
601) 1810165391, 
602) 1810605526, 
603) 1812128544, 
604) 1815900107, 
605) 1817325657, 
606) 1817425386, 
607) 1817933327, 
608) 1819541858, 
609) 1819704431, 
610) 1819919446, 
611) 1822497533, 
612) 1831060921, 
613) 1834130421, 
614) 1834639708, 
615) 1839130267, 
616) 1848121690, 
617) 1849126329, 
618) 1851534284, 
619) 1852175427, 
620) 1854668585, 
621) 1858962405, 
622) 1865676654, 
623) 1866301707, 
624) 1867020573, 
625) 1876227355, 
626) 1878377228, 
627) 1880304851, 
628) 1880597279, 
629) 1887743173, 
630) 1890780568, 
631) 1894736365, 
632) 1899886108, 
633) 1902095993, 
634) 1902205341, 
635) 1903756998, 
636) 1904750929, 
637) 1908832779, 
638) 1909214993, 
639) 1918486798, 
640) 1921056198, 
641) 1923983389, 
642) 1925795181, 
643) 1929261920, 
644) 1935324483, 
645) 1939249279, 
646) 1943321521, 
647) 1945376229, 
648) 1950859314, 
649) 1951612037, 
650) 1953328360, 
651) 1955506636, 
652) 1958057389, 
653) 1960328640, 
654) 1962268722, 
655) 1963548975, 
656) 1965948694, 
657) 1965950996, 
658) 1967447722, 
659) 1967633894, 
660) 1970619521, 
661) 1972930558, 
662) 1973195733, 
663) 1977380696, 
664) 1984717274, 
665) 1988759537, 
666) 1989912980, 
667) 1993658105, 
668) 1997392265, 
669) 1997500377, 
670) 2003964311, 
671) 2004021625, 
672) 2005422578, 
673) 2009415932, 
674) 2013173713, 
675) 2024116205, 
676) 2024179175, 
677) 2026400421, 
678) 2028141862, 
679) 2029046741, 
680) 2037630707, 
681) 2039842045, 
682) 2040492737, 
683) 2043135333, 
684) 2047888641, 
685) 2048181909, 
686) 2050024400, 
687) 2053052446, 
688) 2054527733, 
689) 2057877376, 
690) 2059218068, 
691) 2063629247, 
692) 2063669814, 
693) 2064441460, 
694) 2073826740, 
695) 2075289015, 
696) 2076747193, 
697) 2077024382, 
698) 2091565156, 
699) 2092445855, 
700) 2092483210, 
701) 2093389337, 
702) 2103712651, 
703) 2103951445, 
704) 2114103183, 
705) 2114339213, 
706) 2121971009, 
707) 2129336326, 
708) 2134495608, 
709) 2140543888, 
710) 2148199173, 
711) 2151521337, 
712) 2153508062, 
713) 2157354006, 
714) 2161004464, 
715) 2166480789, 
716) 2166740136, 
717) 2167051019, 
718) 2175989239, 
719) 2177547118, 
720) 2177695026, 
721) 2187851382, 
722) 2190653557, 
723) 2194525318, 
724) 2212762980, 
725) 2213808484, 
726) 2215733305, 
727) 2216297125, 
728) 2219216788, 
729) 2222824658, 
730) 2225663634, 
731) 2241832913, 
732) 2243265417, 
733) 2248568155, 
734) 2256489559, 
735) 2260901462, 
736) 2263934993, 
737) 2264451648, 
738) 2270374714, 
739) 2270839011, 
740) 2271778379, 
741) 2274570958, 
742) 2278208315, 
743) 2278913092, 
744) 2279644933, 
745) 2280766162, 
746) 2281703127, 
747) 2282732596, 
748) 2283077272, 
749) 2283518100, 
750) 2290593981, 
751) 2292494052, 
752) 2293691495, 
753) 2295476190, 
754) 2302946032, 
755) 2303064717, 
756) 2303248730, 
757) 2307158541, 
758) 2313594079, 
759) 2314427441, 
760) 2315403715, 
761) 2315494024, 
762) 2316000350, 
763) 2316575124, 
764) 2316814590, 
765) 2319258040, 
766) 2325056169, 
767) 2330969490, 
768) 2332250913, 
769) 2337379713, 
770) 2341160971, 
771) 2349094211, 
772) 2351245962, 
773) 2352396790, 
774) 2361589795, 
775) 2362496573, 
776) 2364244493, 
777) 2364730503, 
778) 2371013600, 
779) 2371497409, 
780) 2374035760, 
781) 2376994300, 
782) 2379697973, 
783) 2380424223, 
784) 2382524192, 
785) 2384209098, 
786) 2386152641, 
787) 2390299193, 
788) 2390639341, 
789) 2396312828, 
790) 2397363118, 
791) 2410361987, 
792) 2411918487, 
793) 2416941623, 
794) 2420453930, 
795) 2421010939, 
796) 2425664894, 
797) 2428329573, 
798) 2439499435, 
799) 2449969724, 
800) 2452806100, 
801) 2453130377, 
802) 2455310291, 
803) 2458287012, 
804) 2460998008, 
805) 2461398312, 
806) 2462580912, 
807) 2463273298, 
808) 2464089552, 
809) 2465159401, 
810) 2466447224, 
811) 2467810844, 
812) 2467877599, 
813) 2468010644, 
814) 2471691664, 
815) 2476653219, 
816) 2478005327, 
817) 2482215441, 
818) 2482987966, 
819) 2484060703, 
820) 2491996142, 
821) 2492089250, 
822) 2496421311, 
823) 2498899027, 
824) 2499402443, 
825) 2506056018, 
826) 2509271876, 
827) 2511938350, 
828) 2512031059, 
829) 2516496050, 
830) 2519600816, 
831) 2527245048, 
832) 2527693728, 
833) 2532205825, 
834) 2533819048, 
835) 2534499943, 
836) 2537814173, 
837) 2543478424, 
838) 2545969505, 
839) 2546301182, 
840) 2547294748, 
841) 2547649841, 
842) 2550706038, 
843) 2552585766, 
844) 2553898559, 
845) 2558632550, 
846) 2561647653, 
847) 2563903346, 
848) 2565212538, 
849) 2565330187, 
850) 2571127975, 
851) 2578024339, 
852) 2578409032, 
853) 2578662751, 
854) 2581639200, 
855) 2582394181, 
856) 2582805977, 
857) 2584793450, 
858) 2585863651, 
859) 2587851215, 
860) 2594023168, 
861) 2594808639, 
862) 2594969684, 
863) 2598820288, 
864) 2605431820, 
865) 2606587162, 
866) 2606868907, 
867) 2607049318, 
868) 2612179998, 
869) 2613856702, 
870) 2620584767, 
871) 2620878653, 
872) 2620894507, 
873) 2623553182, 
874) 2629924136, 
875) 2634087807, 
876) 2639026644, 
877) 2641868972, 
878) 2642275052, 
879) 2644850146, 
880) 2646033711, 
881) 2652418965, 
882) 2653204456, 
883) 2654687172, 
884) 2657170944, 
885) 2659667452, 
886) 2670021959, 
887) 2670907845, 
888) 2671901698, 
889) 2672878631, 
890) 2673152257, 
891) 2678801165, 
892) 2683861896, 
893) 2684268861, 
894) 2689261461, 
895) 2690226134, 
896) 2692893511, 
897) 2695759169, 
898) 2710059265, 
899) 2716492526, 
900) 2718959075, 
901) 2726401719, 
902) 2726664258, 
903) 2726930493, 
904) 2729065134, 
905) 2729730043, 
906) 2739284405, 
907) 2742136393, 
908) 2749264404, 
909) 2750924711, 
910) 2757409707, 
911) 2757961713, 
912) 2761800227, 
913) 2765291555, 
914) 2772099051, 
915) 2774470083, 
916) 2778485663, 
917) 2784673210, 
918) 2793439808, 
919) 2794556988, 
920) 2795091911, 
921) 2795716044, 
922) 2800051229, 
923) 2802103219, 
924) 2806938386, 
925) 2807346988, 
926) 2807510703, 
927) 2808863136, 
928) 2810454160, 
929) 2811321872, 
930) 2819293152, 
931) 2832326424, 
932) 2833631552, 
933) 2834612812, 
934) 2838679214, 
935) 2839543119, 
936) 2842553370, 
937) 2843123283, 
938) 2850941940, 
939) 2851604607, 
940) 2853309628, 
941) 2859206173, 
942) 2861761518, 
943) 2864700916, 
944) 2868060621, 
945) 2876219678, 
946) 2878930431, 
947) 2879893452, 
948) 2880431247, 
949) 2883130962, 
950) 2884910690, 
951) 2887907516, 
952) 2888680216, 
953) 2889674906, 
954) 2892733738, 
955) 2895070188, 
956) 2897231478, 
957) 2899031494, 
958) 2900679112, 
959) 2905869510, 
960) 2906229024, 
961) 2906498793, 
962) 2908379129, 
963) 2915983192, 
964) 2917967684, 
965) 2922122028, 
966) 2925544677, 
967) 2927320092, 
968) 2929299520, 
969) 2936440259, 
970) 2937157553, 
971) 2940318807, 
972) 2941389838, 
973) 2942362254, 
974) 2943873004, 
975) 2945964220, 
976) 2947076638, 
977) 2949133174, 
978) 2953552047, 
979) 2954629987, 
980) 2957548328, 
981) 2959360483, 
982) 2959553721, 
983) 2960046114, 
984) 2961659600, 
985) 2966650335, 
986) 2967292880, 
987) 2970771414, 
988) 2972865123, 
989) 2974670625, 
990) 2978715091, 
991) 2978772502, 
992) 2979868431, 
993) 2983481824, 
994) 2985334765, 
995) 2989389380, 
996) 2990712487, 
997) 2990954133, 
998) 2997200543, 
999) 2999899428, 
