Number of elements is 500
Type of array is sorted
Sorting algorithm - select
Running time of sorting algorithm is 300ms
0) 423915, 
1) 3638573, 
2) 5042149, 
3) 5332490, 
4) 21126257, 
5) 24208315, 
6) 34256792, 
7) 50821091, 
8) 51834439, 
9) 54535989, 
10) 69007220, 
11) 72871733, 
12) 76310941, 
13) 78232266, 
14) 79186154, 
15) 86418009, 
16) 89339581, 
17) 90162560, 
18) 91676279, 
19) 100941093, 
20) 104556239, 
21) 108596079, 
22) 108879980, 
23) 110090527, 
24) 122910470, 
25) 124531291, 
26) 151013610, 
27) 153576318, 
28) 168121775, 
29) 170608064, 
30) 170855490, 
31) 172377223, 
32) 172637610, 
33) 174338554, 
34) 180366141, 
35) 180707458, 
36) 188058132, 
37) 194390362, 
38) 212426979, 
39) 212568662, 
40) 212965896, 
41) 227913040, 
42) 237771911, 
43) 248271213, 
44) 255232017, 
45) 255730448, 
46) 256222700, 
47) 258956224, 
48) 260228303, 
49) 262475588, 
50) 264699724, 
51) 269360763, 
52) 271372183, 
53) 271734037, 
54) 272994895, 
55) 280916756, 
56) 285602926, 
57) 297960435, 
58) 312394134, 
59) 318109037, 
60) 319891567, 
61) 325970620, 
62) 333373638, 
63) 337563834, 
64) 340025823, 
65) 340679211, 
66) 343840643, 
67) 344589599, 
68) 352402802, 
69) 355588945, 
70) 357734881, 
71) 362087267, 
72) 365817354, 
73) 368742499, 
74) 370502064, 
75) 375319007, 
76) 378550417, 
77) 401161942, 
78) 403428453, 
79) 413022585, 
80) 416924712, 
81) 425982112, 
82) 429118886, 
83) 439127593, 
84) 439449182, 
85) 441924469, 
86) 444523960, 
87) 449997143, 
88) 453522595, 
89) 458024022, 
90) 464834276, 
91) 498069460, 
92) 499210489, 
93) 499277160, 
94) 530334752, 
95) 543090480, 
96) 545476973, 
97) 550381827, 
98) 558769495, 
99) 561314059, 
100) 570795785, 
101) 574212826, 
102) 584956889, 
103) 593967142, 
104) 602345117, 
105) 602515109, 
106) 609429809, 
107) 610171474, 
108) 615387426, 
109) 622350302, 
110) 624411036, 
111) 628378391, 
112) 631033287, 
113) 651040169, 
114) 654482511, 
115) 663997510, 
116) 664279051, 
117) 670463414, 
118) 671846826, 
119) 678339805, 
120) 681229915, 
121) 696240274, 
122) 700240727, 
123) 702131610, 
124) 702638990, 
125) 725163996, 
126) 729217039, 
127) 730859995, 
128) 731049440, 
129) 736788579, 
130) 737925072, 
131) 738673049, 
132) 743788249, 
133) 754929254, 
134) 768857724, 
135) 774071067, 
136) 776524434, 
137) 779210470, 
138) 781443147, 
139) 787491068, 
140) 800715966, 
141) 802807386, 
142) 811255777, 
143) 818722892, 
144) 820958044, 
145) 824157518, 
146) 825743894, 
147) 859962881, 
148) 880719241, 
149) 884219637, 
150) 901746191, 
151) 907208779, 
152) 910050660, 
153) 913026000, 
154) 918404890, 
155) 919697407, 
156) 927826989, 
157) 928704826, 
158) 929049116, 
159) 932316665, 
160) 933734565, 
161) 936829363, 
162) 963948998, 
163) 965702483, 
164) 972679457, 
165) 986562846, 
166) 993604408, 
167) 1004168830, 
168) 1009834616, 
169) 1012427045, 
170) 1017835869, 
171) 1028544878, 
172) 1030901021, 
173) 1040085742, 
174) 1046029780, 
175) 1046460429, 
176) 1055350262, 
177) 1061838679, 
178) 1067126251, 
179) 1068236776, 
180) 1069960447, 
181) 1083130356, 
182) 1100711930, 
183) 1102160469, 
184) 1108901759, 
185) 1109795189, 
186) 1110223690, 
187) 1111316066, 
188) 1113289173, 
189) 1133705851, 
190) 1135997176, 
191) 1137274557, 
192) 1137480736, 
193) 1147915602, 
194) 1152756792, 
195) 1166825274, 
196) 1168973532, 
197) 1178631698, 
198) 1181947079, 
199) 1187833493, 
200) 1194355646, 
201) 1198825355, 
202) 1201755014, 
203) 1222413177, 
204) 1224252655, 
205) 1231941633, 
206) 1235915501, 
207) 1236052291, 
208) 1236665141, 
209) 1240542125, 
210) 1241761209, 
211) 1248996841, 
212) 1249032247, 
213) 1258701296, 
214) 1259138346, 
215) 1259611466, 
216) 1273425898, 
217) 1273680072, 
218) 1280851485, 
219) 1289591000, 
220) 1303889181, 
221) 1306275043, 
222) 1314809727, 
223) 1318101645, 
224) 1319216794, 
225) 1330383377, 
226) 1340552509, 
227) 1356425939, 
228) 1356657045, 
229) 1361364570, 
230) 1361896459, 
231) 1362632931, 
232) 1366762059, 
233) 1373614357, 
234) 1384644110, 
235) 1389122640, 
236) 1393571929, 
237) 1402385872, 
238) 1426007676, 
239) 1457846823, 
240) 1472467892, 
241) 1478182046, 
242) 1482330251, 
243) 1483780405, 
244) 1484346725, 
245) 1488748686, 
246) 1506277868, 
247) 1518938849, 
248) 1521347001, 
249) 1523276899, 
250) 1531390272, 
251) 1536954128, 
252) 1549010654, 
253) 1552366988, 
254) 1553528166, 
255) 1556342530, 
256) 1561532508, 
257) 1564573509, 
258) 1590416114, 
259) 1590627678, 
260) 1592568747, 
261) 1600521154, 
262) 1602640984, 
263) 1611293458, 
264) 1615865135, 
265) 1616208415, 
266) 1616346920, 
267) 1629656201, 
268) 1652847218, 
269) 1666813424, 
270) 1669846557, 
271) 1673836872, 
272) 1676643587, 
273) 1714964483, 
274) 1722239396, 
275) 1739491333, 
276) 1741755950, 
277) 1748511945, 
278) 1751779443, 
279) 1754844199, 
280) 1757377409, 
281) 1762758261, 
282) 1764905964, 
283) 1770466300, 
284) 1778794375, 
285) 1780855979, 
286) 1792395558, 
287) 1793169116, 
288) 1796279126, 
289) 1799156132, 
290) 1803374775, 
291) 1807522411, 
292) 1809358112, 
293) 1810163478, 
294) 1815590201, 
295) 1816657689, 
296) 1829650767, 
297) 1830062520, 
298) 1836769588, 
299) 1837929846, 
300) 1861837464, 
301) 1866012235, 
302) 1868003974, 
303) 1870424616, 
304) 1888958114, 
305) 1890664008, 
306) 1898835008, 
307) 1907076796, 
308) 1909422067, 
309) 1910681396, 
310) 1916575874, 
311) 1924021819, 
312) 1932623172, 
313) 1937113086, 
314) 1940725528, 
315) 1944505780, 
316) 1960126695, 
317) 1964092159, 
318) 1965987987, 
319) 1966058649, 
320) 1966167335, 
321) 1967620407, 
322) 1968982808, 
323) 1969864686, 
324) 1977512612, 
325) 1979124530, 
326) 1980806624, 
327) 1980888595, 
328) 1982399643, 
329) 1986347373, 
330) 1986624901, 
331) 1999949794, 
332) 2002303863, 
333) 2003276492, 
334) 2006653375, 
335) 2016622504, 
336) 2023127030, 
337) 2029945788, 
338) 2030506039, 
339) 2031402959, 
340) 2032605736, 
341) 2036964289, 
342) 2043771140, 
343) 2059096005, 
344) 2062781406, 
345) 2069794159, 
346) 2072036308, 
347) 2080843646, 
348) 2089667111, 
349) 2090072065, 
350) 2091521424, 
351) 2092405002, 
352) 2093468015, 
353) 2094904127, 
354) 2111537390, 
355) 2115712230, 
356) 2120138514, 
357) 2120731195, 
358) 2122959301, 
359) 2125596758, 
360) 2144798654, 
361) 2145941638, 
362) 2167561380, 
363) 2181726356, 
364) 2185693484, 
365) 2200341441, 
366) 2202811184, 
367) 2211000480, 
368) 2211550111, 
369) 2217549096, 
370) 2230530601, 
371) 2231587650, 
372) 2234003864, 
373) 2235701515, 
374) 2237631916, 
375) 2242465893, 
376) 2246940236, 
377) 2253784103, 
378) 2257534257, 
379) 2270375296, 
380) 2273982540, 
381) 2274186621, 
382) 2279245250, 
383) 2285366801, 
384) 2288814437, 
385) 2289740394, 
386) 2297482722, 
387) 2299135075, 
388) 2305977602, 
389) 2332036296, 
390) 2343103114, 
391) 2346892631, 
392) 2346897273, 
393) 2354625999, 
394) 2357444180, 
395) 2369428184, 
396) 2370147593, 
397) 2370921305, 
398) 2374719970, 
399) 2377183995, 
400) 2382854924, 
401) 2383650527, 
402) 2384979745, 
403) 2389613310, 
404) 2408452614, 
405) 2421330185, 
406) 2421721193, 
407) 2424234329, 
408) 2442491524, 
409) 2449281254, 
410) 2449701097, 
411) 2452782245, 
412) 2458238261, 
413) 2462987573, 
414) 2475664985, 
415) 2478338788, 
416) 2480008194, 
417) 2493519150, 
418) 2501226278, 
419) 2518799782, 
420) 2520907806, 
421) 2526281740, 
422) 2534386437, 
423) 2546776366, 
424) 2551970624, 
425) 2553798562, 
426) 2557105131, 
427) 2566455833, 
428) 2570821612, 
429) 2575259061, 
430) 2589158114, 
431) 2592076033, 
432) 2596714840, 
433) 2599855466, 
434) 2602219348, 
435) 2616096522, 
436) 2626932936, 
437) 2638073237, 
438) 2656092140, 
439) 2657401432, 
440) 2662225600, 
441) 2673507167, 
442) 2682253012, 
443) 2683281136, 
444) 2683903814, 
445) 2690884000, 
446) 2699555967, 
447) 2728760203, 
448) 2728842488, 
449) 2732838360, 
450) 2736628984, 
451) 2741723792, 
452) 2749996122, 
453) 2752196042, 
454) 2754054154, 
455) 2754248218, 
456) 2764011390, 
457) 2765820249, 
458) 2768786523, 
459) 2769188378, 
460) 2770029189, 
461) 2770398877, 
462) 2771588189, 
463) 2774634157, 
464) 2778051939, 
465) 2789794914, 
466) 2804487878, 
467) 2805869858, 
468) 2809726718, 
469) 2810208717, 
470) 2810961342, 
471) 2829476894, 
472) 2836257041, 
473) 2844458381, 
474) 2845937820, 
475) 2846512453, 
476) 2861394269, 
477) 2867129273, 
478) 2876690006, 
479) 2881849586, 
480) 2886194269, 
481) 2895829524, 
482) 2902267244, 
483) 2908543641, 
484) 2909464037, 
485) 2915011490, 
486) 2931874390, 
487) 2945057615, 
488) 2956539369, 
489) 2962693952, 
490) 2969690728, 
491) 2976567693, 
492) 2976667583, 
493) 2979187231, 
494) 2982369034, 
495) 2985855932, 
496) 2989132930, 
497) 2989719228, 
498) 2998035247, 
499) 2999048155, 
