Number of elements is 100
Type of array is sorted
Sorting algorithm - select
Running time of sorting algorithm is 13ms
0) 87660871, 
1) 107528550, 
2) 127987480, 
3) 245132635, 
4) 254624246, 
5) 258906406, 
6) 338132057, 
7) 378505204, 
8) 420019029, 
9) 423397753, 
10) 433543008, 
11) 470670476, 
12) 481255448, 
13) 544280127, 
14) 546141788, 
15) 552679153, 
16) 561894788, 
17) 588378728, 
18) 590312122, 
19) 595927974, 
20) 598851562, 
21) 601258863, 
22) 607692083, 
23) 704977616, 
24) 762864597, 
25) 820107218, 
26) 837123112, 
27) 847496845, 
28) 986969430, 
29) 1044326390, 
30) 1056101902, 
31) 1091255529, 
32) 1124089241, 
33) 1172828497, 
34) 1210836230, 
35) 1259043457, 
36) 1301335315, 
37) 1312336810, 
38) 1336473466, 
39) 1404728017, 
40) 1405317197, 
41) 1426149112, 
42) 1454043587, 
43) 1461998657, 
44) 1513265320, 
45) 1579576950, 
46) 1579919956, 
47) 1608623361, 
48) 1617822727, 
49) 1618315604, 
50) 1621555181, 
51) 1634040252, 
52) 1676695469, 
53) 1734258807, 
54) 1765458519, 
55) 1797215182, 
56) 1801807371, 
57) 1843614661, 
58) 1847124815, 
59) 1855219725, 
60) 1906395726, 
61) 1935036152, 
62) 1946051579, 
63) 1954298043, 
64) 2014747946, 
65) 2036929093, 
66) 2141582291, 
67) 2256860366, 
68) 2260895455, 
69) 2263653716, 
70) 2293620854, 
71) 2374333294, 
72) 2376390942, 
73) 2452675726, 
74) 2470445991, 
75) 2496133804, 
76) 2600975791, 
77) 2620446658, 
78) 2635353767, 
79) 2681309019, 
80) 2692207309, 
81) 2694989411, 
82) 2705171291, 
83) 2719359443, 
84) 2724015243, 
85) 2734239489, 
86) 2739427811, 
87) 2747565673, 
88) 2750285970, 
89) 2750849374, 
90) 2770366577, 
91) 2781698777, 
92) 2805666315, 
93) 2809797573, 
94) 2842217124, 
95) 2902665147, 
96) 2907290738, 
97) 2958753540, 
98) 2965247211, 
99) 2971526449, 
