Number of elements is 5000
Type of array is sorted
Sorting algorithm - select
Running time of sorting algorithm is 31086ms
0) 272188, 
1) 5504108, 
2) 6984685, 
3) 7006064, 
4) 7605146, 
5) 8273358, 
6) 8581052, 
7) 8765081, 
8) 9049185, 
9) 9414905, 
10) 9662478, 
11) 9849931, 
12) 10081140, 
13) 10466926, 
14) 10862207, 
15) 11640861, 
16) 11823239, 
17) 13385304, 
18) 14376169, 
19) 15873053, 
20) 16697221, 
21) 17673191, 
22) 18005222, 
23) 18496250, 
24) 18783918, 
25) 18915049, 
26) 19237264, 
27) 20472292, 
28) 20543154, 
29) 20810504, 
30) 20905698, 
31) 21702943, 
32) 21788342, 
33) 21853778, 
34) 22274387, 
35) 22671273, 
36) 23062782, 
37) 23594637, 
38) 24571098, 
39) 25280392, 
40) 25284472, 
41) 26110491, 
42) 26329688, 
43) 26357194, 
44) 26590866, 
45) 26724999, 
46) 27224099, 
47) 27843091, 
48) 29012426, 
49) 30944269, 
50) 31467156, 
51) 31703692, 
52) 31727609, 
53) 31867408, 
54) 32006188, 
55) 32095277, 
56) 32163441, 
57) 32352638, 
58) 32634426, 
59) 32975225, 
60) 34022393, 
61) 35057330, 
62) 35152251, 
63) 35720513, 
64) 36188298, 
65) 36974586, 
66) 37044821, 
67) 37485562, 
68) 38644559, 
69) 38796028, 
70) 39158147, 
71) 39256802, 
72) 39550453, 
73) 39612854, 
74) 40266151, 
75) 40344820, 
76) 41106247, 
77) 42393397, 
78) 43475582, 
79) 43676569, 
80) 44633642, 
81) 44793037, 
82) 44815284, 
83) 44958727, 
84) 45003993, 
85) 45343184, 
86) 45911417, 
87) 45921991, 
88) 46235827, 
89) 47145843, 
90) 47894217, 
91) 48120651, 
92) 49895511, 
93) 50097724, 
94) 51385465, 
95) 51670464, 
96) 51892383, 
97) 51903543, 
98) 52051223, 
99) 53882895, 
100) 54189750, 
101) 54395704, 
102) 55410680, 
103) 56380518, 
104) 57205295, 
105) 57961200, 
106) 58552575, 
107) 59137203, 
108) 59650537, 
109) 60055432, 
110) 60711398, 
111) 60840177, 
112) 60965778, 
113) 62179048, 
114) 62205348, 
115) 62602783, 
116) 64632148, 
117) 64911603, 
118) 65586718, 
119) 66577834, 
120) 66605873, 
121) 66942971, 
122) 67156933, 
123) 67988759, 
124) 68105747, 
125) 69148777, 
126) 69388557, 
127) 69929696, 
128) 70977894, 
129) 72219054, 
130) 72702779, 
131) 73364058, 
132) 73757294, 
133) 75126497, 
134) 75385350, 
135) 78014405, 
136) 78292057, 
137) 78478205, 
138) 79435359, 
139) 79461232, 
140) 79600600, 
141) 79659393, 
142) 79768573, 
143) 79933053, 
144) 80879505, 
145) 81989190, 
146) 82782611, 
147) 83378584, 
148) 84086349, 
149) 85850171, 
150) 86274462, 
151) 87121418, 
152) 87149258, 
153) 87893386, 
154) 88127797, 
155) 88903211, 
156) 89156841, 
157) 90229368, 
158) 91114936, 
159) 91418828, 
160) 91850896, 
161) 92474570, 
162) 92959738, 
163) 93199959, 
164) 93290180, 
165) 93772434, 
166) 94320279, 
167) 94923032, 
168) 95533329, 
169) 95840267, 
170) 96109319, 
171) 98744759, 
172) 99068400, 
173) 99105158, 
174) 99524607, 
175) 99554181, 
176) 99817565, 
177) 99860578, 
178) 100549117, 
179) 100680274, 
180) 101247684, 
181) 101592270, 
182) 102615998, 
183) 103717313, 
184) 105144397, 
185) 105288341, 
186) 106236065, 
187) 107023469, 
188) 107047314, 
189) 107650276, 
190) 108064857, 
191) 108943933, 
192) 109744740, 
193) 110113726, 
194) 110619852, 
195) 110781429, 
196) 111001908, 
197) 111086991, 
198) 111100089, 
199) 112064657, 
200) 115965604, 
201) 116051422, 
202) 117271584, 
203) 118365983, 
204) 118546359, 
205) 118949961, 
206) 119445054, 
207) 120289825, 
208) 122016430, 
209) 123187052, 
210) 123858977, 
211) 124056334, 
212) 124522490, 
213) 125366280, 
214) 125461031, 
215) 125614698, 
216) 125773588, 
217) 126403353, 
218) 126593836, 
219) 126875777, 
220) 126960058, 
221) 128129916, 
222) 128198323, 
223) 129466767, 
224) 130166514, 
225) 131133485, 
226) 131491993, 
227) 131979317, 
228) 132156193, 
229) 132688009, 
230) 133460617, 
231) 133746900, 
232) 135174787, 
233) 135281472, 
234) 135843822, 
235) 136589459, 
236) 136686532, 
237) 137919132, 
238) 138741497, 
239) 139443466, 
240) 141326003, 
241) 141439048, 
242) 141563924, 
243) 141939182, 
244) 143115027, 
245) 143383076, 
246) 143658338, 
247) 143704403, 
248) 143868161, 
249) 143876649, 
250) 145222002, 
251) 145507502, 
252) 145541228, 
253) 145895803, 
254) 145981237, 
255) 146245644, 
256) 147781354, 
257) 148063386, 
258) 149310745, 
259) 150140218, 
260) 150381321, 
261) 150579757, 
262) 150643827, 
263) 150713062, 
264) 151184011, 
265) 151551409, 
266) 152536245, 
267) 152961949, 
268) 152964275, 
269) 153490736, 
270) 153733814, 
271) 153749128, 
272) 154705391, 
273) 155023069, 
274) 155767618, 
275) 157107842, 
276) 158075241, 
277) 158600127, 
278) 158749617, 
279) 158810810, 
280) 158838655, 
281) 159291449, 
282) 159775412, 
283) 160499189, 
284) 161121808, 
285) 161358939, 
286) 161877096, 
287) 162091181, 
288) 162109284, 
289) 163943781, 
290) 164031697, 
291) 164959073, 
292) 165791117, 
293) 166042036, 
294) 166671755, 
295) 166800172, 
296) 168421757, 
297) 168537153, 
298) 168827593, 
299) 169246132, 
300) 169713429, 
301) 170927025, 
302) 171530774, 
303) 171612408, 
304) 172035950, 
305) 172058861, 
306) 172581325, 
307) 172784563, 
308) 173218775, 
309) 173937610, 
310) 174102582, 
311) 174485969, 
312) 174751774, 
313) 174839647, 
314) 175523305, 
315) 175837771, 
316) 178176743, 
317) 178328585, 
318) 178661554, 
319) 178712647, 
320) 178876343, 
321) 179974972, 
322) 180235469, 
323) 180673682, 
324) 180878042, 
325) 181145229, 
326) 181646145, 
327) 182693337, 
328) 183083476, 
329) 183716174, 
330) 185453777, 
331) 185543832, 
332) 185761947, 
333) 186069035, 
334) 186578246, 
335) 186753133, 
336) 187640095, 
337) 187647706, 
338) 187700724, 
339) 187989252, 
340) 188031022, 
341) 189518554, 
342) 191682581, 
343) 192346712, 
344) 192356608, 
345) 192657330, 
346) 195067204, 
347) 195385470, 
348) 195851454, 
349) 195964817, 
350) 196228404, 
351) 197035927, 
352) 197319420, 
353) 198692300, 
354) 199314058, 
355) 199407348, 
356) 199646498, 
357) 200211418, 
358) 200699507, 
359) 200974341, 
360) 201984141, 
361) 202032596, 
362) 202171441, 
363) 202304703, 
364) 202874070, 
365) 202899618, 
366) 202968952, 
367) 203863631, 
368) 203868046, 
369) 204194256, 
370) 204581879, 
371) 204590389, 
372) 205109092, 
373) 206276628, 
374) 207910326, 
375) 208377380, 
376) 208746381, 
377) 208789618, 
378) 208874627, 
379) 209052845, 
380) 209394644, 
381) 209695453, 
382) 209873797, 
383) 210077416, 
384) 210202503, 
385) 210524535, 
386) 212432367, 
387) 212587618, 
388) 212604560, 
389) 212654926, 
390) 213542186, 
391) 213709453, 
392) 214907153, 
393) 214943852, 
394) 215296515, 
395) 215350968, 
396) 215392480, 
397) 215821173, 
398) 216226841, 
399) 216892733, 
400) 217896543, 
401) 218223249, 
402) 219717839, 
403) 219861765, 
404) 220350229, 
405) 220753598, 
406) 220911926, 
407) 221519568, 
408) 221961828, 
409) 222047188, 
410) 222172456, 
411) 222605972, 
412) 222812275, 
413) 225171888, 
414) 225649444, 
415) 226355251, 
416) 226529856, 
417) 228070125, 
418) 228560104, 
419) 229227971, 
420) 229245687, 
421) 229347897, 
422) 229409469, 
423) 229980256, 
424) 230120281, 
425) 231914893, 
426) 232462182, 
427) 232893418, 
428) 233411331, 
429) 234068038, 
430) 234244125, 
431) 234494520, 
432) 234546928, 
433) 234902175, 
434) 235325274, 
435) 235779084, 
436) 236202908, 
437) 237703151, 
438) 238122508, 
439) 239615051, 
440) 240048521, 
441) 240446518, 
442) 240630223, 
443) 240801081, 
444) 241091748, 
445) 241553828, 
446) 241654375, 
447) 241913488, 
448) 242075522, 
449) 242220220, 
450) 242378662, 
451) 242629260, 
452) 242733120, 
453) 243804794, 
454) 244662240, 
455) 245360341, 
456) 245935563, 
457) 246215016, 
458) 246771963, 
459) 246808538, 
460) 246995214, 
461) 247852821, 
462) 248287508, 
463) 250379734, 
464) 250562737, 
465) 251162328, 
466) 251268955, 
467) 251302571, 
468) 251768428, 
469) 252535578, 
470) 252800302, 
471) 253117057, 
472) 253208062, 
473) 254445655, 
474) 254488414, 
475) 254883005, 
476) 254888984, 
477) 254907332, 
478) 256482392, 
479) 257692551, 
480) 257871000, 
481) 258879380, 
482) 258904852, 
483) 259040993, 
484) 259822953, 
485) 259884529, 
486) 259995910, 
487) 260652059, 
488) 260950426, 
489) 261109080, 
490) 262697021, 
491) 262940075, 
492) 263072631, 
493) 263089287, 
494) 264547226, 
495) 265948052, 
496) 266125969, 
497) 266566115, 
498) 266874399, 
499) 266987542, 
500) 267590158, 
501) 268832654, 
502) 268922527, 
503) 269112399, 
504) 269287825, 
505) 270405411, 
506) 270707875, 
507) 270817563, 
508) 273437246, 
509) 273724793, 
510) 275676625, 
511) 276721271, 
512) 277186573, 
513) 278480190, 
514) 279401612, 
515) 279827967, 
516) 280614120, 
517) 282047603, 
518) 283127163, 
519) 283874191, 
520) 283968793, 
521) 284015233, 
522) 285054834, 
523) 285385567, 
524) 285664722, 
525) 285785518, 
526) 285905026, 
527) 286121278, 
528) 286276663, 
529) 288150246, 
530) 292252455, 
531) 292296824, 
532) 292768861, 
533) 293184928, 
534) 293804860, 
535) 294942752, 
536) 295589111, 
537) 295665485, 
538) 296383754, 
539) 296756765, 
540) 298444159, 
541) 298612710, 
542) 298843835, 
543) 299102538, 
544) 299413188, 
545) 300157897, 
546) 301179331, 
547) 301713370, 
548) 302650323, 
549) 302718326, 
550) 303513595, 
551) 303879029, 
552) 303938322, 
553) 304284017, 
554) 305198096, 
555) 305624453, 
556) 306169400, 
557) 306343062, 
558) 306565752, 
559) 306788975, 
560) 307332338, 
561) 307572911, 
562) 307906749, 
563) 308087546, 
564) 309026333, 
565) 310284135, 
566) 310300714, 
567) 311520949, 
568) 312043432, 
569) 312843702, 
570) 314271070, 
571) 315396456, 
572) 316303092, 
573) 316466184, 
574) 318156508, 
575) 319518733, 
576) 320866580, 
577) 321504380, 
578) 321650676, 
579) 322910559, 
580) 323171183, 
581) 323347880, 
582) 323507832, 
583) 323814327, 
584) 325329439, 
585) 325650539, 
586) 326058140, 
587) 326536557, 
588) 327999467, 
589) 328478957, 
590) 328701053, 
591) 328741062, 
592) 329090136, 
593) 329542852, 
594) 329583955, 
595) 329732575, 
596) 330405145, 
597) 330410477, 
598) 330837437, 
599) 331618637, 
600) 332748060, 
601) 333185097, 
602) 333890411, 
603) 334061185, 
604) 334583223, 
605) 335242563, 
606) 335684848, 
607) 335923840, 
608) 336195585, 
609) 336280707, 
610) 337243142, 
611) 337470164, 
612) 338366557, 
613) 339355868, 
614) 339513054, 
615) 340063527, 
616) 340874377, 
617) 340993682, 
618) 341062364, 
619) 341370565, 
620) 342552031, 
621) 342817118, 
622) 343206925, 
623) 347990607, 
624) 348171130, 
625) 349187952, 
626) 349458304, 
627) 349529253, 
628) 350812393, 
629) 351743550, 
630) 353996437, 
631) 354977334, 
632) 356903013, 
633) 358290843, 
634) 358569910, 
635) 359386186, 
636) 359755476, 
637) 360017216, 
638) 360058681, 
639) 360976408, 
640) 361280854, 
641) 361751198, 
642) 361899585, 
643) 362280824, 
644) 362855678, 
645) 363120983, 
646) 364480041, 
647) 365580309, 
648) 367661999, 
649) 368183271, 
650) 368341381, 
651) 369117607, 
652) 371853063, 
653) 372184808, 
654) 372903822, 
655) 373897994, 
656) 373963382, 
657) 374978399, 
658) 375446654, 
659) 375486894, 
660) 375806279, 
661) 377143194, 
662) 377966776, 
663) 378467128, 
664) 380325797, 
665) 381700469, 
666) 381773947, 
667) 382952396, 
668) 383197928, 
669) 383202428, 
670) 384170138, 
671) 384412639, 
672) 385087997, 
673) 386688137, 
674) 387232472, 
675) 387979029, 
676) 388115788, 
677) 389360309, 
678) 390146449, 
679) 390289755, 
680) 391768274, 
681) 391863185, 
682) 393195690, 
683) 393464499, 
684) 393598671, 
685) 393959127, 
686) 395210580, 
687) 396081030, 
688) 398284817, 
689) 399795862, 
690) 400036916, 
691) 401526917, 
692) 401582345, 
693) 401584654, 
694) 401988719, 
695) 402519097, 
696) 402521359, 
697) 402626733, 
698) 402697549, 
699) 402948188, 
700) 403140289, 
701) 403268623, 
702) 403321882, 
703) 404268602, 
704) 405726962, 
705) 406739067, 
706) 407166950, 
707) 407665560, 
708) 407909374, 
709) 410349522, 
710) 410419125, 
711) 411610827, 
712) 411763875, 
713) 411784759, 
714) 412283933, 
715) 412661771, 
716) 413241948, 
717) 413299909, 
718) 414697393, 
719) 414712285, 
720) 415029474, 
721) 416019834, 
722) 416387717, 
723) 417095361, 
724) 417154207, 
725) 417686612, 
726) 417783491, 
727) 417895335, 
728) 419203450, 
729) 419716971, 
730) 420474317, 
731) 420545791, 
732) 420622360, 
733) 423174889, 
734) 423452010, 
735) 424121909, 
736) 425070828, 
737) 425932511, 
738) 425938933, 
739) 426043986, 
740) 426189178, 
741) 426215417, 
742) 427346882, 
743) 428183475, 
744) 428668996, 
745) 429097479, 
746) 429353485, 
747) 429379845, 
748) 431471446, 
749) 431676790, 
750) 432800533, 
751) 433958457, 
752) 434577073, 
753) 434953308, 
754) 435890139, 
755) 436277032, 
756) 436658192, 
757) 438352829, 
758) 439475374, 
759) 440403910, 
760) 440764014, 
761) 441902171, 
762) 442489386, 
763) 442912779, 
764) 442973372, 
765) 443453354, 
766) 444265817, 
767) 444893413, 
768) 445195930, 
769) 445646278, 
770) 445976529, 
771) 446004068, 
772) 446051817, 
773) 446452098, 
774) 447350649, 
775) 447751251, 
776) 448701233, 
777) 448756521, 
778) 450755763, 
779) 450832761, 
780) 450980621, 
781) 451059902, 
782) 451480167, 
783) 452130831, 
784) 452422647, 
785) 452884388, 
786) 453025373, 
787) 453498555, 
788) 454203610, 
789) 454469798, 
790) 455606150, 
791) 455728432, 
792) 456607672, 
793) 457396157, 
794) 457520068, 
795) 457902942, 
796) 458695152, 
797) 458911369, 
798) 459153035, 
799) 459484452, 
800) 459927782, 
801) 460529969, 
802) 460653293, 
803) 460658615, 
804) 460925568, 
805) 461275546, 
806) 461406156, 
807) 461716686, 
808) 462260107, 
809) 464171636, 
810) 464387748, 
811) 464635359, 
812) 465133302, 
813) 465478399, 
814) 465915896, 
815) 466951440, 
816) 467921397, 
817) 468083486, 
818) 468198917, 
819) 468701690, 
820) 469491329, 
821) 469733124, 
822) 470260787, 
823) 470705874, 
824) 470767615, 
825) 470942958, 
826) 471548687, 
827) 474133185, 
828) 474252011, 
829) 474295861, 
830) 476577268, 
831) 476829701, 
832) 477580232, 
833) 477844252, 
834) 478570139, 
835) 478904613, 
836) 479305094, 
837) 479854933, 
838) 480185249, 
839) 480259718, 
840) 480966491, 
841) 481341275, 
842) 481519219, 
843) 481665968, 
844) 481872589, 
845) 482280022, 
846) 482563143, 
847) 483016599, 
848) 484307622, 
849) 485221234, 
850) 485714068, 
851) 486253136, 
852) 489030979, 
853) 490638408, 
854) 491601791, 
855) 492726587, 
856) 494263268, 
857) 495290140, 
858) 495904353, 
859) 496086709, 
860) 497397490, 
861) 497566809, 
862) 498068657, 
863) 499234014, 
864) 499671707, 
865) 501198540, 
866) 502174496, 
867) 502546156, 
868) 502953554, 
869) 503097737, 
870) 503209840, 
871) 503697928, 
872) 504298831, 
873) 505582802, 
874) 505871883, 
875) 506808450, 
876) 507140113, 
877) 507984317, 
878) 508415958, 
879) 508550685, 
880) 509031427, 
881) 509215760, 
882) 509832481, 
883) 510032091, 
884) 510553998, 
885) 510638216, 
886) 512257688, 
887) 513856357, 
888) 514942039, 
889) 515076232, 
890) 515215337, 
891) 515350290, 
892) 516330888, 
893) 516735965, 
894) 516839790, 
895) 517283565, 
896) 517872454, 
897) 518172734, 
898) 518595838, 
899) 518630476, 
900) 520301281, 
901) 521349248, 
902) 523023769, 
903) 523343147, 
904) 524549500, 
905) 525281783, 
906) 525946504, 
907) 528365593, 
908) 528508179, 
909) 528623952, 
910) 528742188, 
911) 528752536, 
912) 529330156, 
913) 529670024, 
914) 530198576, 
915) 530452755, 
916) 530818459, 
917) 531179165, 
918) 532289382, 
919) 533285803, 
920) 533803746, 
921) 534037137, 
922) 534223401, 
923) 534666208, 
924) 535676149, 
925) 536251159, 
926) 536630299, 
927) 538227237, 
928) 538405185, 
929) 538795689, 
930) 538935524, 
931) 539208119, 
932) 539308982, 
933) 539525899, 
934) 539821316, 
935) 541529640, 
936) 541764532, 
937) 542876835, 
938) 543280749, 
939) 544103038, 
940) 544134994, 
941) 545241547, 
942) 545746734, 
943) 546142385, 
944) 546176828, 
945) 546314459, 
946) 546377419, 
947) 546583994, 
948) 547241851, 
949) 547655475, 
950) 548181479, 
951) 549040731, 
952) 549724197, 
953) 549986903, 
954) 550218554, 
955) 550557519, 
956) 551531428, 
957) 551546685, 
958) 552130273, 
959) 553936937, 
960) 555095774, 
961) 555381028, 
962) 555654834, 
963) 556434251, 
964) 556812489, 
965) 557403075, 
966) 557826957, 
967) 558075891, 
968) 559964150, 
969) 560850341, 
970) 561228081, 
971) 562097184, 
972) 562313297, 
973) 563127928, 
974) 565197167, 
975) 566278112, 
976) 567177574, 
977) 567456864, 
978) 567458880, 
979) 568063112, 
980) 568487454, 
981) 568663380, 
982) 569076981, 
983) 569600049, 
984) 569838385, 
985) 570786106, 
986) 570979531, 
987) 571645739, 
988) 571880336, 
989) 572411264, 
990) 573786448, 
991) 574414830, 
992) 577125896, 
993) 577622701, 
994) 578129394, 
995) 578651832, 
996) 579297284, 
997) 579465178, 
998) 579968039, 
999) 581654614, 
1000) 583589856, 
1001) 584029843, 
1002) 584075064, 
1003) 584265792, 
1004) 585082978, 
1005) 585112318, 
1006) 585859199, 
1007) 586433253, 
1008) 586477942, 
1009) 586662731, 
1010) 587462971, 
1011) 587740392, 
1012) 587750176, 
1013) 587755799, 
1014) 587759732, 
1015) 588952388, 
1016) 589747402, 
1017) 590183557, 
1018) 591170674, 
1019) 591942504, 
1020) 592218059, 
1021) 593084786, 
1022) 593205539, 
1023) 593426691, 
1024) 593778964, 
1025) 594386256, 
1026) 595498072, 
1027) 596440014, 
1028) 597446317, 
1029) 597653518, 
1030) 597662292, 
1031) 597822356, 
1032) 598215014, 
1033) 599506456, 
1034) 600386270, 
1035) 601419386, 
1036) 601441720, 
1037) 601626358, 
1038) 601886093, 
1039) 601973191, 
1040) 602065824, 
1041) 602132911, 
1042) 603102065, 
1043) 604367901, 
1044) 605573598, 
1045) 606142831, 
1046) 606688824, 
1047) 607449991, 
1048) 607784995, 
1049) 607967731, 
1050) 607992006, 
1051) 608299274, 
1052) 608307110, 
1053) 608628679, 
1054) 608871296, 
1055) 609513858, 
1056) 609682724, 
1057) 611581320, 
1058) 612633678, 
1059) 612802178, 
1060) 613163567, 
1061) 613646376, 
1062) 613950841, 
1063) 614001961, 
1064) 614480279, 
1065) 614621612, 
1066) 615003595, 
1067) 615062729, 
1068) 615736392, 
1069) 616153253, 
1070) 619751562, 
1071) 619927484, 
1072) 620980160, 
1073) 622019419, 
1074) 622693645, 
1075) 622703705, 
1076) 623810810, 
1077) 624477578, 
1078) 624597295, 
1079) 624674292, 
1080) 624867000, 
1081) 625387913, 
1082) 626597876, 
1083) 626731344, 
1084) 626784849, 
1085) 627236481, 
1086) 627504385, 
1087) 627752696, 
1088) 627791404, 
1089) 629031239, 
1090) 629145303, 
1091) 630255683, 
1092) 630910599, 
1093) 631052136, 
1094) 631369490, 
1095) 631683026, 
1096) 633661248, 
1097) 633993163, 
1098) 635374274, 
1099) 635454461, 
1100) 635727076, 
1101) 636919209, 
1102) 637603738, 
1103) 638355282, 
1104) 639222746, 
1105) 639531781, 
1106) 640047350, 
1107) 642851057, 
1108) 644170263, 
1109) 644437035, 
1110) 644802335, 
1111) 645175392, 
1112) 645793973, 
1113) 646703854, 
1114) 648415675, 
1115) 649186566, 
1116) 649212167, 
1117) 649226511, 
1118) 649665483, 
1119) 649775503, 
1120) 649839509, 
1121) 650380759, 
1122) 650383758, 
1123) 650485783, 
1124) 650570451, 
1125) 653062861, 
1126) 654081456, 
1127) 654517423, 
1128) 654703279, 
1129) 655225904, 
1130) 655741020, 
1131) 655832263, 
1132) 657775713, 
1133) 658077824, 
1134) 659643840, 
1135) 659698142, 
1136) 661318201, 
1137) 663929423, 
1138) 664127789, 
1139) 666979541, 
1140) 668861654, 
1141) 669101776, 
1142) 669212582, 
1143) 670568753, 
1144) 672228315, 
1145) 672792447, 
1146) 673078163, 
1147) 673822707, 
1148) 674385721, 
1149) 676084952, 
1150) 676115705, 
1151) 676441320, 
1152) 676467953, 
1153) 676767067, 
1154) 677250351, 
1155) 677258663, 
1156) 677332182, 
1157) 677437435, 
1158) 677482673, 
1159) 678057345, 
1160) 678981092, 
1161) 679386532, 
1162) 679397590, 
1163) 680356921, 
1164) 682965861, 
1165) 683579300, 
1166) 683757526, 
1167) 684361043, 
1168) 684440020, 
1169) 684613646, 
1170) 686325914, 
1171) 686687215, 
1172) 687508140, 
1173) 687837503, 
1174) 689095056, 
1175) 689141364, 
1176) 690859703, 
1177) 690942787, 
1178) 691862937, 
1179) 692818044, 
1180) 694187825, 
1181) 694254870, 
1182) 694264853, 
1183) 695112968, 
1184) 699170131, 
1185) 701699271, 
1186) 702933422, 
1187) 703003873, 
1188) 703294827, 
1189) 703733471, 
1190) 703792971, 
1191) 703800007, 
1192) 706002437, 
1193) 707447598, 
1194) 707725126, 
1195) 708821514, 
1196) 710655340, 
1197) 711885371, 
1198) 714046109, 
1199) 714420105, 
1200) 717041735, 
1201) 717466875, 
1202) 717933028, 
1203) 718386145, 
1204) 718668352, 
1205) 718941364, 
1206) 719242945, 
1207) 719526241, 
1208) 720703825, 
1209) 722023086, 
1210) 723983472, 
1211) 724452064, 
1212) 725336003, 
1213) 725433537, 
1214) 726023158, 
1215) 726728193, 
1216) 727402910, 
1217) 728161502, 
1218) 728707438, 
1219) 729381650, 
1220) 730264086, 
1221) 732230307, 
1222) 732310074, 
1223) 734533831, 
1224) 735105644, 
1225) 735313952, 
1226) 735839683, 
1227) 735841715, 
1228) 736045048, 
1229) 737326088, 
1230) 737608876, 
1231) 738080795, 
1232) 740156652, 
1233) 741551486, 
1234) 744336043, 
1235) 744385102, 
1236) 744475896, 
1237) 744621304, 
1238) 744825288, 
1239) 745126895, 
1240) 745261804, 
1241) 746089287, 
1242) 746899131, 
1243) 746953469, 
1244) 747286245, 
1245) 747443723, 
1246) 747700798, 
1247) 747732075, 
1248) 748232830, 
1249) 748848146, 
1250) 749404627, 
1251) 749590674, 
1252) 749730707, 
1253) 749926174, 
1254) 752824579, 
1255) 753387873, 
1256) 754103419, 
1257) 755288008, 
1258) 755491589, 
1259) 756052295, 
1260) 756142311, 
1261) 756388036, 
1262) 756624632, 
1263) 756805104, 
1264) 757006389, 
1265) 758030567, 
1266) 758107579, 
1267) 758184305, 
1268) 758408871, 
1269) 758703291, 
1270) 759447143, 
1271) 759496902, 
1272) 760282038, 
1273) 760530777, 
1274) 761401522, 
1275) 761848767, 
1276) 762564200, 
1277) 762907255, 
1278) 763122501, 
1279) 763175025, 
1280) 763621750, 
1281) 764091128, 
1282) 764598737, 
1283) 764673321, 
1284) 764907744, 
1285) 767777503, 
1286) 767951398, 
1287) 768032899, 
1288) 768696690, 
1289) 768778131, 
1290) 768851272, 
1291) 770440028, 
1292) 770938257, 
1293) 771433651, 
1294) 772679249, 
1295) 772697021, 
1296) 773470307, 
1297) 774961342, 
1298) 775490266, 
1299) 775761415, 
1300) 776947254, 
1301) 777268825, 
1302) 777660314, 
1303) 778094335, 
1304) 779293844, 
1305) 779298672, 
1306) 779693111, 
1307) 779937327, 
1308) 780401427, 
1309) 780824261, 
1310) 781537216, 
1311) 781824227, 
1312) 782501928, 
1313) 782717233, 
1314) 782967077, 
1315) 786147985, 
1316) 786660345, 
1317) 786745977, 
1318) 787635935, 
1319) 790629770, 
1320) 790793143, 
1321) 791341146, 
1322) 791657980, 
1323) 792269478, 
1324) 792677890, 
1325) 792804709, 
1326) 793043077, 
1327) 794950633, 
1328) 795634166, 
1329) 795692694, 
1330) 795802327, 
1331) 795937511, 
1332) 796275301, 
1333) 796427784, 
1334) 798288282, 
1335) 798604620, 
1336) 798955957, 
1337) 799172441, 
1338) 799713755, 
1339) 800641027, 
1340) 801162961, 
1341) 801483308, 
1342) 804380306, 
1343) 804576716, 
1344) 804671353, 
1345) 804841451, 
1346) 804882155, 
1347) 805414746, 
1348) 805684961, 
1349) 805961387, 
1350) 807633125, 
1351) 809045537, 
1352) 809076168, 
1353) 809134353, 
1354) 809273731, 
1355) 809519877, 
1356) 809744575, 
1357) 809862616, 
1358) 809934570, 
1359) 809980710, 
1360) 810432535, 
1361) 813869535, 
1362) 813980784, 
1363) 814333197, 
1364) 814549511, 
1365) 814818640, 
1366) 814849148, 
1367) 816371349, 
1368) 816565858, 
1369) 817242371, 
1370) 819284675, 
1371) 819855025, 
1372) 820085768, 
1373) 820311639, 
1374) 820337157, 
1375) 820941143, 
1376) 821457479, 
1377) 822581351, 
1378) 822839018, 
1379) 822915071, 
1380) 825691932, 
1381) 825792523, 
1382) 825928719, 
1383) 826352407, 
1384) 826774179, 
1385) 827080668, 
1386) 827475917, 
1387) 827907348, 
1388) 828258156, 
1389) 828321856, 
1390) 829137453, 
1391) 829694329, 
1392) 829917321, 
1393) 830094899, 
1394) 832007204, 
1395) 832285406, 
1396) 832634388, 
1397) 832685954, 
1398) 832783861, 
1399) 833312841, 
1400) 834939418, 
1401) 835053720, 
1402) 835134887, 
1403) 835421273, 
1404) 835954902, 
1405) 836174097, 
1406) 836368349, 
1407) 839152959, 
1408) 840489004, 
1409) 840540339, 
1410) 840822710, 
1411) 840839906, 
1412) 840929874, 
1413) 841820697, 
1414) 842146153, 
1415) 842574256, 
1416) 843208402, 
1417) 844288175, 
1418) 844396079, 
1419) 844433748, 
1420) 844557385, 
1421) 845395205, 
1422) 845640849, 
1423) 846066560, 
1424) 846541408, 
1425) 846698151, 
1426) 847178003, 
1427) 847315732, 
1428) 847338191, 
1429) 848151898, 
1430) 848386238, 
1431) 848771542, 
1432) 849754376, 
1433) 852034969, 
1434) 852301505, 
1435) 852748995, 
1436) 853012028, 
1437) 854049572, 
1438) 854956953, 
1439) 856076552, 
1440) 858068328, 
1441) 859495566, 
1442) 859605495, 
1443) 862347275, 
1444) 862851896, 
1445) 863187455, 
1446) 863810515, 
1447) 864720033, 
1448) 864756661, 
1449) 865206830, 
1450) 865594682, 
1451) 866315701, 
1452) 866613845, 
1453) 867289032, 
1454) 867666263, 
1455) 867806413, 
1456) 868034001, 
1457) 869540888, 
1458) 869666951, 
1459) 869671510, 
1460) 869679467, 
1461) 870273631, 
1462) 870406716, 
1463) 870964255, 
1464) 872156460, 
1465) 873765357, 
1466) 875571681, 
1467) 876262211, 
1468) 876927271, 
1469) 877167791, 
1470) 877214290, 
1471) 877256465, 
1472) 877672839, 
1473) 877922261, 
1474) 878702406, 
1475) 879096889, 
1476) 879149811, 
1477) 881440836, 
1478) 881486585, 
1479) 882635799, 
1480) 882897285, 
1481) 884109321, 
1482) 884996430, 
1483) 886021345, 
1484) 887833436, 
1485) 888072931, 
1486) 888242473, 
1487) 889055377, 
1488) 890694487, 
1489) 890755421, 
1490) 891382362, 
1491) 892693369, 
1492) 893190031, 
1493) 894881487, 
1494) 894920592, 
1495) 895005866, 
1496) 895482654, 
1497) 896244135, 
1498) 896691886, 
1499) 896801517, 
1500) 897407615, 
1501) 898535308, 
1502) 898827686, 
1503) 899575704, 
1504) 899669268, 
1505) 900239520, 
1506) 900378874, 
1507) 902066411, 
1508) 902286443, 
1509) 903980537, 
1510) 904829815, 
1511) 905073175, 
1512) 905132485, 
1513) 906246954, 
1514) 906414361, 
1515) 906489005, 
1516) 906676211, 
1517) 907200855, 
1518) 907221671, 
1519) 907414481, 
1520) 907482735, 
1521) 908170169, 
1522) 908799016, 
1523) 909287966, 
1524) 909369163, 
1525) 910437474, 
1526) 911450653, 
1527) 913012703, 
1528) 915493024, 
1529) 916107986, 
1530) 916978252, 
1531) 917538336, 
1532) 917650258, 
1533) 917723923, 
1534) 917779081, 
1535) 918410238, 
1536) 920135989, 
1537) 920646080, 
1538) 920723209, 
1539) 920767578, 
1540) 921348663, 
1541) 921640299, 
1542) 923960966, 
1543) 924132363, 
1544) 924595733, 
1545) 925339919, 
1546) 925481767, 
1547) 925680452, 
1548) 926173398, 
1549) 926576643, 
1550) 927140001, 
1551) 927591310, 
1552) 930089531, 
1553) 931895042, 
1554) 932466813, 
1555) 934030454, 
1556) 934083835, 
1557) 934128545, 
1558) 934370074, 
1559) 934370561, 
1560) 934772287, 
1561) 935416879, 
1562) 937114661, 
1563) 937141769, 
1564) 937897064, 
1565) 937897804, 
1566) 939942662, 
1567) 941214886, 
1568) 941421613, 
1569) 941482849, 
1570) 943106148, 
1571) 944045120, 
1572) 944282973, 
1573) 947248595, 
1574) 948065816, 
1575) 948872374, 
1576) 949996660, 
1577) 950367176, 
1578) 950962370, 
1579) 952608142, 
1580) 952788045, 
1581) 953389941, 
1582) 953874357, 
1583) 954843060, 
1584) 955381392, 
1585) 955617946, 
1586) 956927785, 
1587) 957164247, 
1588) 959000261, 
1589) 959221060, 
1590) 959394472, 
1591) 959437127, 
1592) 959529928, 
1593) 961108312, 
1594) 961338945, 
1595) 961839787, 
1596) 961875869, 
1597) 961975297, 
1598) 963264663, 
1599) 964335172, 
1600) 964508741, 
1601) 965100578, 
1602) 965435029, 
1603) 965465308, 
1604) 966999946, 
1605) 967748396, 
1606) 968145042, 
1607) 968562010, 
1608) 970347818, 
1609) 970890174, 
1610) 970955158, 
1611) 971059499, 
1612) 972313167, 
1613) 972586768, 
1614) 972649616, 
1615) 972685285, 
1616) 975676467, 
1617) 975943433, 
1618) 976550787, 
1619) 977977919, 
1620) 979422542, 
1621) 979520534, 
1622) 980444419, 
1623) 980534492, 
1624) 980633015, 
1625) 982144204, 
1626) 983810303, 
1627) 985618744, 
1628) 986837141, 
1629) 987078334, 
1630) 987096869, 
1631) 987289431, 
1632) 987733087, 
1633) 987782595, 
1634) 987885195, 
1635) 988003953, 
1636) 988745391, 
1637) 988899093, 
1638) 989673811, 
1639) 990240730, 
1640) 991122704, 
1641) 991179447, 
1642) 991269449, 
1643) 991451517, 
1644) 991528718, 
1645) 991573335, 
1646) 991952983, 
1647) 992923067, 
1648) 993307830, 
1649) 995754755, 
1650) 995812554, 
1651) 996618086, 
1652) 997241438, 
1653) 997255827, 
1654) 997298840, 
1655) 998111561, 
1656) 999053442, 
1657) 999163815, 
1658) 999856522, 
1659) 1001050563, 
1660) 1001432393, 
1661) 1002750974, 
1662) 1003614594, 
1663) 1004405751, 
1664) 1005999112, 
1665) 1006430851, 
1666) 1006587408, 
1667) 1006892046, 
1668) 1007290457, 
1669) 1007888627, 
1670) 1008041595, 
1671) 1008239034, 
1672) 1008814685, 
1673) 1008848087, 
1674) 1010132793, 
1675) 1010326479, 
1676) 1010989851, 
1677) 1011600108, 
1678) 1014350173, 
1679) 1014776706, 
1680) 1014952231, 
1681) 1015701805, 
1682) 1016609547, 
1683) 1016737726, 
1684) 1017450178, 
1685) 1017463515, 
1686) 1019044024, 
1687) 1020065402, 
1688) 1020218343, 
1689) 1021153885, 
1690) 1022157149, 
1691) 1022291599, 
1692) 1022397254, 
1693) 1023271317, 
1694) 1023693290, 
1695) 1024612129, 
1696) 1024746237, 
1697) 1025377087, 
1698) 1025415536, 
1699) 1027451706, 
1700) 1027778563, 
1701) 1027886136, 
1702) 1028419265, 
1703) 1028729085, 
1704) 1029295523, 
1705) 1029434477, 
1706) 1029528118, 
1707) 1029591439, 
1708) 1030377431, 
1709) 1030809843, 
1710) 1031608238, 
1711) 1033303423, 
1712) 1034747928, 
1713) 1037615339, 
1714) 1039439589, 
1715) 1039471564, 
1716) 1040358200, 
1717) 1040737588, 
1718) 1041197652, 
1719) 1041794552, 
1720) 1042006476, 
1721) 1042073605, 
1722) 1043029289, 
1723) 1043935964, 
1724) 1046164593, 
1725) 1046881294, 
1726) 1047447737, 
1727) 1049755479, 
1728) 1049990865, 
1729) 1051357061, 
1730) 1051771894, 
1731) 1051879635, 
1732) 1052062796, 
1733) 1052178616, 
1734) 1054110977, 
1735) 1054553886, 
1736) 1054989056, 
1737) 1056641640, 
1738) 1056881094, 
1739) 1059794931, 
1740) 1060130842, 
1741) 1061422605, 
1742) 1061500314, 
1743) 1061850105, 
1744) 1062781810, 
1745) 1062946605, 
1746) 1063069032, 
1747) 1064660635, 
1748) 1066094925, 
1749) 1068724622, 
1750) 1071234159, 
1751) 1071268083, 
1752) 1071282678, 
1753) 1071532033, 
1754) 1072360120, 
1755) 1072769237, 
1756) 1072880059, 
1757) 1073483584, 
1758) 1073676459, 
1759) 1074493473, 
1760) 1074832392, 
1761) 1075340288, 
1762) 1076101074, 
1763) 1076665351, 
1764) 1077672761, 
1765) 1078227350, 
1766) 1078412832, 
1767) 1078666916, 
1768) 1078877480, 
1769) 1079176269, 
1770) 1079912544, 
1771) 1080042475, 
1772) 1080360352, 
1773) 1081441605, 
1774) 1081924280, 
1775) 1081962103, 
1776) 1082334156, 
1777) 1082642704, 
1778) 1082896035, 
1779) 1082988635, 
1780) 1083503015, 
1781) 1083508825, 
1782) 1083720900, 
1783) 1083803436, 
1784) 1084833025, 
1785) 1085816813, 
1786) 1085860412, 
1787) 1086489570, 
1788) 1086843213, 
1789) 1086912855, 
1790) 1087420352, 
1791) 1088190512, 
1792) 1088222730, 
1793) 1088343487, 
1794) 1088420331, 
1795) 1088482842, 
1796) 1088829959, 
1797) 1088932567, 
1798) 1090106072, 
1799) 1090372749, 
1800) 1091454539, 
1801) 1092092720, 
1802) 1092207718, 
1803) 1092220813, 
1804) 1092531241, 
1805) 1092572294, 
1806) 1093742182, 
1807) 1095675352, 
1808) 1096114308, 
1809) 1098678186, 
1810) 1099338814, 
1811) 1099611917, 
1812) 1102253488, 
1813) 1102504392, 
1814) 1102731834, 
1815) 1103036668, 
1816) 1103287317, 
1817) 1106585839, 
1818) 1106989191, 
1819) 1107476867, 
1820) 1108420069, 
1821) 1108814068, 
1822) 1108848192, 
1823) 1110434038, 
1824) 1110710167, 
1825) 1112240267, 
1826) 1113032838, 
1827) 1114423901, 
1828) 1115271416, 
1829) 1116282529, 
1830) 1116803607, 
1831) 1117550716, 
1832) 1119099523, 
1833) 1119477994, 
1834) 1119872702, 
1835) 1120304661, 
1836) 1121838617, 
1837) 1121939012, 
1838) 1122388634, 
1839) 1123276346, 
1840) 1123562809, 
1841) 1123831121, 
1842) 1123859932, 
1843) 1124120036, 
1844) 1125022806, 
1845) 1125081844, 
1846) 1125588703, 
1847) 1126152079, 
1848) 1126560152, 
1849) 1126874824, 
1850) 1127316625, 
1851) 1129256915, 
1852) 1129776837, 
1853) 1129920573, 
1854) 1130376922, 
1855) 1130906461, 
1856) 1130975317, 
1857) 1131278734, 
1858) 1131622781, 
1859) 1131986364, 
1860) 1132262493, 
1861) 1132692951, 
1862) 1132696868, 
1863) 1134036232, 
1864) 1136486022, 
1865) 1137380350, 
1866) 1137998950, 
1867) 1138013873, 
1868) 1138123697, 
1869) 1138312932, 
1870) 1138347786, 
1871) 1138522892, 
1872) 1139639591, 
1873) 1139729616, 
1874) 1139810085, 
1875) 1140246972, 
1876) 1141737167, 
1877) 1141763299, 
1878) 1142219782, 
1879) 1144004903, 
1880) 1144684202, 
1881) 1144858934, 
1882) 1145196192, 
1883) 1145591249, 
1884) 1145869953, 
1885) 1145907645, 
1886) 1145926216, 
1887) 1146480378, 
1888) 1147319505, 
1889) 1148528577, 
1890) 1148912792, 
1891) 1149767187, 
1892) 1149803755, 
1893) 1151939074, 
1894) 1152252829, 
1895) 1152324945, 
1896) 1153608342, 
1897) 1153651453, 
1898) 1155015894, 
1899) 1155257202, 
1900) 1155345711, 
1901) 1155688723, 
1902) 1155964464, 
1903) 1156249713, 
1904) 1156499550, 
1905) 1156607858, 
1906) 1156734849, 
1907) 1157412797, 
1908) 1158351738, 
1909) 1160409566, 
1910) 1160639455, 
1911) 1162536010, 
1912) 1162954803, 
1913) 1163170871, 
1914) 1164010680, 
1915) 1164064615, 
1916) 1164098951, 
1917) 1166268574, 
1918) 1166308601, 
1919) 1166487500, 
1920) 1166699867, 
1921) 1166801605, 
1922) 1166853566, 
1923) 1167438241, 
1924) 1169420558, 
1925) 1170069641, 
1926) 1170817613, 
1927) 1171570951, 
1928) 1174099931, 
1929) 1174101593, 
1930) 1174758270, 
1931) 1176250825, 
1932) 1176467603, 
1933) 1176887946, 
1934) 1178546342, 
1935) 1179545753, 
1936) 1180259937, 
1937) 1180467593, 
1938) 1182379309, 
1939) 1182920311, 
1940) 1184036939, 
1941) 1184175008, 
1942) 1185018801, 
1943) 1185433455, 
1944) 1186078867, 
1945) 1187062865, 
1946) 1187079265, 
1947) 1187203941, 
1948) 1187961617, 
1949) 1188237245, 
1950) 1188943113, 
1951) 1190361219, 
1952) 1191014132, 
1953) 1195112280, 
1954) 1195253484, 
1955) 1195722654, 
1956) 1195921191, 
1957) 1196714481, 
1958) 1198129369, 
1959) 1199151887, 
1960) 1199430712, 
1961) 1199462598, 
1962) 1199493855, 
1963) 1199830753, 
1964) 1200015619, 
1965) 1200983747, 
1966) 1201227657, 
1967) 1201531729, 
1968) 1203443610, 
1969) 1205371399, 
1970) 1205376024, 
1971) 1205659190, 
1972) 1207134255, 
1973) 1207327514, 
1974) 1208695924, 
1975) 1208798052, 
1976) 1209230091, 
1977) 1209397191, 
1978) 1209567088, 
1979) 1210876500, 
1980) 1211578527, 
1981) 1212295745, 
1982) 1212669518, 
1983) 1212985117, 
1984) 1213220595, 
1985) 1213375855, 
1986) 1213493244, 
1987) 1213796884, 
1988) 1214284071, 
1989) 1215718580, 
1990) 1216343015, 
1991) 1217320334, 
1992) 1217528362, 
1993) 1217750104, 
1994) 1219025902, 
1995) 1220398944, 
1996) 1221563693, 
1997) 1221751318, 
1998) 1222187505, 
1999) 1223569634, 
2000) 1223634378, 
2001) 1223690541, 
2002) 1226589142, 
2003) 1226983259, 
2004) 1227057030, 
2005) 1228728277, 
2006) 1228981060, 
2007) 1229746687, 
2008) 1230827411, 
2009) 1230849630, 
2010) 1230900794, 
2011) 1230908934, 
2012) 1231301389, 
2013) 1232637843, 
2014) 1234124536, 
2015) 1234189039, 
2016) 1234324637, 
2017) 1234990132, 
2018) 1235064007, 
2019) 1235271170, 
2020) 1235912631, 
2021) 1236108819, 
2022) 1236671398, 
2023) 1238111037, 
2024) 1238586901, 
2025) 1239113036, 
2026) 1239650574, 
2027) 1239683850, 
2028) 1239888513, 
2029) 1240575785, 
2030) 1240749252, 
2031) 1242623842, 
2032) 1243118478, 
2033) 1243721882, 
2034) 1243830575, 
2035) 1244584130, 
2036) 1245663765, 
2037) 1245787899, 
2038) 1246317348, 
2039) 1247205596, 
2040) 1247256591, 
2041) 1248274053, 
2042) 1248685644, 
2043) 1248982973, 
2044) 1249356371, 
2045) 1249405285, 
2046) 1250675157, 
2047) 1251893405, 
2048) 1252774696, 
2049) 1253855553, 
2050) 1254406115, 
2051) 1254460285, 
2052) 1254478494, 
2053) 1255246686, 
2054) 1255686661, 
2055) 1255828354, 
2056) 1256272124, 
2057) 1256605950, 
2058) 1257118014, 
2059) 1258066351, 
2060) 1258385552, 
2061) 1258806940, 
2062) 1261728179, 
2063) 1261757231, 
2064) 1262015764, 
2065) 1262053022, 
2066) 1262460473, 
2067) 1263061879, 
2068) 1263243014, 
2069) 1263451785, 
2070) 1264254296, 
2071) 1264587967, 
2072) 1265794938, 
2073) 1267033451, 
2074) 1267175714, 
2075) 1267824193, 
2076) 1268556750, 
2077) 1269028575, 
2078) 1269110121, 
2079) 1269735077, 
2080) 1269879675, 
2081) 1271088335, 
2082) 1271357293, 
2083) 1271977923, 
2084) 1274417106, 
2085) 1275818934, 
2086) 1277117987, 
2087) 1281067460, 
2088) 1281231728, 
2089) 1281894035, 
2090) 1283305770, 
2091) 1285887249, 
2092) 1285914732, 
2093) 1286901501, 
2094) 1287318311, 
2095) 1287369525, 
2096) 1287506533, 
2097) 1288776382, 
2098) 1289203062, 
2099) 1290357747, 
2100) 1291039444, 
2101) 1291664970, 
2102) 1292210072, 
2103) 1293144172, 
2104) 1293581498, 
2105) 1294110412, 
2106) 1294383529, 
2107) 1294662979, 
2108) 1294897962, 
2109) 1294950392, 
2110) 1295300982, 
2111) 1295709700, 
2112) 1296227647, 
2113) 1296400364, 
2114) 1296834859, 
2115) 1297080669, 
2116) 1297200398, 
2117) 1297359376, 
2118) 1297388838, 
2119) 1298988081, 
2120) 1299153457, 
2121) 1299294602, 
2122) 1300031680, 
2123) 1301297161, 
2124) 1301997386, 
2125) 1302847078, 
2126) 1302880153, 
2127) 1304210093, 
2128) 1304480103, 
2129) 1304839128, 
2130) 1305324459, 
2131) 1305334737, 
2132) 1306660377, 
2133) 1307016476, 
2134) 1307485423, 
2135) 1307679955, 
2136) 1308150329, 
2137) 1308190670, 
2138) 1308871027, 
2139) 1309935477, 
2140) 1310521902, 
2141) 1311121496, 
2142) 1311143877, 
2143) 1311294785, 
2144) 1311503694, 
2145) 1312092710, 
2146) 1312872169, 
2147) 1313073273, 
2148) 1313288929, 
2149) 1313428957, 
2150) 1314361133, 
2151) 1314517038, 
2152) 1315386421, 
2153) 1315839585, 
2154) 1316006370, 
2155) 1317055655, 
2156) 1317359774, 
2157) 1317461758, 
2158) 1317808893, 
2159) 1318573549, 
2160) 1319021987, 
2161) 1319701558, 
2162) 1319984671, 
2163) 1320142073, 
2164) 1322697857, 
2165) 1323458839, 
2166) 1324269501, 
2167) 1327740657, 
2168) 1328152442, 
2169) 1330411203, 
2170) 1331768868, 
2171) 1331872441, 
2172) 1332570134, 
2173) 1332882780, 
2174) 1332945520, 
2175) 1333056449, 
2176) 1335121195, 
2177) 1335304687, 
2178) 1336059322, 
2179) 1337899233, 
2180) 1338025464, 
2181) 1338318075, 
2182) 1339278538, 
2183) 1339337594, 
2184) 1339912489, 
2185) 1340312815, 
2186) 1341395280, 
2187) 1341733751, 
2188) 1341870905, 
2189) 1344344525, 
2190) 1345025912, 
2191) 1347066223, 
2192) 1348035581, 
2193) 1349155402, 
2194) 1350900669, 
2195) 1351752761, 
2196) 1351756408, 
2197) 1352096621, 
2198) 1353102383, 
2199) 1353421294, 
2200) 1354275108, 
2201) 1354944950, 
2202) 1354992348, 
2203) 1355239103, 
2204) 1355293683, 
2205) 1355362606, 
2206) 1355715688, 
2207) 1357909656, 
2208) 1357981284, 
2209) 1358854042, 
2210) 1358980453, 
2211) 1360572833, 
2212) 1360848330, 
2213) 1362046504, 
2214) 1362172663, 
2215) 1362708584, 
2216) 1363437960, 
2217) 1363696162, 
2218) 1363973973, 
2219) 1365131740, 
2220) 1365502453, 
2221) 1365726144, 
2222) 1365835129, 
2223) 1366251744, 
2224) 1366380341, 
2225) 1367913276, 
2226) 1368919247, 
2227) 1369223658, 
2228) 1369867968, 
2229) 1370352547, 
2230) 1370415597, 
2231) 1370614671, 
2232) 1371555626, 
2233) 1372427961, 
2234) 1372462873, 
2235) 1372947450, 
2236) 1373699468, 
2237) 1375035227, 
2238) 1376367023, 
2239) 1379178867, 
2240) 1380412780, 
2241) 1380506845, 
2242) 1380550639, 
2243) 1381057937, 
2244) 1381184838, 
2245) 1381269246, 
2246) 1381552404, 
2247) 1381770944, 
2248) 1383078935, 
2249) 1383335176, 
2250) 1383981437, 
2251) 1384059471, 
2252) 1384942446, 
2253) 1385053022, 
2254) 1385608132, 
2255) 1385641289, 
2256) 1386247753, 
2257) 1386406564, 
2258) 1386423513, 
2259) 1386538208, 
2260) 1387522814, 
2261) 1387585846, 
2262) 1388228869, 
2263) 1389838389, 
2264) 1391248977, 
2265) 1393025879, 
2266) 1393300500, 
2267) 1393408769, 
2268) 1393875019, 
2269) 1394973692, 
2270) 1395428182, 
2271) 1396123708, 
2272) 1396242264, 
2273) 1396525003, 
2274) 1396643738, 
2275) 1397476163, 
2276) 1398815780, 
2277) 1398947265, 
2278) 1399261816, 
2279) 1399825044, 
2280) 1399906152, 
2281) 1400234566, 
2282) 1400855297, 
2283) 1401756285, 
2284) 1402351509, 
2285) 1402593131, 
2286) 1402842845, 
2287) 1403366857, 
2288) 1403589846, 
2289) 1404030852, 
2290) 1404045629, 
2291) 1405511146, 
2292) 1407204828, 
2293) 1407634021, 
2294) 1407933074, 
2295) 1408052467, 
2296) 1408933953, 
2297) 1410255310, 
2298) 1410876705, 
2299) 1411261892, 
2300) 1412004212, 
2301) 1412944165, 
2302) 1413851198, 
2303) 1414978323, 
2304) 1415358149, 
2305) 1415455596, 
2306) 1415920133, 
2307) 1416280808, 
2308) 1416321444, 
2309) 1416825600, 
2310) 1417459146, 
2311) 1420125189, 
2312) 1420334851, 
2313) 1420614540, 
2314) 1421207795, 
2315) 1422127753, 
2316) 1422405123, 
2317) 1423525259, 
2318) 1424655307, 
2319) 1425187367, 
2320) 1425568673, 
2321) 1426460142, 
2322) 1426509656, 
2323) 1426656230, 
2324) 1427674338, 
2325) 1428122453, 
2326) 1428595368, 
2327) 1429566381, 
2328) 1430007837, 
2329) 1430545473, 
2330) 1432721674, 
2331) 1432886607, 
2332) 1432981593, 
2333) 1433221924, 
2334) 1433366480, 
2335) 1433766539, 
2336) 1434429243, 
2337) 1434799014, 
2338) 1435403188, 
2339) 1436471004, 
2340) 1436613933, 
2341) 1436993692, 
2342) 1437836861, 
2343) 1438300058, 
2344) 1438447002, 
2345) 1442002171, 
2346) 1443293985, 
2347) 1444609090, 
2348) 1445378289, 
2349) 1445682912, 
2350) 1447164450, 
2351) 1447195997, 
2352) 1448779236, 
2353) 1449172705, 
2354) 1449477365, 
2355) 1449844514, 
2356) 1449868477, 
2357) 1449923719, 
2358) 1449945760, 
2359) 1450369700, 
2360) 1451377700, 
2361) 1451997723, 
2362) 1452852077, 
2363) 1453237038, 
2364) 1453479779, 
2365) 1453642309, 
2366) 1454546170, 
2367) 1454747996, 
2368) 1455426019, 
2369) 1455649575, 
2370) 1456039775, 
2371) 1456310476, 
2372) 1457886206, 
2373) 1457908433, 
2374) 1458036907, 
2375) 1458274312, 
2376) 1458342531, 
2377) 1458386536, 
2378) 1458712018, 
2379) 1459006278, 
2380) 1460111763, 
2381) 1460250915, 
2382) 1460616220, 
2383) 1461365690, 
2384) 1461854355, 
2385) 1462908142, 
2386) 1462921476, 
2387) 1463024596, 
2388) 1463271296, 
2389) 1463565526, 
2390) 1463978100, 
2391) 1464444322, 
2392) 1465240057, 
2393) 1466192345, 
2394) 1466381281, 
2395) 1467165616, 
2396) 1468291347, 
2397) 1469637919, 
2398) 1470425650, 
2399) 1470509980, 
2400) 1470932228, 
2401) 1471096626, 
2402) 1471997290, 
2403) 1472766393, 
2404) 1472877707, 
2405) 1472962450, 
2406) 1473455377, 
2407) 1475955746, 
2408) 1476142318, 
2409) 1476404426, 
2410) 1477262614, 
2411) 1477986740, 
2412) 1478459286, 
2413) 1480272529, 
2414) 1481306195, 
2415) 1481508107, 
2416) 1481596831, 
2417) 1481932155, 
2418) 1482974897, 
2419) 1483296204, 
2420) 1483864284, 
2421) 1484301144, 
2422) 1484969976, 
2423) 1485181479, 
2424) 1485247134, 
2425) 1486414891, 
2426) 1486932611, 
2427) 1487071066, 
2428) 1487534119, 
2429) 1488275207, 
2430) 1488627446, 
2431) 1488647467, 
2432) 1489834909, 
2433) 1490003448, 
2434) 1490868530, 
2435) 1491166538, 
2436) 1491285630, 
2437) 1491555931, 
2438) 1491570582, 
2439) 1491769883, 
2440) 1492045636, 
2441) 1492110922, 
2442) 1492244323, 
2443) 1493496835, 
2444) 1493538712, 
2445) 1494836725, 
2446) 1496624286, 
2447) 1496843195, 
2448) 1497002054, 
2449) 1498135332, 
2450) 1498453872, 
2451) 1499698393, 
2452) 1501495091, 
2453) 1501845420, 
2454) 1502585090, 
2455) 1502811305, 
2456) 1503022278, 
2457) 1503097854, 
2458) 1503109528, 
2459) 1503818530, 
2460) 1504716377, 
2461) 1504923944, 
2462) 1504999073, 
2463) 1506195674, 
2464) 1507055080, 
2465) 1507812863, 
2466) 1508752453, 
2467) 1509132584, 
2468) 1509529398, 
2469) 1510331398, 
2470) 1513346544, 
2471) 1514599511, 
2472) 1514878339, 
2473) 1514996454, 
2474) 1515089429, 
2475) 1515310809, 
2476) 1515473708, 
2477) 1515540239, 
2478) 1515679987, 
2479) 1515936782, 
2480) 1515943756, 
2481) 1516158888, 
2482) 1517840912, 
2483) 1518083826, 
2484) 1518175766, 
2485) 1518572272, 
2486) 1518579857, 
2487) 1519040800, 
2488) 1519087565, 
2489) 1519504091, 
2490) 1521498601, 
2491) 1521568269, 
2492) 1522170223, 
2493) 1522431607, 
2494) 1522780276, 
2495) 1523135245, 
2496) 1523405834, 
2497) 1523882160, 
2498) 1523961447, 
2499) 1524192106, 
2500) 1524453518, 
2501) 1525160269, 
2502) 1525837553, 
2503) 1528883343, 
2504) 1529081353, 
2505) 1530043227, 
2506) 1530125433, 
2507) 1531050953, 
2508) 1531121606, 
2509) 1534459163, 
2510) 1534575939, 
2511) 1536162263, 
2512) 1536650096, 
2513) 1537009048, 
2514) 1537126504, 
2515) 1537310538, 
2516) 1537443988, 
2517) 1538129092, 
2518) 1538402494, 
2519) 1538543071, 
2520) 1540296001, 
2521) 1540342290, 
2522) 1540957706, 
2523) 1541124319, 
2524) 1542294065, 
2525) 1543871929, 
2526) 1543898390, 
2527) 1544160600, 
2528) 1544217100, 
2529) 1545676544, 
2530) 1545694903, 
2531) 1546538217, 
2532) 1547612250, 
2533) 1547899432, 
2534) 1547906665, 
2535) 1547920991, 
2536) 1548056863, 
2537) 1548099899, 
2538) 1548510874, 
2539) 1548979732, 
2540) 1549556129, 
2541) 1549621294, 
2542) 1549717937, 
2543) 1550012237, 
2544) 1550313608, 
2545) 1551048465, 
2546) 1551496230, 
2547) 1551714217, 
2548) 1552529030, 
2549) 1553542882, 
2550) 1554220322, 
2551) 1555188681, 
2552) 1555302355, 
2553) 1556153455, 
2554) 1556193873, 
2555) 1556650605, 
2556) 1557344036, 
2557) 1557552355, 
2558) 1557718898, 
2559) 1558007522, 
2560) 1558882925, 
2561) 1559062391, 
2562) 1559861941, 
2563) 1560239816, 
2564) 1561987863, 
2565) 1562370862, 
2566) 1562527321, 
2567) 1563883207, 
2568) 1564508949, 
2569) 1566534138, 
2570) 1567345715, 
2571) 1567695345, 
2572) 1567726083, 
2573) 1567888306, 
2574) 1568036571, 
2575) 1568381056, 
2576) 1568876053, 
2577) 1569577491, 
2578) 1570574195, 
2579) 1571436772, 
2580) 1571716800, 
2581) 1572396026, 
2582) 1572510708, 
2583) 1572633305, 
2584) 1573581828, 
2585) 1574108950, 
2586) 1574449119, 
2587) 1575677665, 
2588) 1576854556, 
2589) 1576875903, 
2590) 1577269054, 
2591) 1577713115, 
2592) 1578530999, 
2593) 1578910254, 
2594) 1579090083, 
2595) 1579535857, 
2596) 1580173071, 
2597) 1580887907, 
2598) 1581456934, 
2599) 1581559461, 
2600) 1583955448, 
2601) 1584533195, 
2602) 1585244295, 
2603) 1585374053, 
2604) 1585976044, 
2605) 1586133018, 
2606) 1586421863, 
2607) 1586477135, 
2608) 1586913718, 
2609) 1588188674, 
2610) 1588247755, 
2611) 1589253432, 
2612) 1589646381, 
2613) 1589953355, 
2614) 1590094827, 
2615) 1590766604, 
2616) 1591281933, 
2617) 1592039056, 
2618) 1592228253, 
2619) 1593607107, 
2620) 1594028636, 
2621) 1594222462, 
2622) 1594566229, 
2623) 1595233833, 
2624) 1595547502, 
2625) 1595944118, 
2626) 1597005481, 
2627) 1597848892, 
2628) 1598217529, 
2629) 1599202323, 
2630) 1600458845, 
2631) 1600629875, 
2632) 1600821624, 
2633) 1601014979, 
2634) 1601421000, 
2635) 1601452875, 
2636) 1601675401, 
2637) 1603344870, 
2638) 1603562089, 
2639) 1604332189, 
2640) 1604429694, 
2641) 1604445822, 
2642) 1604597160, 
2643) 1605408404, 
2644) 1605809931, 
2645) 1605897751, 
2646) 1606296092, 
2647) 1607491462, 
2648) 1610342505, 
2649) 1610348278, 
2650) 1610579082, 
2651) 1610876730, 
2652) 1611139536, 
2653) 1612026043, 
2654) 1612832388, 
2655) 1613225912, 
2656) 1614347418, 
2657) 1614874185, 
2658) 1616983317, 
2659) 1617172553, 
2660) 1617802106, 
2661) 1619614618, 
2662) 1620947998, 
2663) 1621104633, 
2664) 1621613242, 
2665) 1621648790, 
2666) 1622629506, 
2667) 1622650070, 
2668) 1622912918, 
2669) 1623219326, 
2670) 1623935981, 
2671) 1624900237, 
2672) 1625387556, 
2673) 1625436916, 
2674) 1625674040, 
2675) 1626591375, 
2676) 1626706771, 
2677) 1628033656, 
2678) 1628865790, 
2679) 1629114690, 
2680) 1630330073, 
2681) 1630519999, 
2682) 1631971326, 
2683) 1633191192, 
2684) 1634636021, 
2685) 1635279735, 
2686) 1637810869, 
2687) 1637972812, 
2688) 1639644972, 
2689) 1640692939, 
2690) 1642832108, 
2691) 1643326860, 
2692) 1643622246, 
2693) 1644110093, 
2694) 1644240837, 
2695) 1644287750, 
2696) 1644983017, 
2697) 1647349088, 
2698) 1647905687, 
2699) 1648547833, 
2700) 1649630274, 
2701) 1650910713, 
2702) 1651514266, 
2703) 1652355416, 
2704) 1652500894, 
2705) 1655038324, 
2706) 1657891062, 
2707) 1659644605, 
2708) 1660554419, 
2709) 1661810761, 
2710) 1662992923, 
2711) 1663999071, 
2712) 1664055122, 
2713) 1664291876, 
2714) 1664525898, 
2715) 1664765157, 
2716) 1665164925, 
2717) 1665484516, 
2718) 1665530925, 
2719) 1666636732, 
2720) 1666941916, 
2721) 1668606356, 
2722) 1668799489, 
2723) 1668904070, 
2724) 1669105692, 
2725) 1669272557, 
2726) 1669330995, 
2727) 1669393208, 
2728) 1670815253, 
2729) 1671974186, 
2730) 1672618698, 
2731) 1673092514, 
2732) 1673189451, 
2733) 1673209811, 
2734) 1673576871, 
2735) 1673698340, 
2736) 1673787835, 
2737) 1674379569, 
2738) 1674798697, 
2739) 1675133808, 
2740) 1677056775, 
2741) 1677859261, 
2742) 1678162032, 
2743) 1678435206, 
2744) 1679059058, 
2745) 1679216700, 
2746) 1680664772, 
2747) 1680839108, 
2748) 1681601692, 
2749) 1682362786, 
2750) 1682699399, 
2751) 1683582747, 
2752) 1683944707, 
2753) 1684245936, 
2754) 1684545660, 
2755) 1684964613, 
2756) 1685572778, 
2757) 1687186766, 
2758) 1688545420, 
2759) 1688627607, 
2760) 1689238104, 
2761) 1690559847, 
2762) 1690807404, 
2763) 1693021776, 
2764) 1693310969, 
2765) 1693667131, 
2766) 1694309748, 
2767) 1694487538, 
2768) 1695477191, 
2769) 1695740804, 
2770) 1696227110, 
2771) 1697263836, 
2772) 1698526977, 
2773) 1699654084, 
2774) 1699901023, 
2775) 1700045254, 
2776) 1700355883, 
2777) 1701043603, 
2778) 1703288699, 
2779) 1703944826, 
2780) 1705067480, 
2781) 1705205858, 
2782) 1705977041, 
2783) 1706689319, 
2784) 1707496369, 
2785) 1707840288, 
2786) 1708305848, 
2787) 1708985557, 
2788) 1710521020, 
2789) 1712585919, 
2790) 1713057398, 
2791) 1714105408, 
2792) 1714724820, 
2793) 1715382022, 
2794) 1715758840, 
2795) 1716238146, 
2796) 1717412004, 
2797) 1718098232, 
2798) 1718926165, 
2799) 1719571687, 
2800) 1719676211, 
2801) 1719884601, 
2802) 1720014114, 
2803) 1720288791, 
2804) 1720419385, 
2805) 1720627970, 
2806) 1720963940, 
2807) 1722389801, 
2808) 1722416899, 
2809) 1722842268, 
2810) 1723817821, 
2811) 1724228248, 
2812) 1724523560, 
2813) 1724763322, 
2814) 1726158281, 
2815) 1727145556, 
2816) 1729199413, 
2817) 1729597164, 
2818) 1730780667, 
2819) 1731433511, 
2820) 1731986881, 
2821) 1732108181, 
2822) 1732897473, 
2823) 1733049908, 
2824) 1733937048, 
2825) 1734604256, 
2826) 1734633197, 
2827) 1734720155, 
2828) 1735368824, 
2829) 1735510445, 
2830) 1735629297, 
2831) 1736389233, 
2832) 1736798521, 
2833) 1738045921, 
2834) 1738080461, 
2835) 1738126705, 
2836) 1738346978, 
2837) 1738805975, 
2838) 1739377571, 
2839) 1739830317, 
2840) 1739954108, 
2841) 1740422192, 
2842) 1740697047, 
2843) 1740827361, 
2844) 1741069450, 
2845) 1742219775, 
2846) 1742783979, 
2847) 1742797106, 
2848) 1743356074, 
2849) 1743536861, 
2850) 1744008061, 
2851) 1745140761, 
2852) 1745286634, 
2853) 1745999617, 
2854) 1746183238, 
2855) 1747761511, 
2856) 1748106320, 
2857) 1748197017, 
2858) 1748818345, 
2859) 1750030342, 
2860) 1750919711, 
2861) 1751120840, 
2862) 1751163284, 
2863) 1751435191, 
2864) 1751733744, 
2865) 1751757037, 
2866) 1752854040, 
2867) 1753615194, 
2868) 1756853446, 
2869) 1757215983, 
2870) 1757981151, 
2871) 1759000754, 
2872) 1759015729, 
2873) 1759064254, 
2874) 1759087754, 
2875) 1759279342, 
2876) 1759482419, 
2877) 1760083573, 
2878) 1760160452, 
2879) 1760569319, 
2880) 1760788920, 
2881) 1760855030, 
2882) 1761139800, 
2883) 1763016385, 
2884) 1763269203, 
2885) 1763931444, 
2886) 1765374922, 
2887) 1766898366, 
2888) 1767451657, 
2889) 1769724186, 
2890) 1770208001, 
2891) 1770456883, 
2892) 1770789513, 
2893) 1771141834, 
2894) 1771853509, 
2895) 1772513251, 
2896) 1773348707, 
2897) 1773379562, 
2898) 1773689063, 
2899) 1773710803, 
2900) 1773713111, 
2901) 1773821322, 
2902) 1774017715, 
2903) 1774030846, 
2904) 1775319169, 
2905) 1775499463, 
2906) 1775593809, 
2907) 1775894168, 
2908) 1775957686, 
2909) 1776089502, 
2910) 1776093636, 
2911) 1776166517, 
2912) 1776561745, 
2913) 1776603288, 
2914) 1776904068, 
2915) 1777265171, 
2916) 1778383710, 
2917) 1778821658, 
2918) 1779054000, 
2919) 1779967461, 
2920) 1782027143, 
2921) 1782266100, 
2922) 1782851666, 
2923) 1783338866, 
2924) 1783422331, 
2925) 1784468835, 
2926) 1785058228, 
2927) 1785201327, 
2928) 1785355374, 
2929) 1787395323, 
2930) 1787677644, 
2931) 1789192114, 
2932) 1790108592, 
2933) 1790636829, 
2934) 1791532367, 
2935) 1792909833, 
2936) 1793214910, 
2937) 1793424677, 
2938) 1793613059, 
2939) 1794285435, 
2940) 1796753369, 
2941) 1796933733, 
2942) 1797040311, 
2943) 1797506639, 
2944) 1798434958, 
2945) 1799484222, 
2946) 1800347097, 
2947) 1801072508, 
2948) 1802270842, 
2949) 1802494957, 
2950) 1802649505, 
2951) 1802905217, 
2952) 1804451714, 
2953) 1805314040, 
2954) 1805648841, 
2955) 1809598556, 
2956) 1810140688, 
2957) 1810611697, 
2958) 1810991180, 
2959) 1812274221, 
2960) 1812708003, 
2961) 1813841032, 
2962) 1814105290, 
2963) 1814232666, 
2964) 1815944764, 
2965) 1817939547, 
2966) 1819089594, 
2967) 1819745144, 
2968) 1820114289, 
2969) 1820153404, 
2970) 1820254074, 
2971) 1820397375, 
2972) 1821767015, 
2973) 1821807880, 
2974) 1822147528, 
2975) 1823366126, 
2976) 1823880829, 
2977) 1823972091, 
2978) 1824898249, 
2979) 1825944606, 
2980) 1826842524, 
2981) 1827598363, 
2982) 1828066990, 
2983) 1828525292, 
2984) 1829427405, 
2985) 1829732580, 
2986) 1829790993, 
2987) 1829981433, 
2988) 1830078652, 
2989) 1830227537, 
2990) 1830633247, 
2991) 1831837855, 
2992) 1832528109, 
2993) 1832632452, 
2994) 1833781441, 
2995) 1835096924, 
2996) 1836775496, 
2997) 1837036765, 
2998) 1839046544, 
2999) 1840166539, 
3000) 1842679119, 
3001) 1842803946, 
3002) 1842851498, 
3003) 1843049481, 
3004) 1843188346, 
3005) 1843414690, 
3006) 1843930052, 
3007) 1844355737, 
3008) 1844797578, 
3009) 1847183527, 
3010) 1850034675, 
3011) 1850696327, 
3012) 1851181280, 
3013) 1852091951, 
3014) 1852118332, 
3015) 1852534090, 
3016) 1853602515, 
3017) 1853630820, 
3018) 1853976281, 
3019) 1854344005, 
3020) 1854682587, 
3021) 1854918914, 
3022) 1856060833, 
3023) 1857845880, 
3024) 1857944962, 
3025) 1858163250, 
3026) 1859286037, 
3027) 1859442346, 
3028) 1860034538, 
3029) 1860168611, 
3030) 1860368111, 
3031) 1861221474, 
3032) 1862423104, 
3033) 1862929257, 
3034) 1863303592, 
3035) 1863957312, 
3036) 1864910471, 
3037) 1866497705, 
3038) 1867074437, 
3039) 1867318694, 
3040) 1867705652, 
3041) 1867793726, 
3042) 1868056821, 
3043) 1868650821, 
3044) 1868729967, 
3045) 1868867119, 
3046) 1869341487, 
3047) 1870685324, 
3048) 1870783577, 
3049) 1871490974, 
3050) 1871811881, 
3051) 1871841634, 
3052) 1872380566, 
3053) 1874239931, 
3054) 1874768711, 
3055) 1875674826, 
3056) 1876455809, 
3057) 1877076998, 
3058) 1880320712, 
3059) 1880494432, 
3060) 1880576544, 
3061) 1881688122, 
3062) 1884298045, 
3063) 1884542690, 
3064) 1884842616, 
3065) 1885193617, 
3066) 1885373308, 
3067) 1886183026, 
3068) 1886597489, 
3069) 1886670865, 
3070) 1887957872, 
3071) 1887997226, 
3072) 1888873711, 
3073) 1889317576, 
3074) 1890786244, 
3075) 1891758321, 
3076) 1892967832, 
3077) 1893690853, 
3078) 1894007451, 
3079) 1894252748, 
3080) 1894261382, 
3081) 1894369336, 
3082) 1895407675, 
3083) 1895605007, 
3084) 1896252083, 
3085) 1896384774, 
3086) 1899402564, 
3087) 1900487465, 
3088) 1901554470, 
3089) 1902413091, 
3090) 1902934823, 
3091) 1906696534, 
3092) 1907274117, 
3093) 1908893195, 
3094) 1910950114, 
3095) 1911289662, 
3096) 1911767519, 
3097) 1912032698, 
3098) 1913377969, 
3099) 1914597255, 
3100) 1914688812, 
3101) 1914900605, 
3102) 1915729800, 
3103) 1915753867, 
3104) 1916116110, 
3105) 1917921156, 
3106) 1918511651, 
3107) 1920046528, 
3108) 1920358955, 
3109) 1920552312, 
3110) 1920815383, 
3111) 1920915701, 
3112) 1921338296, 
3113) 1922085794, 
3114) 1922108270, 
3115) 1922740538, 
3116) 1923374098, 
3117) 1924495389, 
3118) 1925271590, 
3119) 1925712625, 
3120) 1925741654, 
3121) 1926185539, 
3122) 1927601400, 
3123) 1927994970, 
3124) 1928655232, 
3125) 1929105368, 
3126) 1929430420, 
3127) 1930649683, 
3128) 1930689401, 
3129) 1931526778, 
3130) 1931683703, 
3131) 1931941132, 
3132) 1932549147, 
3133) 1932626338, 
3134) 1933064313, 
3135) 1933416649, 
3136) 1934583311, 
3137) 1934730198, 
3138) 1934769602, 
3139) 1935460107, 
3140) 1935874523, 
3141) 1936195416, 
3142) 1936847786, 
3143) 1938115930, 
3144) 1938910782, 
3145) 1938970064, 
3146) 1939286010, 
3147) 1939298567, 
3148) 1939732229, 
3149) 1939756917, 
3150) 1939823811, 
3151) 1940896581, 
3152) 1941060642, 
3153) 1943205791, 
3154) 1943234713, 
3155) 1943812377, 
3156) 1944619864, 
3157) 1945360258, 
3158) 1947266984, 
3159) 1947682712, 
3160) 1948911560, 
3161) 1949528393, 
3162) 1949644322, 
3163) 1949653580, 
3164) 1950527371, 
3165) 1952132035, 
3166) 1952436080, 
3167) 1953150801, 
3168) 1953244158, 
3169) 1953811529, 
3170) 1953846052, 
3171) 1954251952, 
3172) 1954280712, 
3173) 1954359076, 
3174) 1954807221, 
3175) 1955097818, 
3176) 1955615417, 
3177) 1955731696, 
3178) 1956166186, 
3179) 1957146179, 
3180) 1958220371, 
3181) 1958901750, 
3182) 1960106296, 
3183) 1960258501, 
3184) 1960624469, 
3185) 1961389182, 
3186) 1961613722, 
3187) 1961903042, 
3188) 1961969084, 
3189) 1963908783, 
3190) 1964159809, 
3191) 1964262417, 
3192) 1964297965, 
3193) 1965149935, 
3194) 1966414281, 
3195) 1967281401, 
3196) 1967789089, 
3197) 1968060689, 
3198) 1968491100, 
3199) 1969535350, 
3200) 1969639891, 
3201) 1969773657, 
3202) 1970079842, 
3203) 1971287841, 
3204) 1971999196, 
3205) 1972080215, 
3206) 1972494027, 
3207) 1974208617, 
3208) 1974238072, 
3209) 1974271802, 
3210) 1974919324, 
3211) 1975111089, 
3212) 1975268719, 
3213) 1975417125, 
3214) 1976490245, 
3215) 1976859884, 
3216) 1977107061, 
3217) 1977889333, 
3218) 1978106169, 
3219) 1979368798, 
3220) 1980580790, 
3221) 1980723077, 
3222) 1980991570, 
3223) 1981061085, 
3224) 1981602560, 
3225) 1981664278, 
3226) 1982033743, 
3227) 1983187672, 
3228) 1983415517, 
3229) 1984114493, 
3230) 1984394181, 
3231) 1985512660, 
3232) 1985609399, 
3233) 1986033033, 
3234) 1986226964, 
3235) 1986791895, 
3236) 1987113856, 
3237) 1987148682, 
3238) 1987367347, 
3239) 1987799977, 
3240) 1988925410, 
3241) 1989075476, 
3242) 1989150093, 
3243) 1989340531, 
3244) 1989959429, 
3245) 1991229798, 
3246) 1991464766, 
3247) 1992176439, 
3248) 1992355221, 
3249) 1992666352, 
3250) 1992731130, 
3251) 1993149501, 
3252) 1993879200, 
3253) 1994607311, 
3254) 1994813232, 
3255) 1995544390, 
3256) 1995614217, 
3257) 1996937926, 
3258) 1997255598, 
3259) 1997325679, 
3260) 1998213607, 
3261) 1998752316, 
3262) 2000805840, 
3263) 2001060169, 
3264) 2001186088, 
3265) 2001819888, 
3266) 2002157302, 
3267) 2002971157, 
3268) 2003035545, 
3269) 2003809742, 
3270) 2004760718, 
3271) 2004783351, 
3272) 2005481687, 
3273) 2005973093, 
3274) 2006332540, 
3275) 2006575843, 
3276) 2007513042, 
3277) 2007648436, 
3278) 2008117041, 
3279) 2009664756, 
3280) 2010123380, 
3281) 2010375944, 
3282) 2010833910, 
3283) 2011226125, 
3284) 2012525816, 
3285) 2013474656, 
3286) 2014384467, 
3287) 2015148579, 
3288) 2015531977, 
3289) 2016806101, 
3290) 2018696819, 
3291) 2018820277, 
3292) 2018876480, 
3293) 2019089994, 
3294) 2019175643, 
3295) 2019420442, 
3296) 2020450539, 
3297) 2020639589, 
3298) 2021091964, 
3299) 2021772103, 
3300) 2021772425, 
3301) 2021811086, 
3302) 2022190299, 
3303) 2022476900, 
3304) 2022634867, 
3305) 2023376861, 
3306) 2023670957, 
3307) 2024906612, 
3308) 2025152775, 
3309) 2025260114, 
3310) 2025340542, 
3311) 2025578416, 
3312) 2026071623, 
3313) 2026621651, 
3314) 2027118032, 
3315) 2027330062, 
3316) 2027933654, 
3317) 2028392135, 
3318) 2029249820, 
3319) 2029729539, 
3320) 2030158638, 
3321) 2030383188, 
3322) 2030926705, 
3323) 2030967613, 
3324) 2031139642, 
3325) 2031149885, 
3326) 2031403764, 
3327) 2032309146, 
3328) 2032665084, 
3329) 2034546121, 
3330) 2035064567, 
3331) 2035529373, 
3332) 2036900121, 
3333) 2037552554, 
3334) 2038912492, 
3335) 2039371035, 
3336) 2039417946, 
3337) 2039786214, 
3338) 2040384937, 
3339) 2040642184, 
3340) 2041518789, 
3341) 2041763187, 
3342) 2041876478, 
3343) 2042662697, 
3344) 2042778044, 
3345) 2043580617, 
3346) 2043987936, 
3347) 2045339187, 
3348) 2045497800, 
3349) 2046307115, 
3350) 2047271718, 
3351) 2047702889, 
3352) 2047762817, 
3353) 2048263733, 
3354) 2048371205, 
3355) 2048488578, 
3356) 2048636793, 
3357) 2048908049, 
3358) 2049428592, 
3359) 2050417629, 
3360) 2050796113, 
3361) 2051454456, 
3362) 2051589883, 
3363) 2051848744, 
3364) 2051856431, 
3365) 2052250670, 
3366) 2052856458, 
3367) 2053325872, 
3368) 2054652717, 
3369) 2055289561, 
3370) 2055837687, 
3371) 2055936544, 
3372) 2056135061, 
3373) 2056485600, 
3374) 2056580897, 
3375) 2056864326, 
3376) 2056925178, 
3377) 2057013032, 
3378) 2057670221, 
3379) 2058029566, 
3380) 2058643853, 
3381) 2059802641, 
3382) 2060462667, 
3383) 2061266160, 
3384) 2061548428, 
3385) 2062091319, 
3386) 2062361494, 
3387) 2063098183, 
3388) 2064095827, 
3389) 2064548032, 
3390) 2064854652, 
3391) 2065843347, 
3392) 2066579965, 
3393) 2066963701, 
3394) 2068163533, 
3395) 2068438547, 
3396) 2068576668, 
3397) 2069326724, 
3398) 2069452824, 
3399) 2070763408, 
3400) 2071185789, 
3401) 2071679065, 
3402) 2072423731, 
3403) 2072598616, 
3404) 2073390042, 
3405) 2073678467, 
3406) 2073720338, 
3407) 2074151088, 
3408) 2074603940, 
3409) 2074757453, 
3410) 2074927798, 
3411) 2074943035, 
3412) 2075277601, 
3413) 2075368106, 
3414) 2075924828, 
3415) 2076060650, 
3416) 2076266344, 
3417) 2076457026, 
3418) 2076901449, 
3419) 2078109755, 
3420) 2079716396, 
3421) 2080795381, 
3422) 2081598582, 
3423) 2081750669, 
3424) 2082340481, 
3425) 2082629791, 
3426) 2083309206, 
3427) 2083803638, 
3428) 2083857300, 
3429) 2084081794, 
3430) 2084177571, 
3431) 2086109845, 
3432) 2086403433, 
3433) 2086685878, 
3434) 2089071785, 
3435) 2089444936, 
3436) 2089665229, 
3437) 2090228012, 
3438) 2090858187, 
3439) 2090954388, 
3440) 2091495242, 
3441) 2091543090, 
3442) 2092615200, 
3443) 2093242434, 
3444) 2093448618, 
3445) 2094265226, 
3446) 2094297092, 
3447) 2094373037, 
3448) 2096154860, 
3449) 2096383740, 
3450) 2096416306, 
3451) 2096663272, 
3452) 2096955722, 
3453) 2097086484, 
3454) 2097878058, 
3455) 2097945258, 
3456) 2098567695, 
3457) 2099242395, 
3458) 2099332472, 
3459) 2100588418, 
3460) 2102069085, 
3461) 2102602526, 
3462) 2103206762, 
3463) 2103212569, 
3464) 2103778170, 
3465) 2105317994, 
3466) 2105452756, 
3467) 2105943060, 
3468) 2106032937, 
3469) 2106079242, 
3470) 2106145337, 
3471) 2106153227, 
3472) 2106438700, 
3473) 2106449491, 
3474) 2107064453, 
3475) 2108852566, 
3476) 2109495599, 
3477) 2109812354, 
3478) 2110444879, 
3479) 2110655707, 
3480) 2112094991, 
3481) 2112847260, 
3482) 2113357404, 
3483) 2113397013, 
3484) 2113531186, 
3485) 2113844093, 
3486) 2114482403, 
3487) 2114847524, 
3488) 2115601666, 
3489) 2116846386, 
3490) 2117495480, 
3491) 2118186439, 
3492) 2119111996, 
3493) 2119373833, 
3494) 2119467364, 
3495) 2119941186, 
3496) 2120023896, 
3497) 2120277692, 
3498) 2120297610, 
3499) 2120627190, 
3500) 2121036226, 
3501) 2121190640, 
3502) 2121503815, 
3503) 2122139178, 
3504) 2122259768, 
3505) 2122395294, 
3506) 2122690156, 
3507) 2124536258, 
3508) 2124607371, 
3509) 2125021076, 
3510) 2125429650, 
3511) 2126210273, 
3512) 2127358419, 
3513) 2127546384, 
3514) 2127548108, 
3515) 2128107066, 
3516) 2128995009, 
3517) 2129305586, 
3518) 2130287708, 
3519) 2130655824, 
3520) 2131023783, 
3521) 2131028769, 
3522) 2131612527, 
3523) 2132103752, 
3524) 2133054167, 
3525) 2133699320, 
3526) 2134253586, 
3527) 2134298315, 
3528) 2136588731, 
3529) 2137238197, 
3530) 2137444691, 
3531) 2137568478, 
3532) 2137793597, 
3533) 2137942247, 
3534) 2138188231, 
3535) 2139671053, 
3536) 2140376608, 
3537) 2140479895, 
3538) 2140791769, 
3539) 2140935160, 
3540) 2141054303, 
3541) 2142518021, 
3542) 2143044082, 
3543) 2144864411, 
3544) 2145389845, 
3545) 2148082510, 
3546) 2148377391, 
3547) 2149137960, 
3548) 2149248537, 
3549) 2149712582, 
3550) 2150206328, 
3551) 2151753198, 
3552) 2152666088, 
3553) 2153440476, 
3554) 2153630465, 
3555) 2153715386, 
3556) 2154456333, 
3557) 2154458068, 
3558) 2156120839, 
3559) 2157528404, 
3560) 2158738060, 
3561) 2159930937, 
3562) 2159972539, 
3563) 2162455011, 
3564) 2162657911, 
3565) 2162990312, 
3566) 2163423797, 
3567) 2164636643, 
3568) 2165920176, 
3569) 2168410725, 
3570) 2168584717, 
3571) 2168803496, 
3572) 2169299326, 
3573) 2169349089, 
3574) 2169989016, 
3575) 2170110645, 
3576) 2170599198, 
3577) 2171809969, 
3578) 2172042475, 
3579) 2172363843, 
3580) 2173739587, 
3581) 2174405774, 
3582) 2175138806, 
3583) 2176653044, 
3584) 2177220611, 
3585) 2177418237, 
3586) 2177505356, 
3587) 2178735415, 
3588) 2178893591, 
3589) 2179537582, 
3590) 2179853220, 
3591) 2180225660, 
3592) 2180396271, 
3593) 2180790151, 
3594) 2181254995, 
3595) 2182123642, 
3596) 2182367550, 
3597) 2183399709, 
3598) 2184218027, 
3599) 2184776466, 
3600) 2185353076, 
3601) 2185587472, 
3602) 2185758003, 
3603) 2185965359, 
3604) 2186093438, 
3605) 2186185221, 
3606) 2186906190, 
3607) 2187912593, 
3608) 2188114776, 
3609) 2188423356, 
3610) 2188449686, 
3611) 2188635606, 
3612) 2188743970, 
3613) 2190020605, 
3614) 2190165625, 
3615) 2192188106, 
3616) 2193652277, 
3617) 2193689431, 
3618) 2194410027, 
3619) 2195207561, 
3620) 2195278154, 
3621) 2195379670, 
3622) 2195570685, 
3623) 2196340776, 
3624) 2196811439, 
3625) 2197070467, 
3626) 2197792888, 
3627) 2197854459, 
3628) 2197923753, 
3629) 2197926397, 
3630) 2197964362, 
3631) 2198429971, 
3632) 2199012477, 
3633) 2199288249, 
3634) 2199706624, 
3635) 2201376608, 
3636) 2201467939, 
3637) 2201550671, 
3638) 2202251498, 
3639) 2203127315, 
3640) 2204116998, 
3641) 2204498507, 
3642) 2205698948, 
3643) 2206251112, 
3644) 2206307128, 
3645) 2206336110, 
3646) 2206953067, 
3647) 2207264717, 
3648) 2207343909, 
3649) 2209349445, 
3650) 2209624469, 
3651) 2210312648, 
3652) 2210824918, 
3653) 2211288695, 
3654) 2212149432, 
3655) 2212177789, 
3656) 2212875073, 
3657) 2213181467, 
3658) 2213606031, 
3659) 2214091524, 
3660) 2214792477, 
3661) 2215014171, 
3662) 2218326348, 
3663) 2218375613, 
3664) 2219144377, 
3665) 2220975528, 
3666) 2221488522, 
3667) 2221585181, 
3668) 2222637434, 
3669) 2222703660, 
3670) 2223053450, 
3671) 2223421409, 
3672) 2224694524, 
3673) 2225198155, 
3674) 2225293155, 
3675) 2226551091, 
3676) 2228344055, 
3677) 2228666726, 
3678) 2228952328, 
3679) 2229473094, 
3680) 2229796972, 
3681) 2231192779, 
3682) 2231325454, 
3683) 2231705966, 
3684) 2232815870, 
3685) 2233038428, 
3686) 2233396894, 
3687) 2234280487, 
3688) 2235454046, 
3689) 2235528512, 
3690) 2235864912, 
3691) 2236133417, 
3692) 2236151746, 
3693) 2236181371, 
3694) 2236269317, 
3695) 2237000064, 
3696) 2237141783, 
3697) 2237232753, 
3698) 2237259921, 
3699) 2238140205, 
3700) 2238708200, 
3701) 2238710164, 
3702) 2238793309, 
3703) 2238862207, 
3704) 2241190751, 
3705) 2241247624, 
3706) 2241643030, 
3707) 2241908113, 
3708) 2242792031, 
3709) 2243370439, 
3710) 2243557420, 
3711) 2243591386, 
3712) 2243764362, 
3713) 2244903539, 
3714) 2246412173, 
3715) 2247497543, 
3716) 2249099289, 
3717) 2249901130, 
3718) 2249964073, 
3719) 2250191448, 
3720) 2250233193, 
3721) 2250728912, 
3722) 2251450190, 
3723) 2251702982, 
3724) 2252599764, 
3725) 2253097501, 
3726) 2253212199, 
3727) 2253711101, 
3728) 2254904920, 
3729) 2256359479, 
3730) 2256483542, 
3731) 2256520362, 
3732) 2256931156, 
3733) 2257925244, 
3734) 2260292503, 
3735) 2260521604, 
3736) 2261491370, 
3737) 2261670713, 
3738) 2261725520, 
3739) 2262783068, 
3740) 2262953602, 
3741) 2263356474, 
3742) 2264013401, 
3743) 2264152885, 
3744) 2264609126, 
3745) 2264819424, 
3746) 2267764813, 
3747) 2268180872, 
3748) 2268189535, 
3749) 2268894423, 
3750) 2269674706, 
3751) 2270238058, 
3752) 2271392543, 
3753) 2271777605, 
3754) 2272818499, 
3755) 2272891303, 
3756) 2273280593, 
3757) 2273468869, 
3758) 2275014278, 
3759) 2276061278, 
3760) 2277461582, 
3761) 2278895011, 
3762) 2279079111, 
3763) 2279306321, 
3764) 2280792688, 
3765) 2280981519, 
3766) 2281150773, 
3767) 2281535396, 
3768) 2281803087, 
3769) 2282571250, 
3770) 2283453215, 
3771) 2283637793, 
3772) 2284052890, 
3773) 2284229246, 
3774) 2284427157, 
3775) 2286957918, 
3776) 2287434366, 
3777) 2287646629, 
3778) 2288879480, 
3779) 2289042940, 
3780) 2289696245, 
3781) 2291100472, 
3782) 2291384715, 
3783) 2291730744, 
3784) 2292314238, 
3785) 2292900204, 
3786) 2292979722, 
3787) 2293827701, 
3788) 2294193375, 
3789) 2294477261, 
3790) 2294670479, 
3791) 2294965365, 
3792) 2296034946, 
3793) 2296084254, 
3794) 2296153628, 
3795) 2296257995, 
3796) 2298441005, 
3797) 2299385867, 
3798) 2299902406, 
3799) 2302027919, 
3800) 2302116963, 
3801) 2302269831, 
3802) 2304074891, 
3803) 2305148646, 
3804) 2305310841, 
3805) 2306214584, 
3806) 2307405140, 
3807) 2307442644, 
3808) 2307455797, 
3809) 2307569102, 
3810) 2307650349, 
3811) 2307929187, 
3812) 2308585633, 
3813) 2308738627, 
3814) 2308994769, 
3815) 2310015011, 
3816) 2311519534, 
3817) 2311559791, 
3818) 2311951903, 
3819) 2313031828, 
3820) 2314069498, 
3821) 2314419009, 
3822) 2314680739, 
3823) 2315676807, 
3824) 2316344045, 
3825) 2316649756, 
3826) 2316694777, 
3827) 2317301789, 
3828) 2317981116, 
3829) 2318259728, 
3830) 2319362811, 
3831) 2320325586, 
3832) 2320706691, 
3833) 2320849892, 
3834) 2321269884, 
3835) 2322151407, 
3836) 2322545120, 
3837) 2323069716, 
3838) 2323348243, 
3839) 2323552731, 
3840) 2323948272, 
3841) 2324055154, 
3842) 2325014834, 
3843) 2325977000, 
3844) 2326983478, 
3845) 2328622762, 
3846) 2329322727, 
3847) 2330161242, 
3848) 2332616069, 
3849) 2333061193, 
3850) 2333182196, 
3851) 2335076101, 
3852) 2335217808, 
3853) 2335234094, 
3854) 2336028949, 
3855) 2337825405, 
3856) 2339141947, 
3857) 2340289218, 
3858) 2340653434, 
3859) 2341304813, 
3860) 2342327158, 
3861) 2342352044, 
3862) 2342739318, 
3863) 2343118064, 
3864) 2343757374, 
3865) 2344374030, 
3866) 2346803929, 
3867) 2346848991, 
3868) 2347498584, 
3869) 2347826159, 
3870) 2347969386, 
3871) 2350713242, 
3872) 2351538184, 
3873) 2351577906, 
3874) 2353277703, 
3875) 2353416208, 
3876) 2353953548, 
3877) 2355292748, 
3878) 2355372995, 
3879) 2355473448, 
3880) 2356003127, 
3881) 2357727554, 
3882) 2358417467, 
3883) 2358531476, 
3884) 2358891417, 
3885) 2360117632, 
3886) 2360545510, 
3887) 2361329886, 
3888) 2361692714, 
3889) 2362487505, 
3890) 2365410516, 
3891) 2365487787, 
3892) 2365829432, 
3893) 2366075555, 
3894) 2366333366, 
3895) 2368733957, 
3896) 2370546549, 
3897) 2370555328, 
3898) 2371538308, 
3899) 2371925357, 
3900) 2372211031, 
3901) 2372751314, 
3902) 2373230292, 
3903) 2374504667, 
3904) 2375570341, 
3905) 2375920985, 
3906) 2376016128, 
3907) 2376124817, 
3908) 2376440695, 
3909) 2377116199, 
3910) 2377985165, 
3911) 2378171380, 
3912) 2378326817, 
3913) 2379079522, 
3914) 2379799327, 
3915) 2379952761, 
3916) 2380121727, 
3917) 2380297352, 
3918) 2380389649, 
3919) 2380794336, 
3920) 2382028106, 
3921) 2383960700, 
3922) 2384007177, 
3923) 2385366443, 
3924) 2385705434, 
3925) 2386650513, 
3926) 2386978575, 
3927) 2387655292, 
3928) 2388095393, 
3929) 2388686243, 
3930) 2389376581, 
3931) 2390206724, 
3932) 2390793498, 
3933) 2391546075, 
3934) 2391598079, 
3935) 2392786431, 
3936) 2393968949, 
3937) 2394135182, 
3938) 2394794066, 
3939) 2395353573, 
3940) 2395504921, 
3941) 2396876020, 
3942) 2396887018, 
3943) 2397330870, 
3944) 2398231845, 
3945) 2399184421, 
3946) 2399286518, 
3947) 2400629499, 
3948) 2400767286, 
3949) 2401456871, 
3950) 2401512223, 
3951) 2402091720, 
3952) 2402711367, 
3953) 2402854597, 
3954) 2402929180, 
3955) 2403354951, 
3956) 2406466253, 
3957) 2407665781, 
3958) 2408542658, 
3959) 2408596259, 
3960) 2408599266, 
3961) 2408697594, 
3962) 2409130520, 
3963) 2409379859, 
3964) 2410096932, 
3965) 2410501043, 
3966) 2411326731, 
3967) 2411395508, 
3968) 2413468554, 
3969) 2415077728, 
3970) 2415722505, 
3971) 2415832133, 
3972) 2415981452, 
3973) 2417478115, 
3974) 2420144749, 
3975) 2420431297, 
3976) 2420693167, 
3977) 2420960728, 
3978) 2422315710, 
3979) 2423182209, 
3980) 2423533661, 
3981) 2424273217, 
3982) 2424920227, 
3983) 2425859677, 
3984) 2426231571, 
3985) 2427502738, 
3986) 2427624951, 
3987) 2427902254, 
3988) 2428032411, 
3989) 2428251996, 
3990) 2428506850, 
3991) 2428725621, 
3992) 2429258800, 
3993) 2429668793, 
3994) 2431260113, 
3995) 2431312217, 
3996) 2431510227, 
3997) 2431862238, 
3998) 2433624264, 
3999) 2435319408, 
4000) 2437697486, 
4001) 2438077766, 
4002) 2438193053, 
4003) 2438460198, 
4004) 2438673318, 
4005) 2439062742, 
4006) 2440025101, 
4007) 2441599425, 
4008) 2441645222, 
4009) 2442842340, 
4010) 2443421165, 
4011) 2444663087, 
4012) 2445116860, 
4013) 2445905843, 
4014) 2446692145, 
4015) 2446697546, 
4016) 2447488795, 
4017) 2447897596, 
4018) 2447937631, 
4019) 2449032452, 
4020) 2449441904, 
4021) 2449627236, 
4022) 2449875907, 
4023) 2450410643, 
4024) 2450958746, 
4025) 2451184887, 
4026) 2453044088, 
4027) 2453110300, 
4028) 2453200400, 
4029) 2453519551, 
4030) 2455191614, 
4031) 2455527328, 
4032) 2455777263, 
4033) 2458301915, 
4034) 2458608868, 
4035) 2458876842, 
4036) 2459190968, 
4037) 2459568309, 
4038) 2460088440, 
4039) 2460343184, 
4040) 2460583650, 
4041) 2461841651, 
4042) 2462001609, 
4043) 2462372028, 
4044) 2463019070, 
4045) 2463356120, 
4046) 2463661862, 
4047) 2464904574, 
4048) 2465481112, 
4049) 2465548670, 
4050) 2466787567, 
4051) 2467296261, 
4052) 2467646411, 
4053) 2467734344, 
4054) 2469609209, 
4055) 2469844043, 
4056) 2474091522, 
4057) 2474279341, 
4058) 2474381815, 
4059) 2474835395, 
4060) 2474848724, 
4061) 2475004459, 
4062) 2475453047, 
4063) 2477330939, 
4064) 2477597188, 
4065) 2478696798, 
4066) 2479301652, 
4067) 2480529997, 
4068) 2481770347, 
4069) 2482164056, 
4070) 2482378401, 
4071) 2482762270, 
4072) 2483331542, 
4073) 2483584764, 
4074) 2483727402, 
4075) 2483791812, 
4076) 2483981731, 
4077) 2484672383, 
4078) 2484696512, 
4079) 2485287757, 
4080) 2485320863, 
4081) 2486364190, 
4082) 2486580918, 
4083) 2488047779, 
4084) 2488240516, 
4085) 2488680818, 
4086) 2489270801, 
4087) 2489972365, 
4088) 2492383224, 
4089) 2494120062, 
4090) 2494370020, 
4091) 2494599645, 
4092) 2494604314, 
4093) 2495792679, 
4094) 2497230937, 
4095) 2497384992, 
4096) 2497722190, 
4097) 2497722316, 
4098) 2498742111, 
4099) 2498750552, 
4100) 2498864322, 
4101) 2499098453, 
4102) 2500222407, 
4103) 2500372527, 
4104) 2501321392, 
4105) 2503675826, 
4106) 2503955548, 
4107) 2505017175, 
4108) 2507227041, 
4109) 2507439774, 
4110) 2507697918, 
4111) 2507905349, 
4112) 2508218931, 
4113) 2508767954, 
4114) 2508992580, 
4115) 2509318698, 
4116) 2509385131, 
4117) 2509636478, 
4118) 2511334609, 
4119) 2513597112, 
4120) 2513762486, 
4121) 2514077902, 
4122) 2514541422, 
4123) 2515503347, 
4124) 2516415117, 
4125) 2519136571, 
4126) 2519391770, 
4127) 2520151080, 
4128) 2521112811, 
4129) 2522652289, 
4130) 2522936673, 
4131) 2523201014, 
4132) 2523538761, 
4133) 2524100690, 
4134) 2524217371, 
4135) 2524327338, 
4136) 2524794874, 
4137) 2525327452, 
4138) 2525494216, 
4139) 2525922244, 
4140) 2526476741, 
4141) 2526561878, 
4142) 2527118686, 
4143) 2528446833, 
4144) 2528631183, 
4145) 2528947434, 
4146) 2529023318, 
4147) 2529639740, 
4148) 2529769285, 
4149) 2530019643, 
4150) 2530207572, 
4151) 2530473163, 
4152) 2531455205, 
4153) 2532178280, 
4154) 2533535964, 
4155) 2533811850, 
4156) 2534626212, 
4157) 2535491965, 
4158) 2536414292, 
4159) 2537938541, 
4160) 2539197354, 
4161) 2539790964, 
4162) 2539867058, 
4163) 2539876477, 
4164) 2539973715, 
4165) 2540151240, 
4166) 2540224643, 
4167) 2540331325, 
4168) 2540407920, 
4169) 2540624193, 
4170) 2540897164, 
4171) 2542435973, 
4172) 2542870874, 
4173) 2543375231, 
4174) 2543794025, 
4175) 2544474828, 
4176) 2544759230, 
4177) 2546263075, 
4178) 2546273318, 
4179) 2547279339, 
4180) 2547321110, 
4181) 2548048398, 
4182) 2548459628, 
4183) 2548542611, 
4184) 2548809331, 
4185) 2548959338, 
4186) 2548991307, 
4187) 2549389999, 
4188) 2550597782, 
4189) 2550809620, 
4190) 2550829269, 
4191) 2550931043, 
4192) 2551427605, 
4193) 2552319624, 
4194) 2552388802, 
4195) 2552892669, 
4196) 2554384364, 
4197) 2554842014, 
4198) 2555350075, 
4199) 2556050949, 
4200) 2556113272, 
4201) 2556934223, 
4202) 2557232440, 
4203) 2557574120, 
4204) 2557962066, 
4205) 2558417075, 
4206) 2558490858, 
4207) 2558938931, 
4208) 2559476378, 
4209) 2560812523, 
4210) 2561106272, 
4211) 2561118055, 
4212) 2561316377, 
4213) 2561413090, 
4214) 2562656074, 
4215) 2563333856, 
4216) 2563537763, 
4217) 2564024420, 
4218) 2564373443, 
4219) 2564432238, 
4220) 2565201020, 
4221) 2567473595, 
4222) 2567594499, 
4223) 2567981557, 
4224) 2568315141, 
4225) 2568811771, 
4226) 2568907115, 
4227) 2569388190, 
4228) 2569871559, 
4229) 2570272168, 
4230) 2571976859, 
4231) 2572671378, 
4232) 2572730916, 
4233) 2573778937, 
4234) 2573888854, 
4235) 2573952970, 
4236) 2574163217, 
4237) 2574433841, 
4238) 2575615696, 
4239) 2575978930, 
4240) 2576973503, 
4241) 2577654235, 
4242) 2577739922, 
4243) 2578026023, 
4244) 2579514054, 
4245) 2580243762, 
4246) 2580696440, 
4247) 2580818078, 
4248) 2580958748, 
4249) 2581548106, 
4250) 2582135988, 
4251) 2582392247, 
4252) 2582876727, 
4253) 2582960847, 
4254) 2583819296, 
4255) 2585118125, 
4256) 2586466808, 
4257) 2586534817, 
4258) 2587151716, 
4259) 2587512163, 
4260) 2587871318, 
4261) 2588310175, 
4262) 2589596611, 
4263) 2589936441, 
4264) 2590224601, 
4265) 2590305213, 
4266) 2590873406, 
4267) 2592742514, 
4268) 2593743392, 
4269) 2594051017, 
4270) 2594818678, 
4271) 2595471219, 
4272) 2595691917, 
4273) 2596315547, 
4274) 2596484487, 
4275) 2597088307, 
4276) 2597192855, 
4277) 2597619963, 
4278) 2597734357, 
4279) 2597738645, 
4280) 2598635203, 
4281) 2598816418, 
4282) 2599155770, 
4283) 2599229808, 
4284) 2599670122, 
4285) 2600416178, 
4286) 2600476138, 
4287) 2600717610, 
4288) 2601261193, 
4289) 2601316164, 
4290) 2601835365, 
4291) 2602227048, 
4292) 2602556787, 
4293) 2603313049, 
4294) 2603386538, 
4295) 2604427292, 
4296) 2604689774, 
4297) 2605192696, 
4298) 2605590705, 
4299) 2605937375, 
4300) 2608079050, 
4301) 2608508636, 
4302) 2610420333, 
4303) 2610734778, 
4304) 2610794427, 
4305) 2611471477, 
4306) 2611723638, 
4307) 2612691023, 
4308) 2613391573, 
4309) 2613687663, 
4310) 2614055625, 
4311) 2614186265, 
4312) 2614447748, 
4313) 2614628327, 
4314) 2614901417, 
4315) 2615581618, 
4316) 2615785756, 
4317) 2616485869, 
4318) 2616930492, 
4319) 2616956952, 
4320) 2617326000, 
4321) 2617718544, 
4322) 2618092442, 
4323) 2621050061, 
4324) 2621223854, 
4325) 2621741124, 
4326) 2623305820, 
4327) 2624658187, 
4328) 2625281731, 
4329) 2625758811, 
4330) 2625858744, 
4331) 2626397369, 
4332) 2627748819, 
4333) 2627807709, 
4334) 2628299240, 
4335) 2628501881, 
4336) 2629068001, 
4337) 2629081000, 
4338) 2629309502, 
4339) 2630343387, 
4340) 2630574062, 
4341) 2630738144, 
4342) 2630914326, 
4343) 2630934133, 
4344) 2631203508, 
4345) 2632610977, 
4346) 2633558068, 
4347) 2633787247, 
4348) 2633898331, 
4349) 2633999006, 
4350) 2634160404, 
4351) 2634667378, 
4352) 2637405684, 
4353) 2637815194, 
4354) 2638131855, 
4355) 2638578924, 
4356) 2639456366, 
4357) 2640365299, 
4358) 2641073704, 
4359) 2641198114, 
4360) 2641610303, 
4361) 2642602523, 
4362) 2642918173, 
4363) 2644933417, 
4364) 2645240752, 
4365) 2645365659, 
4366) 2645799244, 
4367) 2645800387, 
4368) 2647385185, 
4369) 2648680274, 
4370) 2649900472, 
4371) 2650814472, 
4372) 2651886086, 
4373) 2652494754, 
4374) 2654506252, 
4375) 2654826345, 
4376) 2655664664, 
4377) 2655826552, 
4378) 2656177569, 
4379) 2656222184, 
4380) 2657256180, 
4381) 2657768780, 
4382) 2658285501, 
4383) 2658478208, 
4384) 2658543661, 
4385) 2659094735, 
4386) 2659150244, 
4387) 2659307593, 
4388) 2660306103, 
4389) 2660650930, 
4390) 2662115932, 
4391) 2662251971, 
4392) 2663140411, 
4393) 2663378632, 
4394) 2663668708, 
4395) 2663842451, 
4396) 2663846928, 
4397) 2664121886, 
4398) 2665066694, 
4399) 2665780544, 
4400) 2666559052, 
4401) 2666874467, 
4402) 2667735674, 
4403) 2668551235, 
4404) 2668595250, 
4405) 2669992513, 
4406) 2670381016, 
4407) 2670396895, 
4408) 2670400907, 
4409) 2671027536, 
4410) 2671324037, 
4411) 2672188202, 
4412) 2672809833, 
4413) 2673684248, 
4414) 2673955380, 
4415) 2674645297, 
4416) 2675470325, 
4417) 2675519213, 
4418) 2675520023, 
4419) 2675635668, 
4420) 2675692883, 
4421) 2675794113, 
4422) 2675903071, 
4423) 2678432539, 
4424) 2678947240, 
4425) 2679009467, 
4426) 2679384903, 
4427) 2679618531, 
4428) 2680586616, 
4429) 2683311917, 
4430) 2685898181, 
4431) 2686929538, 
4432) 2687425940, 
4433) 2687579118, 
4434) 2689229926, 
4435) 2689367500, 
4436) 2691128070, 
4437) 2691478226, 
4438) 2691578273, 
4439) 2691691466, 
4440) 2693046901, 
4441) 2693565535, 
4442) 2693595426, 
4443) 2693805203, 
4444) 2693861280, 
4445) 2694129566, 
4446) 2695240159, 
4447) 2696110443, 
4448) 2696654542, 
4449) 2696766034, 
4450) 2697466552, 
4451) 2698809123, 
4452) 2698898929, 
4453) 2699242085, 
4454) 2699701584, 
4455) 2701620616, 
4456) 2701795645, 
4457) 2701878166, 
4458) 2702517881, 
4459) 2702585594, 
4460) 2703464513, 
4461) 2704000801, 
4462) 2704622562, 
4463) 2704910170, 
4464) 2705640991, 
4465) 2705833445, 
4466) 2706557666, 
4467) 2706862596, 
4468) 2707132055, 
4469) 2709055284, 
4470) 2709871075, 
4471) 2709961469, 
4472) 2710105845, 
4473) 2710120472, 
4474) 2710408287, 
4475) 2710484642, 
4476) 2710956298, 
4477) 2711285562, 
4478) 2713514990, 
4479) 2713639124, 
4480) 2713922912, 
4481) 2714279178, 
4482) 2714387142, 
4483) 2714792048, 
4484) 2715338392, 
4485) 2715638112, 
4486) 2715874440, 
4487) 2717683988, 
4488) 2717848573, 
4489) 2718180238, 
4490) 2718191237, 
4491) 2719042202, 
4492) 2719294483, 
4493) 2719532717, 
4494) 2719656691, 
4495) 2719932476, 
4496) 2720598041, 
4497) 2721431544, 
4498) 2721774268, 
4499) 2724328062, 
4500) 2724476014, 
4501) 2724737545, 
4502) 2725203325, 
4503) 2725589258, 
4504) 2727197186, 
4505) 2727846370, 
4506) 2728340892, 
4507) 2728637657, 
4508) 2729633783, 
4509) 2730334412, 
4510) 2731046788, 
4511) 2731568336, 
4512) 2732648507, 
4513) 2732667474, 
4514) 2733144994, 
4515) 2733146030, 
4516) 2734288411, 
4517) 2735425161, 
4518) 2735706958, 
4519) 2736064282, 
4520) 2736357694, 
4521) 2736767521, 
4522) 2737544602, 
4523) 2738019306, 
4524) 2738282712, 
4525) 2738553954, 
4526) 2738703076, 
4527) 2738711387, 
4528) 2738900933, 
4529) 2739000170, 
4530) 2741124238, 
4531) 2741273251, 
4532) 2741454923, 
4533) 2741573984, 
4534) 2741837512, 
4535) 2742211581, 
4536) 2742345294, 
4537) 2742420628, 
4538) 2744665489, 
4539) 2745058118, 
4540) 2746974296, 
4541) 2746999283, 
4542) 2747173992, 
4543) 2747518691, 
4544) 2748185084, 
4545) 2748336244, 
4546) 2748432724, 
4547) 2748954025, 
4548) 2749696415, 
4549) 2749704597, 
4550) 2749734821, 
4551) 2750460233, 
4552) 2750619723, 
4553) 2751003549, 
4554) 2751117731, 
4555) 2752286939, 
4556) 2752422338, 
4557) 2753005395, 
4558) 2753078637, 
4559) 2756694400, 
4560) 2757202370, 
4561) 2757257264, 
4562) 2757628404, 
4563) 2758382712, 
4564) 2759408051, 
4565) 2759453204, 
4566) 2759671894, 
4567) 2759978275, 
4568) 2759981012, 
4569) 2760478460, 
4570) 2760914197, 
4571) 2761104398, 
4572) 2762099525, 
4573) 2763141591, 
4574) 2763280781, 
4575) 2763719231, 
4576) 2764043754, 
4577) 2764509778, 
4578) 2765421563, 
4579) 2765500251, 
4580) 2766138135, 
4581) 2767279642, 
4582) 2768639422, 
4583) 2768706919, 
4584) 2769491267, 
4585) 2769501673, 
4586) 2770240940, 
4587) 2770870601, 
4588) 2771718303, 
4589) 2772537496, 
4590) 2772714193, 
4591) 2772814820, 
4592) 2772853453, 
4593) 2774214474, 
4594) 2774583490, 
4595) 2774872571, 
4596) 2774874357, 
4597) 2775333285, 
4598) 2776037619, 
4599) 2776413992, 
4600) 2776954121, 
4601) 2777445489, 
4602) 2778279136, 
4603) 2778956372, 
4604) 2779166678, 
4605) 2779686877, 
4606) 2780199372, 
4607) 2781011300, 
4608) 2781569620, 
4609) 2782277146, 
4610) 2783273507, 
4611) 2783509134, 
4612) 2784206197, 
4613) 2784349507, 
4614) 2785273602, 
4615) 2785463482, 
4616) 2785686708, 
4617) 2789301281, 
4618) 2789498046, 
4619) 2789773784, 
4620) 2789839449, 
4621) 2790340369, 
4622) 2792750197, 
4623) 2792908475, 
4624) 2794419734, 
4625) 2796794445, 
4626) 2796900193, 
4627) 2797226287, 
4628) 2799526283, 
4629) 2799771377, 
4630) 2800165158, 
4631) 2800351720, 
4632) 2801342329, 
4633) 2803179869, 
4634) 2803296406, 
4635) 2803922233, 
4636) 2804292363, 
4637) 2804988497, 
4638) 2805622198, 
4639) 2806057132, 
4640) 2806098080, 
4641) 2806446922, 
4642) 2806739271, 
4643) 2806887327, 
4644) 2807762086, 
4645) 2807980253, 
4646) 2808276770, 
4647) 2809345846, 
4648) 2813135956, 
4649) 2813768188, 
4650) 2814450590, 
4651) 2814655792, 
4652) 2815391223, 
4653) 2815444799, 
4654) 2815556558, 
4655) 2815683439, 
4656) 2816003935, 
4657) 2816085152, 
4658) 2816616674, 
4659) 2816886960, 
4660) 2818443347, 
4661) 2818502011, 
4662) 2818807558, 
4663) 2819507428, 
4664) 2819553471, 
4665) 2819611534, 
4666) 2820276609, 
4667) 2820848718, 
4668) 2821315051, 
4669) 2822225220, 
4670) 2822421244, 
4671) 2822469479, 
4672) 2823275186, 
4673) 2823882357, 
4674) 2824735749, 
4675) 2825160502, 
4676) 2825247922, 
4677) 2825841245, 
4678) 2825985534, 
4679) 2826214657, 
4680) 2826582530, 
4681) 2826766117, 
4682) 2826983311, 
4683) 2827280131, 
4684) 2827487305, 
4685) 2828162589, 
4686) 2828265116, 
4687) 2828668672, 
4688) 2829386917, 
4689) 2830138770, 
4690) 2830989110, 
4691) 2831182986, 
4692) 2832840736, 
4693) 2833063057, 
4694) 2833098882, 
4695) 2833196947, 
4696) 2833215313, 
4697) 2833343702, 
4698) 2833556810, 
4699) 2833680944, 
4700) 2833724975, 
4701) 2833758075, 
4702) 2834021554, 
4703) 2834086531, 
4704) 2834529912, 
4705) 2834531150, 
4706) 2835099265, 
4707) 2836836489, 
4708) 2837718216, 
4709) 2839680302, 
4710) 2839976596, 
4711) 2840106009, 
4712) 2840366698, 
4713) 2840489099, 
4714) 2840916987, 
4715) 2841042432, 
4716) 2841068149, 
4717) 2843555843, 
4718) 2843635630, 
4719) 2844498254, 
4720) 2844966199, 
4721) 2845454449, 
4722) 2845479148, 
4723) 2846203795, 
4724) 2846520317, 
4725) 2846829506, 
4726) 2846877799, 
4727) 2847135379, 
4728) 2847179600, 
4729) 2847768587, 
4730) 2847970545, 
4731) 2850671392, 
4732) 2851863666, 
4733) 2852591357, 
4734) 2852655813, 
4735) 2852996472, 
4736) 2853764604, 
4737) 2853844280, 
4738) 2854211032, 
4739) 2854919993, 
4740) 2855049008, 
4741) 2856186195, 
4742) 2857955250, 
4743) 2858188113, 
4744) 2859372105, 
4745) 2859942410, 
4746) 2860106770, 
4747) 2860936030, 
4748) 2861845685, 
4749) 2863467494, 
4750) 2864180929, 
4751) 2864292850, 
4752) 2864559186, 
4753) 2864707870, 
4754) 2864805853, 
4755) 2865509375, 
4756) 2865623854, 
4757) 2866015719, 
4758) 2866537234, 
4759) 2866680245, 
4760) 2869468521, 
4761) 2869819103, 
4762) 2869847691, 
4763) 2869901859, 
4764) 2870468521, 
4765) 2870618534, 
4766) 2870897304, 
4767) 2872550885, 
4768) 2872563715, 
4769) 2872762001, 
4770) 2873806720, 
4771) 2873857519, 
4772) 2873958303, 
4773) 2874256972, 
4774) 2875751435, 
4775) 2876168526, 
4776) 2877379300, 
4777) 2878921880, 
4778) 2879499755, 
4779) 2880066653, 
4780) 2880991680, 
4781) 2881119274, 
4782) 2881319632, 
4783) 2881889051, 
4784) 2882141180, 
4785) 2882460585, 
4786) 2882577758, 
4787) 2882947326, 
4788) 2883546908, 
4789) 2883816625, 
4790) 2884511973, 
4791) 2886135033, 
4792) 2886892621, 
4793) 2887561391, 
4794) 2887690987, 
4795) 2887741484, 
4796) 2889337256, 
4797) 2889684535, 
4798) 2890029859, 
4799) 2890237625, 
4800) 2890524626, 
4801) 2891808592, 
4802) 2893773247, 
4803) 2896753280, 
4804) 2897033726, 
4805) 2897449692, 
4806) 2899805324, 
4807) 2899955891, 
4808) 2900203321, 
4809) 2900238100, 
4810) 2900251155, 
4811) 2901194397, 
4812) 2901655912, 
4813) 2901713748, 
4814) 2901909844, 
4815) 2902651920, 
4816) 2902673478, 
4817) 2902912175, 
4818) 2904317074, 
4819) 2904715053, 
4820) 2904896441, 
4821) 2905481948, 
4822) 2905889954, 
4823) 2906597114, 
4824) 2906683833, 
4825) 2907135198, 
4826) 2907632947, 
4827) 2907915218, 
4828) 2908491722, 
4829) 2908720994, 
4830) 2908845810, 
4831) 2908944736, 
4832) 2910019875, 
4833) 2910169256, 
4834) 2910381597, 
4835) 2912440107, 
4836) 2912666459, 
4837) 2913554315, 
4838) 2914666926, 
4839) 2914784819, 
4840) 2915899877, 
4841) 2915922756, 
4842) 2917152846, 
4843) 2918245917, 
4844) 2919606277, 
4845) 2919733453, 
4846) 2919757765, 
4847) 2921408593, 
4848) 2921686923, 
4849) 2922583124, 
4850) 2922698539, 
4851) 2923225191, 
4852) 2924723752, 
4853) 2924818514, 
4854) 2926500279, 
4855) 2926754500, 
4856) 2926969179, 
4857) 2927039800, 
4858) 2927942793, 
4859) 2928165949, 
4860) 2929262263, 
4861) 2929308667, 
4862) 2930115288, 
4863) 2930289741, 
4864) 2930297374, 
4865) 2931444085, 
4866) 2931908656, 
4867) 2933004004, 
4868) 2933781709, 
4869) 2935101829, 
4870) 2935747691, 
4871) 2935765945, 
4872) 2935943799, 
4873) 2936558977, 
4874) 2936678389, 
4875) 2937635262, 
4876) 2938281985, 
4877) 2938493516, 
4878) 2938747199, 
4879) 2938824266, 
4880) 2939412516, 
4881) 2940011420, 
4882) 2940118424, 
4883) 2940219644, 
4884) 2940310316, 
4885) 2940882931, 
4886) 2941150267, 
4887) 2941247369, 
4888) 2941373973, 
4889) 2941475700, 
4890) 2941810054, 
4891) 2942389270, 
4892) 2942492360, 
4893) 2943084509, 
4894) 2943189437, 
4895) 2944318411, 
4896) 2944592172, 
4897) 2945063806, 
4898) 2945106071, 
4899) 2946002452, 
4900) 2946370029, 
4901) 2946651536, 
4902) 2947383190, 
4903) 2947775452, 
4904) 2948024333, 
4905) 2949082548, 
4906) 2949143488, 
4907) 2950762517, 
4908) 2951496695, 
4909) 2951563966, 
4910) 2952197899, 
4911) 2952324381, 
4912) 2953281600, 
4913) 2954076120, 
4914) 2955040462, 
4915) 2955187153, 
4916) 2955955408, 
4917) 2956263911, 
4918) 2961122403, 
4919) 2961598930, 
4920) 2961637455, 
4921) 2962037189, 
4922) 2962317709, 
4923) 2962897675, 
4924) 2963823249, 
4925) 2964069294, 
4926) 2964286134, 
4927) 2964427535, 
4928) 2964585988, 
4929) 2964677347, 
4930) 2964766006, 
4931) 2966383287, 
4932) 2966505744, 
4933) 2966553626, 
4934) 2966621247, 
4935) 2966775313, 
4936) 2967074586, 
4937) 2968479475, 
4938) 2968486849, 
4939) 2968541641, 
4940) 2970102564, 
4941) 2970146170, 
4942) 2972352951, 
4943) 2972401176, 
4944) 2972624743, 
4945) 2972921856, 
4946) 2973705016, 
4947) 2974155894, 
4948) 2974525903, 
4949) 2976001408, 
4950) 2976236320, 
4951) 2976424403, 
4952) 2976575127, 
4953) 2977226018, 
4954) 2977607779, 
4955) 2977741270, 
4956) 2977778245, 
4957) 2977915320, 
4958) 2977938589, 
4959) 2979315370, 
4960) 2980181239, 
4961) 2980749545, 
4962) 2981757942, 
4963) 2981872587, 
4964) 2981940770, 
4965) 2982276719, 
4966) 2982430347, 
4967) 2982790716, 
4968) 2983791083, 
4969) 2983870576, 
4970) 2984965994, 
4971) 2985130713, 
4972) 2985471708, 
4973) 2987135112, 
4974) 2987603894, 
4975) 2988451430, 
4976) 2989088090, 
4977) 2989145648, 
4978) 2989801617, 
4979) 2990311404, 
4980) 2990370826, 
4981) 2990474057, 
4982) 2990621248, 
4983) 2991136238, 
4984) 2991316874, 
4985) 2992739780, 
4986) 2992843773, 
4987) 2993093337, 
4988) 2994445628, 
4989) 2995038526, 
4990) 2995659889, 
4991) 2997180243, 
4992) 2997946763, 
4993) 2998064711, 
4994) 2998211438, 
4995) 2998236397, 
4996) 2998631719, 
4997) 2999365553, 
4998) 2999629150, 
4999) 2999935102, 
