Number of elements is 500
Type of array is rendomized
Sorting algorithm - select
Running time of sorting algorithm is 346ms
0) 2169954, 
1) 8357395, 
2) 14922410, 
3) 15393178, 
4) 15918303, 
5) 26249242, 
6) 30402076, 
7) 37235944, 
8) 52338010, 
9) 56594776, 
10) 59567018, 
11) 69320079, 
12) 69467960, 
13) 71567975, 
14) 76250895, 
15) 80052827, 
16) 81641001, 
17) 95451423, 
18) 98180625, 
19) 100042948, 
20) 103783699, 
21) 105012559, 
22) 108929698, 
23) 111074109, 
24) 111187312, 
25) 128793350, 
26) 135005433, 
27) 135360966, 
28) 141386637, 
29) 147039587, 
30) 162990701, 
31) 164197646, 
32) 164234945, 
33) 167956607, 
34) 168249704, 
35) 171869069, 
36) 176707964, 
37) 176972614, 
38) 177477466, 
39) 180421246, 
40) 180747762, 
41) 197083999, 
42) 206800962, 
43) 209791710, 
44) 210700165, 
45) 213659805, 
46) 214580410, 
47) 222001058, 
48) 228661305, 
49) 229244752, 
50) 236798293, 
51) 251022617, 
52) 254063580, 
53) 260015306, 
54) 269311314, 
55) 279568598, 
56) 289832328, 
57) 296546177, 
58) 298874683, 
59) 305226034, 
60) 312718767, 
61) 314957496, 
62) 317847356, 
63) 318002011, 
64) 319622875, 
65) 324096346, 
66) 325377587, 
67) 329350545, 
68) 350457999, 
69) 356904267, 
70) 360875613, 
71) 361559797, 
72) 365866453, 
73) 372927328, 
74) 374021797, 
75) 381554396, 
76) 383512385, 
77) 385274269, 
78) 391434350, 
79) 391622528, 
80) 395751821, 
81) 400581178, 
82) 402412915, 
83) 403400406, 
84) 412661727, 
85) 416766504, 
86) 418385562, 
87) 419251999, 
88) 419717920, 
89) 419867703, 
90) 422539205, 
91) 422734627, 
92) 439704296, 
93) 440491697, 
94) 448358749, 
95) 452436176, 
96) 472088627, 
97) 478644749, 
98) 479520716, 
99) 504338045, 
100) 510866305, 
101) 518513482, 
102) 528476940, 
103) 541732391, 
104) 550191961, 
105) 555771833, 
106) 574717571, 
107) 575583202, 
108) 583387284, 
109) 585573641, 
110) 592792508, 
111) 595397775, 
112) 598757819, 
113) 599292054, 
114) 603501227, 
115) 604943321, 
116) 604980883, 
117) 607534069, 
118) 621296220, 
119) 621654309, 
120) 630985541, 
121) 641472493, 
122) 642816574, 
123) 670154645, 
124) 671910928, 
125) 683897071, 
126) 687839656, 
127) 688499056, 
128) 690404508, 
129) 712364683, 
130) 713494956, 
131) 723126529, 
132) 729662891, 
133) 730995192, 
134) 740671468, 
135) 745036987, 
136) 745930654, 
137) 748919485, 
138) 748938026, 
139) 757124534, 
140) 759657169, 
141) 776028246, 
142) 776790016, 
143) 790322425, 
144) 793994586, 
145) 817395048, 
146) 817439395, 
147) 818110986, 
148) 822351852, 
149) 822788852, 
150) 827375830, 
151) 830519320, 
152) 840068798, 
153) 844456092, 
154) 844769024, 
155) 850670964, 
156) 857590367, 
157) 858179576, 
158) 860183497, 
159) 868414062, 
160) 876525370, 
161) 880626173, 
162) 884692290, 
163) 895397971, 
164) 902123264, 
165) 915431363, 
166) 920434930, 
167) 921318088, 
168) 921558530, 
169) 927359677, 
170) 946610256, 
171) 947591956, 
172) 973690065, 
173) 986054470, 
174) 989384824, 
175) 990240934, 
176) 993652159, 
177) 998689599, 
178) 1010324242, 
179) 1023765859, 
180) 1028557386, 
181) 1037949573, 
182) 1043372704, 
183) 1052491659, 
184) 1053412994, 
185) 1053463859, 
186) 1056187482, 
187) 1056828868, 
188) 1057538590, 
189) 1061727421, 
190) 1063532746, 
191) 1067337339, 
192) 1072102965, 
193) 1077026786, 
194) 1080452247, 
195) 1092447840, 
196) 1095228980, 
197) 1100899692, 
198) 1118969248, 
199) 1126794635, 
200) 1136179507, 
201) 1137019986, 
202) 1140918108, 
203) 1143223859, 
204) 1147857347, 
205) 1149503249, 
206) 1150073900, 
207) 1173442684, 
208) 1173942864, 
209) 1174851319, 
210) 1177499709, 
211) 1189008628, 
212) 1189071264, 
213) 1191321340, 
214) 1203270365, 
215) 1205536888, 
216) 1217798157, 
217) 1219378780, 
218) 1220400261, 
219) 1222817837, 
220) 1232613322, 
221) 1246627433, 
222) 1247404411, 
223) 1256843520, 
224) 1259222614, 
225) 1260289252, 
226) 1262245618, 
227) 1265449357, 
228) 1268926782, 
229) 1270345795, 
230) 1270467761, 
231) 1294516560, 
232) 1301209834, 
233) 1326608328, 
234) 1335189926, 
235) 1336330693, 
236) 1339905380, 
237) 1342327688, 
238) 1344020405, 
239) 1362533109, 
240) 1364127438, 
241) 1371286854, 
242) 1375186846, 
243) 1379636314, 
244) 1386268641, 
245) 1396651266, 
246) 1405226888, 
247) 1405447695, 
248) 1410642769, 
249) 1421606089, 
250) 1429331218, 
251) 1440629097, 
252) 1450086460, 
253) 1468925356, 
254) 1470488748, 
255) 1470780571, 
256) 1475340203, 
257) 1481316936, 
258) 1487177859, 
259) 1492737113, 
260) 1493018926, 
261) 1493506510, 
262) 1493918266, 
263) 1496507863, 
264) 1500898236, 
265) 1518306246, 
266) 1518526816, 
267) 1533543424, 
268) 1536652955, 
269) 1552277808, 
270) 1623432443, 
271) 1625627560, 
272) 1672407571, 
273) 1679848912, 
274) 1680722292, 
275) 1682558236, 
276) 1684537301, 
277) 1693098629, 
278) 1701971314, 
279) 1712839607, 
280) 1719438728, 
281) 1720391059, 
282) 1722694859, 
283) 1728555756, 
284) 1731883096, 
285) 1736623005, 
286) 1761874351, 
287) 1768071376, 
288) 1768156339, 
289) 1772461019, 
290) 1787246224, 
291) 1788398945, 
292) 1798799401, 
293) 1800341669, 
294) 1805436718, 
295) 1807269258, 
296) 1808800140, 
297) 1815719807, 
298) 1817301652, 
299) 1818467285, 
300) 1821831945, 
301) 1822069949, 
302) 1838622658, 
303) 1849373865, 
304) 1851885260, 
305) 1859841816, 
306) 1860343215, 
307) 1861345781, 
308) 1868486123, 
309) 1872402797, 
310) 1874155333, 
311) 1877486845, 
312) 1894960891, 
313) 1895484410, 
314) 1898797986, 
315) 1907224007, 
316) 1908372653, 
317) 1915576239, 
318) 1927344796, 
319) 1935279286, 
320) 1937039793, 
321) 1959563340, 
322) 1961874203, 
323) 1965748356, 
324) 1986636233, 
325) 1991241820, 
326) 1992762329, 
327) 1993067824, 
328) 2000920183, 
329) 2004144255, 
330) 2006379470, 
331) 2010526919, 
332) 2015196694, 
333) 2018589236, 
334) 2020398080, 
335) 2028194762, 
336) 2039807994, 
337) 2040497952, 
338) 2043479933, 
339) 2043999458, 
340) 2060848289, 
341) 2064955276, 
342) 2079155728, 
343) 2083865533, 
344) 2094456890, 
345) 2095995205, 
346) 2099037843, 
347) 2100587940, 
348) 2107948242, 
349) 2113109258, 
350) 2113731978, 
351) 2115452530, 
352) 2116955446, 
353) 2138188774, 
354) 2138371692, 
355) 2142101302, 
356) 2147740324, 
357) 2155028885, 
358) 2170264501, 
359) 2189098937, 
360) 2190484703, 
361) 2191008269, 
362) 2195217558, 
363) 2198192845, 
364) 2199536629, 
365) 2211533535, 
366) 2218545866, 
367) 2225183911, 
368) 2228444140, 
369) 2234321345, 
370) 2237775586, 
371) 2250475750, 
372) 2255999579, 
373) 2259034182, 
374) 2261905294, 
375) 2263935806, 
376) 2274866649, 
377) 2287535345, 
378) 2292388372, 
379) 2300110358, 
380) 2300220628, 
381) 2303282959, 
382) 2313784819, 
383) 2326601703, 
384) 2330283116, 
385) 2330316096, 
386) 2343250442, 
387) 2354827989, 
388) 2355453940, 
389) 2367590417, 
390) 2367904668, 
391) 2368457134, 
392) 2370363239, 
393) 2377858144, 
394) 2380231006, 
395) 2381353601, 
396) 2383352423, 
397) 2392399643, 
398) 2398595565, 
399) 2404158107, 
400) 2423315830, 
401) 2438334752, 
402) 2440114696, 
403) 2440616187, 
404) 2445389376, 
405) 2452000297, 
406) 2453389758, 
407) 2455243433, 
408) 2459522527, 
409) 2463300540, 
410) 2471522018, 
411) 2472668540, 
412) 2476765123, 
413) 2483279153, 
414) 2487529011, 
415) 2488324178, 
416) 2497853897, 
417) 2498806989, 
418) 2499701747, 
419) 2515162894, 
420) 2518848518, 
421) 2519299598, 
422) 2539521041, 
423) 2540306445, 
424) 2544943137, 
425) 2545112319, 
426) 2552389524, 
427) 2558391734, 
428) 2569114503, 
429) 2591557377, 
430) 2594635305, 
431) 2595183002, 
432) 2596691150, 
433) 2612487581, 
434) 2620096501, 
435) 2623410183, 
436) 2639647045, 
437) 2642955509, 
438) 2659366408, 
439) 2663879826, 
440) 2668948692, 
441) 2669326335, 
442) 2688674390, 
443) 2696294927, 
444) 2713242639, 
445) 2726959833, 
446) 2738438909, 
447) 2747738513, 
448) 2748582771, 
449) 2756619892, 
450) 2761472014, 
451) 2765021627, 
452) 2769572632, 
453) 2771021477, 
454) 2772939431, 
455) 2773351703, 
456) 2784403992, 
457) 2793937721, 
458) 2794533312, 
459) 2795627402, 
460) 2797324897, 
461) 2799415947, 
462) 2804666840, 
463) 2807689191, 
464) 2812905515, 
465) 2817691809, 
466) 2821528815, 
467) 2831077936, 
468) 2833871327, 
469) 2837248729, 
470) 2841599629, 
471) 2844516583, 
472) 2845698421, 
473) 2847698287, 
474) 2863253867, 
475) 2882774998, 
476) 2889625297, 
477) 2890300336, 
478) 2890959039, 
479) 2892429954, 
480) 2895081754, 
481) 2900892744, 
482) 2910346103, 
483) 2911056792, 
484) 2912804183, 
485) 2914587886, 
486) 2919108345, 
487) 2937308980, 
488) 2938300277, 
489) 2946054129, 
490) 2951401891, 
491) 2953515506, 
492) 2958971994, 
493) 2959337133, 
494) 2962245498, 
495) 2966489715, 
496) 2971494157, 
497) 2979924693, 
498) 2982046955, 
499) 2990700641, 
