Number of elements is 1000
Type of array is rendomized
Sorting algorithm - select
Running time of sorting algorithm is 1351ms
0) 3317776, 
1) 12572315, 
2) 14899045, 
3) 16652502, 
4) 20476455, 
5) 21179154, 
6) 22745536, 
7) 31574973, 
8) 36124383, 
9) 40899313, 
10) 41414494, 
11) 42044308, 
12) 44168528, 
13) 53112395, 
14) 55133713, 
15) 62031397, 
16) 65957516, 
17) 66200482, 
18) 67019788, 
19) 70740482, 
20) 71784710, 
21) 75201065, 
22) 75959756, 
23) 76464731, 
24) 84341296, 
25) 86837113, 
26) 90383327, 
27) 95799606, 
28) 96186244, 
29) 101738290, 
30) 103794154, 
31) 111268964, 
32) 111463540, 
33) 122293246, 
34) 124155806, 
35) 124951250, 
36) 126866415, 
37) 132759916, 
38) 139972832, 
39) 140839634, 
40) 143249317, 
41) 143475690, 
42) 144850737, 
43) 147163700, 
44) 158322498, 
45) 162165404, 
46) 163557977, 
47) 167630870, 
48) 172499877, 
49) 173972712, 
50) 174374792, 
51) 174544589, 
52) 175741640, 
53) 176680233, 
54) 177275616, 
55) 180141685, 
56) 181069202, 
57) 183907652, 
58) 185655078, 
59) 187046944, 
60) 189155389, 
61) 191672933, 
62) 197659027, 
63) 201736617, 
64) 208183205, 
65) 214423304, 
66) 215791257, 
67) 217928644, 
68) 218635692, 
69) 219490355, 
70) 223051936, 
71) 227407326, 
72) 228611556, 
73) 228616829, 
74) 233179302, 
75) 236217994, 
76) 248655726, 
77) 250160044, 
78) 254264924, 
79) 255274825, 
80) 257931979, 
81) 258112068, 
82) 260062270, 
83) 263378495, 
84) 265294345, 
85) 267205231, 
86) 269063069, 
87) 272834222, 
88) 279980132, 
89) 290252889, 
90) 290964753, 
91) 293137171, 
92) 293449025, 
93) 294416815, 
94) 297392900, 
95) 301819312, 
96) 306042934, 
97) 307069465, 
98) 312972059, 
99) 313256403, 
100) 315243128, 
101) 316834840, 
102) 320755167, 
103) 321230945, 
104) 322703485, 
105) 323830640, 
106) 326389393, 
107) 326593915, 
108) 334418396, 
109) 337377519, 
110) 338877915, 
111) 341636213, 
112) 342988142, 
113) 347218211, 
114) 348519978, 
115) 348555218, 
116) 348642435, 
117) 348740311, 
118) 349222864, 
119) 350704150, 
120) 352785229, 
121) 355640463, 
122) 356087714, 
123) 358975917, 
124) 360248376, 
125) 365414435, 
126) 367833634, 
127) 369485056, 
128) 374256604, 
129) 374551942, 
130) 377454058, 
131) 377534809, 
132) 380103386, 
133) 384477939, 
134) 388816596, 
135) 389531638, 
136) 390698140, 
137) 397072641, 
138) 397189875, 
139) 397979838, 
140) 403641534, 
141) 407282899, 
142) 414881188, 
143) 414961129, 
144) 424938790, 
145) 427125939, 
146) 428747578, 
147) 431891227, 
148) 439483269, 
149) 442163913, 
150) 457684301, 
151) 459755601, 
152) 466508820, 
153) 468421458, 
154) 468598502, 
155) 469275861, 
156) 478337974, 
157) 482470748, 
158) 484155813, 
159) 485047722, 
160) 487689214, 
161) 495690241, 
162) 505696223, 
163) 510044858, 
164) 514947946, 
165) 526476592, 
166) 527295341, 
167) 530644144, 
168) 533638916, 
169) 537813188, 
170) 538441515, 
171) 540658552, 
172) 540719167, 
173) 541991980, 
174) 548096555, 
175) 555027042, 
176) 556747807, 
177) 562015843, 
178) 565490029, 
179) 565879701, 
180) 571608203, 
181) 572316201, 
182) 579298247, 
183) 579614295, 
184) 580643746, 
185) 582852553, 
186) 583838835, 
187) 585690934, 
188) 585807341, 
189) 586529921, 
190) 586823023, 
191) 587168838, 
192) 589055614, 
193) 594259574, 
194) 597101287, 
195) 601731037, 
196) 604232399, 
197) 607238714, 
198) 607777033, 
199) 611097188, 
200) 613657911, 
201) 618776228, 
202) 618968775, 
203) 620774421, 
204) 624362499, 
205) 625623755, 
206) 627521679, 
207) 630496735, 
208) 634370191, 
209) 636932274, 
210) 642883024, 
211) 647237485, 
212) 648700925, 
213) 656500376, 
214) 658292631, 
215) 658716446, 
216) 659313427, 
217) 659669744, 
218) 659796659, 
219) 664488426, 
220) 668710355, 
221) 668909304, 
222) 671406931, 
223) 674172865, 
224) 674210413, 
225) 675114081, 
226) 675449412, 
227) 677133453, 
228) 682007662, 
229) 686953352, 
230) 687192518, 
231) 687824352, 
232) 692801221, 
233) 693615030, 
234) 696358207, 
235) 696418281, 
236) 697680167, 
237) 700207158, 
238) 703767813, 
239) 704227441, 
240) 706972237, 
241) 709685939, 
242) 709904288, 
243) 711176020, 
244) 711932216, 
245) 714758543, 
246) 715278972, 
247) 716446050, 
248) 721332793, 
249) 722494917, 
250) 723637709, 
251) 724845409, 
252) 735033206, 
253) 735087801, 
254) 735109988, 
255) 735344018, 
256) 736716446, 
257) 740932797, 
258) 741664394, 
259) 742575633, 
260) 743295439, 
261) 748407926, 
262) 749362612, 
263) 749529553, 
264) 753043174, 
265) 754886265, 
266) 755129439, 
267) 759578899, 
268) 760735119, 
269) 761040265, 
270) 763398630, 
271) 771451161, 
272) 773349343, 
273) 779143242, 
274) 779543220, 
275) 782419752, 
276) 784306344, 
277) 787810828, 
278) 788455922, 
279) 799353083, 
280) 807425018, 
281) 808231858, 
282) 810011559, 
283) 810352939, 
284) 812005046, 
285) 813490976, 
286) 814580791, 
287) 816944610, 
288) 817851007, 
289) 823649593, 
290) 825764539, 
291) 825885398, 
292) 826772647, 
293) 835818765, 
294) 839309626, 
295) 841052411, 
296) 843670973, 
297) 845481724, 
298) 850798388, 
299) 854741563, 
300) 862507445, 
301) 866929638, 
302) 870394428, 
303) 873380122, 
304) 873746303, 
305) 877383896, 
306) 883794392, 
307) 884083367, 
308) 884156029, 
309) 887155787, 
310) 887249032, 
311) 888337903, 
312) 890571493, 
313) 893338953, 
314) 893494916, 
315) 895376667, 
316) 897594944, 
317) 902182045, 
318) 904672444, 
319) 905843607, 
320) 906383809, 
321) 907776972, 
322) 908090642, 
323) 912720713, 
324) 913191896, 
325) 915605672, 
326) 919641823, 
327) 923783470, 
328) 925290034, 
329) 930437354, 
330) 931773890, 
331) 934766993, 
332) 936233250, 
333) 958837987, 
334) 961217744, 
335) 963214490, 
336) 971911253, 
337) 972752603, 
338) 978079800, 
339) 981721249, 
340) 992636348, 
341) 993224704, 
342) 993791450, 
343) 1001970016, 
344) 1003107080, 
345) 1006093211, 
346) 1006581100, 
347) 1007435425, 
348) 1010764274, 
349) 1013119615, 
350) 1014433024, 
351) 1020936387, 
352) 1023131727, 
353) 1026227589, 
354) 1027033699, 
355) 1027069339, 
356) 1028530758, 
357) 1029794790, 
358) 1030107463, 
359) 1030410473, 
360) 1033851814, 
361) 1036423578, 
362) 1040253588, 
363) 1042025652, 
364) 1048009989, 
365) 1050365461, 
366) 1057808598, 
367) 1058688715, 
368) 1061067212, 
369) 1061086075, 
370) 1062053453, 
371) 1062746799, 
372) 1065518304, 
373) 1067092849, 
374) 1070374789, 
375) 1071365799, 
376) 1072198219, 
377) 1078287208, 
378) 1081808560, 
379) 1082014653, 
380) 1086392498, 
381) 1089458963, 
382) 1093253171, 
383) 1096465501, 
384) 1097455746, 
385) 1097916720, 
386) 1099478328, 
387) 1101423580, 
388) 1101684479, 
389) 1104136346, 
390) 1108829773, 
391) 1109702274, 
392) 1114748725, 
393) 1122387382, 
394) 1124711879, 
395) 1124996445, 
396) 1125448583, 
397) 1129739794, 
398) 1130871723, 
399) 1132248056, 
400) 1134124990, 
401) 1135646087, 
402) 1138309008, 
403) 1139870700, 
404) 1141001746, 
405) 1143090170, 
406) 1143357060, 
407) 1159076900, 
408) 1161728835, 
409) 1162343647, 
410) 1164271459, 
411) 1168432284, 
412) 1170098618, 
413) 1172863596, 
414) 1173638752, 
415) 1174625288, 
416) 1177259707, 
417) 1182747384, 
418) 1183751174, 
419) 1184229086, 
420) 1188287862, 
421) 1195808665, 
422) 1197336887, 
423) 1201490289, 
424) 1209122011, 
425) 1210332743, 
426) 1210359942, 
427) 1228477183, 
428) 1231865437, 
429) 1236641770, 
430) 1236888341, 
431) 1238425462, 
432) 1239894042, 
433) 1240632660, 
434) 1241969618, 
435) 1245088974, 
436) 1245821681, 
437) 1246168816, 
438) 1247809894, 
439) 1259202546, 
440) 1260069992, 
441) 1264269623, 
442) 1266258968, 
443) 1269443827, 
444) 1274157895, 
445) 1277149910, 
446) 1290236517, 
447) 1293756082, 
448) 1294310870, 
449) 1295499247, 
450) 1297285543, 
451) 1297406306, 
452) 1300597585, 
453) 1300619922, 
454) 1301332368, 
455) 1303369526, 
456) 1308393005, 
457) 1310160749, 
458) 1311149134, 
459) 1314819224, 
460) 1315922377, 
461) 1333115642, 
462) 1337466585, 
463) 1340616118, 
464) 1344861538, 
465) 1345339615, 
466) 1349218756, 
467) 1349673829, 
468) 1357027421, 
469) 1357267039, 
470) 1363211753, 
471) 1369154791, 
472) 1369182206, 
473) 1371872448, 
474) 1374750066, 
475) 1380634239, 
476) 1389701141, 
477) 1391604699, 
478) 1391673025, 
479) 1395721678, 
480) 1396063407, 
481) 1402252059, 
482) 1403740144, 
483) 1413806680, 
484) 1414951397, 
485) 1424648464, 
486) 1427910955, 
487) 1431469928, 
488) 1436382561, 
489) 1436514492, 
490) 1439086090, 
491) 1441712810, 
492) 1454009688, 
493) 1455077316, 
494) 1458547224, 
495) 1459861985, 
496) 1464581038, 
497) 1466200717, 
498) 1466653377, 
499) 1469368915, 
500) 1476218533, 
501) 1481798234, 
502) 1494179824, 
503) 1496321202, 
504) 1496684976, 
505) 1497701600, 
506) 1498694010, 
507) 1499495743, 
508) 1499689752, 
509) 1502626016, 
510) 1505818662, 
511) 1509250072, 
512) 1510108967, 
513) 1510291459, 
514) 1511772703, 
515) 1517002605, 
516) 1518884996, 
517) 1519602211, 
518) 1527814298, 
519) 1540003160, 
520) 1540050863, 
521) 1544369989, 
522) 1546979905, 
523) 1558511039, 
524) 1564102521, 
525) 1567190245, 
526) 1575740596, 
527) 1577869269, 
528) 1578987291, 
529) 1579115971, 
530) 1594098323, 
531) 1597191502, 
532) 1598865400, 
533) 1599772977, 
534) 1610829269, 
535) 1612395826, 
536) 1614261806, 
537) 1620584305, 
538) 1621154159, 
539) 1621876710, 
540) 1624365827, 
541) 1628272670, 
542) 1634825599, 
543) 1636670938, 
544) 1641711685, 
545) 1642384912, 
546) 1652810327, 
547) 1656516986, 
548) 1659452196, 
549) 1665311455, 
550) 1665944508, 
551) 1667013660, 
552) 1668233661, 
553) 1669252819, 
554) 1672542229, 
555) 1673583248, 
556) 1674063006, 
557) 1675787218, 
558) 1675929138, 
559) 1677273851, 
560) 1680290304, 
561) 1681138146, 
562) 1684906224, 
563) 1687309144, 
564) 1687688880, 
565) 1690172734, 
566) 1693951901, 
567) 1694236597, 
568) 1695071723, 
569) 1699572946, 
570) 1713292292, 
571) 1714330407, 
572) 1714607346, 
573) 1714684282, 
574) 1717285251, 
575) 1720352323, 
576) 1720419279, 
577) 1721460928, 
578) 1721648332, 
579) 1722373233, 
580) 1724157662, 
581) 1724835005, 
582) 1726244035, 
583) 1727113766, 
584) 1730166703, 
585) 1730558394, 
586) 1735616938, 
587) 1740299295, 
588) 1741376126, 
589) 1745929662, 
590) 1746796891, 
591) 1749124900, 
592) 1751702194, 
593) 1752212042, 
594) 1753056985, 
595) 1753145726, 
596) 1754488174, 
597) 1762508861, 
598) 1763588947, 
599) 1764443938, 
600) 1768086497, 
601) 1771198552, 
602) 1771980033, 
603) 1775446319, 
604) 1779773584, 
605) 1789768354, 
606) 1790858328, 
607) 1793329063, 
608) 1793549830, 
609) 1800990758, 
610) 1801697761, 
611) 1802187678, 
612) 1802771816, 
613) 1811815917, 
614) 1813851560, 
615) 1818723781, 
616) 1818749544, 
617) 1819218374, 
618) 1834742280, 
619) 1837919751, 
620) 1839197216, 
621) 1843663146, 
622) 1848781553, 
623) 1857080907, 
624) 1859276374, 
625) 1861957316, 
626) 1870463627, 
627) 1872870846, 
628) 1876040332, 
629) 1887372840, 
630) 1890565359, 
631) 1891681777, 
632) 1891870761, 
633) 1897047155, 
634) 1897148122, 
635) 1898754153, 
636) 1901223434, 
637) 1901618048, 
638) 1911014941, 
639) 1911847847, 
640) 1914876383, 
641) 1922914971, 
642) 1924978082, 
643) 1928087984, 
644) 1930692835, 
645) 1933151893, 
646) 1934878118, 
647) 1935590647, 
648) 1936280916, 
649) 1936308393, 
650) 1938715946, 
651) 1947106279, 
652) 1950873839, 
653) 1952320917, 
654) 1953619111, 
655) 1954446721, 
656) 1958814295, 
657) 1965590889, 
658) 1966047792, 
659) 1968984956, 
660) 1969725934, 
661) 1970465406, 
662) 1971117607, 
663) 1973198362, 
664) 1973201923, 
665) 1976404183, 
666) 1988085730, 
667) 1988641110, 
668) 1996244907, 
669) 2002944642, 
670) 2003981298, 
671) 2004925587, 
672) 2007885329, 
673) 2008089341, 
674) 2009072756, 
675) 2010005314, 
676) 2012254177, 
677) 2014950322, 
678) 2015647247, 
679) 2016559895, 
680) 2017017070, 
681) 2018847648, 
682) 2021233404, 
683) 2024617543, 
684) 2027910588, 
685) 2028101638, 
686) 2030615411, 
687) 2031080562, 
688) 2033318799, 
689) 2037187482, 
690) 2038378696, 
691) 2042467666, 
692) 2044524114, 
693) 2045209154, 
694) 2047391848, 
695) 2048907158, 
696) 2055282547, 
697) 2057023794, 
698) 2058968735, 
699) 2060118282, 
700) 2061933564, 
701) 2062501998, 
702) 2065664320, 
703) 2067976504, 
704) 2072054438, 
705) 2072874922, 
706) 2074708634, 
707) 2077516118, 
708) 2080111448, 
709) 2080365915, 
710) 2081159511, 
711) 2083043734, 
712) 2083591138, 
713) 2083935576, 
714) 2085505573, 
715) 2098120304, 
716) 2100097265, 
717) 2100410171, 
718) 2104677885, 
719) 2105555149, 
720) 2116313949, 
721) 2120313608, 
722) 2121845198, 
723) 2123765666, 
724) 2124326775, 
725) 2124779105, 
726) 2125852791, 
727) 2125916130, 
728) 2131916268, 
729) 2140344632, 
730) 2146223663, 
731) 2148788401, 
732) 2150938008, 
733) 2154972991, 
734) 2157883033, 
735) 2159551184, 
736) 2159555094, 
737) 2165132575, 
738) 2170984353, 
739) 2171329134, 
740) 2171514893, 
741) 2172128510, 
742) 2174833127, 
743) 2180700910, 
744) 2182319657, 
745) 2183879088, 
746) 2185812476, 
747) 2188572061, 
748) 2196387748, 
749) 2199131727, 
750) 2208732715, 
751) 2212996091, 
752) 2214667469, 
753) 2216817191, 
754) 2218800455, 
755) 2220711136, 
756) 2222050903, 
757) 2229472831, 
758) 2235834225, 
759) 2236591629, 
760) 2240381040, 
761) 2247230148, 
762) 2260206837, 
763) 2260934597, 
764) 2261832023, 
765) 2263078203, 
766) 2263283329, 
767) 2267934667, 
768) 2272302463, 
769) 2273300739, 
770) 2276207406, 
771) 2277435664, 
772) 2281300001, 
773) 2281976117, 
774) 2282105331, 
775) 2282869458, 
776) 2284716159, 
777) 2285711917, 
778) 2297274724, 
779) 2301140812, 
780) 2301350836, 
781) 2310491258, 
782) 2313959104, 
783) 2317336154, 
784) 2317425559, 
785) 2317454630, 
786) 2321757392, 
787) 2331491715, 
788) 2331581143, 
789) 2335563639, 
790) 2343858087, 
791) 2344320582, 
792) 2344423194, 
793) 2349170003, 
794) 2360422064, 
795) 2362765247, 
796) 2362836382, 
797) 2365544100, 
798) 2368716218, 
799) 2373786325, 
800) 2376179307, 
801) 2376856862, 
802) 2379949375, 
803) 2381406962, 
804) 2385443157, 
805) 2405193736, 
806) 2405390694, 
807) 2412931821, 
808) 2416786026, 
809) 2419744060, 
810) 2421098858, 
811) 2422564913, 
812) 2422986644, 
813) 2431206430, 
814) 2432125555, 
815) 2432272099, 
816) 2433587694, 
817) 2434113056, 
818) 2435591581, 
819) 2438337030, 
820) 2440440994, 
821) 2444567430, 
822) 2446667275, 
823) 2450974002, 
824) 2454745350, 
825) 2455636948, 
826) 2457468389, 
827) 2461933518, 
828) 2464132575, 
829) 2465612395, 
830) 2469718111, 
831) 2472412764, 
832) 2473005938, 
833) 2475627203, 
834) 2477830684, 
835) 2498454486, 
836) 2507576956, 
837) 2508148697, 
838) 2509424321, 
839) 2510192730, 
840) 2512117405, 
841) 2513143778, 
842) 2514388262, 
843) 2530977841, 
844) 2531026475, 
845) 2531777716, 
846) 2540112006, 
847) 2541370482, 
848) 2547749500, 
849) 2547866293, 
850) 2548258488, 
851) 2550779446, 
852) 2551778817, 
853) 2555343001, 
854) 2556940580, 
855) 2557498164, 
856) 2557809240, 
857) 2559994433, 
858) 2563665865, 
859) 2564779109, 
860) 2564993081, 
861) 2565082383, 
862) 2571505754, 
863) 2574118458, 
864) 2574738048, 
865) 2576921403, 
866) 2580345709, 
867) 2581771942, 
868) 2582741089, 
869) 2586906672, 
870) 2589801924, 
871) 2594698725, 
872) 2595446985, 
873) 2595948188, 
874) 2596145391, 
875) 2598008950, 
876) 2602337464, 
877) 2605608222, 
878) 2605843072, 
879) 2606989194, 
880) 2608687482, 
881) 2609316616, 
882) 2610509193, 
883) 2611041088, 
884) 2611202762, 
885) 2612872669, 
886) 2615186231, 
887) 2615885364, 
888) 2618174553, 
889) 2620661610, 
890) 2620706397, 
891) 2623295443, 
892) 2629679991, 
893) 2630773093, 
894) 2635788496, 
895) 2638470591, 
896) 2643367226, 
897) 2646626841, 
898) 2648256351, 
899) 2649457985, 
900) 2653487961, 
901) 2657539532, 
902) 2660487161, 
903) 2663465223, 
904) 2666859334, 
905) 2668855235, 
906) 2669027514, 
907) 2671282145, 
908) 2672984913, 
909) 2677704921, 
910) 2681876457, 
911) 2684632448, 
912) 2686694373, 
913) 2686924449, 
914) 2687071456, 
915) 2689705228, 
916) 2692867301, 
917) 2694742391, 
918) 2698165657, 
919) 2708930235, 
920) 2713085169, 
921) 2716081511, 
922) 2722669882, 
923) 2723011793, 
924) 2723433926, 
925) 2724416510, 
926) 2726183953, 
927) 2726576326, 
928) 2728025310, 
929) 2734617957, 
930) 2740467507, 
931) 2741489743, 
932) 2741760809, 
933) 2742239644, 
934) 2746872313, 
935) 2747367367, 
936) 2756384430, 
937) 2758772877, 
938) 2763997694, 
939) 2766854504, 
940) 2769915462, 
941) 2774223678, 
942) 2776274504, 
943) 2789152214, 
944) 2794587405, 
945) 2797067805, 
946) 2798047785, 
947) 2802173777, 
948) 2807447623, 
949) 2807935889, 
950) 2809390984, 
951) 2818796984, 
952) 2822210590, 
953) 2822564599, 
954) 2824851126, 
955) 2826180249, 
956) 2829479699, 
957) 2834807380, 
958) 2842825213, 
959) 2845002836, 
960) 2850560509, 
961) 2853867222, 
962) 2861932033, 
963) 2863431329, 
964) 2875995857, 
965) 2885830958, 
966) 2887550444, 
967) 2888500892, 
968) 2894288075, 
969) 2896663982, 
970) 2896679552, 
971) 2898747897, 
972) 2903714463, 
973) 2905508905, 
974) 2907855514, 
975) 2909138299, 
976) 2911200730, 
977) 2911397880, 
978) 2913394927, 
979) 2913506054, 
980) 2917218569, 
981) 2919290199, 
982) 2920063399, 
983) 2921619518, 
984) 2923289596, 
985) 2923643114, 
986) 2936198915, 
987) 2937757301, 
988) 2938381105, 
989) 2940659991, 
990) 2958466866, 
991) 2959102913, 
992) 2964264700, 
993) 2967578374, 
994) 2969732702, 
995) 2971077519, 
996) 2981045415, 
997) 2992165993, 
998) 2994568860, 
999) 2995188819, 
