Number of elements is 100
Type of array is rendomized
Sorting algorithm - select
Running time of sorting algorithm is 19ms
0) 139020059, 
1) 266075861, 
2) 285024326, 
3) 297177769, 
4) 323259746, 
5) 323386888, 
6) 326613399, 
7) 338245818, 
8) 393005912, 
9) 429797579, 
10) 458757022, 
11) 467357031, 
12) 478429570, 
13) 508275948, 
14) 517415164, 
15) 539727008, 
16) 560807978, 
17) 561684705, 
18) 624318830, 
19) 699391664, 
20) 753239592, 
21) 842677944, 
22) 874997280, 
23) 920992296, 
24) 922935633, 
25) 962334490, 
26) 970275832, 
27) 973003990, 
28) 985913633, 
29) 989928049, 
30) 1002004455, 
31) 1046786714, 
32) 1064817841, 
33) 1065634693, 
34) 1096240505, 
35) 1152496954, 
36) 1152966815, 
37) 1164195809, 
38) 1180436800, 
39) 1189725933, 
40) 1197271601, 
41) 1231823470, 
42) 1237899534, 
43) 1283859325, 
44) 1293579125, 
45) 1305541244, 
46) 1370680690, 
47) 1375131579, 
48) 1393303721, 
49) 1437042734, 
50) 1453388844, 
51) 1460260549, 
52) 1535576340, 
53) 1536289001, 
54) 1543967630, 
55) 1559952695, 
56) 1611335757, 
57) 1752439384, 
58) 1757634451, 
59) 1766262510, 
60) 1769656301, 
61) 1774010046, 
62) 1785236017, 
63) 1828480490, 
64) 1955064070, 
65) 2011145552, 
66) 2047976446, 
67) 2149777546, 
68) 2185165944, 
69) 2202590322, 
70) 2282995703, 
71) 2296455754, 
72) 2304453697, 
73) 2342113672, 
74) 2384256668, 
75) 2419235648, 
76) 2470426240, 
77) 2470813921, 
78) 2523358428, 
79) 2533918934, 
80) 2559234309, 
81) 2566053903, 
82) 2566971803, 
83) 2577229233, 
84) 2581752828, 
85) 2626432101, 
86) 2677643658, 
87) 2677908345, 
88) 2681072813, 
89) 2711742563, 
90) 2730959819, 
91) 2766429415, 
92) 2795697970, 
93) 2800642859, 
94) 2808448451, 
95) 2808531188, 
96) 2842269813, 
97) 2893259007, 
98) 2930303336, 
99) 2954853077, 
