Number of elements is 5000
Type of array is rendomized
Sorting algorithm - select
Running time of sorting algorithm is 33326ms
0) 399568, 
1) 2449873, 
2) 3325742, 
3) 3707883, 
4) 4385425, 
5) 4584764, 
6) 4945971, 
7) 5944591, 
8) 5981739, 
9) 6072277, 
10) 6449323, 
11) 7082304, 
12) 8113878, 
13) 8266802, 
14) 8310914, 
15) 8788900, 
16) 9026082, 
17) 9631610, 
18) 9698937, 
19) 12364839, 
20) 13398468, 
21) 13557684, 
22) 13629139, 
23) 13905561, 
24) 14171225, 
25) 14361394, 
26) 14410700, 
27) 14500730, 
28) 14927291, 
29) 16087558, 
30) 17562036, 
31) 19024043, 
32) 19163579, 
33) 19514941, 
34) 20082631, 
35) 20425194, 
36) 21018134, 
37) 21083848, 
38) 21886578, 
39) 22888149, 
40) 22955042, 
41) 23896564, 
42) 24510893, 
43) 24764976, 
44) 27237366, 
45) 27885590, 
46) 28174974, 
47) 28659885, 
48) 29219385, 
49) 29261283, 
50) 29554273, 
51) 30120932, 
52) 30461837, 
53) 32133575, 
54) 35202381, 
55) 35358334, 
56) 36593033, 
57) 36634828, 
58) 36794901, 
59) 37735768, 
60) 38033095, 
61) 38648047, 
62) 38819582, 
63) 39265809, 
64) 39780955, 
65) 39838134, 
66) 40389009, 
67) 40406968, 
68) 40805605, 
69) 41364153, 
70) 41425231, 
71) 41455301, 
72) 42226800, 
73) 43075358, 
74) 43816346, 
75) 43840389, 
76) 44614319, 
77) 44756868, 
78) 44789462, 
79) 45174256, 
80) 46978101, 
81) 47430613, 
82) 47761348, 
83) 48054565, 
84) 49425210, 
85) 50096220, 
86) 50114198, 
87) 50332911, 
88) 51191795, 
89) 51581822, 
90) 52184308, 
91) 52210097, 
92) 54358792, 
93) 55795644, 
94) 56477386, 
95) 56659480, 
96) 58124990, 
97) 59448280, 
98) 59687158, 
99) 60112274, 
100) 62911713, 
101) 63602865, 
102) 63687651, 
103) 64645060, 
104) 65176875, 
105) 65767405, 
106) 66205257, 
107) 66579753, 
108) 66839530, 
109) 67447804, 
110) 68389332, 
111) 68725409, 
112) 71791556, 
113) 71891641, 
114) 72527694, 
115) 73873214, 
116) 74890446, 
117) 75422316, 
118) 76194406, 
119) 76613098, 
120) 78989763, 
121) 79595070, 
122) 79606514, 
123) 79809388, 
124) 79934043, 
125) 80177236, 
126) 81460228, 
127) 83040634, 
128) 83079604, 
129) 84322539, 
130) 85660322, 
131) 86007784, 
132) 86342797, 
133) 86509612, 
134) 86785593, 
135) 86959679, 
136) 87954055, 
137) 88314173, 
138) 88642546, 
139) 88700973, 
140) 90447390, 
141) 90546759, 
142) 91015555, 
143) 92144401, 
144) 92886513, 
145) 93387841, 
146) 93461904, 
147) 93993136, 
148) 96682329, 
149) 97798736, 
150) 98021896, 
151) 99284542, 
152) 99309572, 
153) 99678296, 
154) 101096549, 
155) 101332142, 
156) 102655608, 
157) 103188654, 
158) 103364780, 
159) 103678163, 
160) 103800520, 
161) 104107120, 
162) 104910549, 
163) 105084439, 
164) 106318598, 
165) 106323189, 
166) 106472460, 
167) 106870360, 
168) 106893200, 
169) 107115123, 
170) 107979065, 
171) 108299710, 
172) 109699016, 
173) 110518896, 
174) 110615688, 
175) 110898934, 
176) 112190420, 
177) 113463310, 
178) 113591150, 
179) 114069430, 
180) 114226600, 
181) 114845487, 
182) 115099146, 
183) 115818623, 
184) 115826603, 
185) 117092889, 
186) 119435073, 
187) 121593689, 
188) 122091688, 
189) 122439181, 
190) 123579156, 
191) 123762581, 
192) 126400970, 
193) 126457451, 
194) 126671462, 
195) 127432537, 
196) 127697288, 
197) 129059994, 
198) 129150960, 
199) 130306930, 
200) 132034304, 
201) 132659250, 
202) 132896153, 
203) 133538120, 
204) 133616452, 
205) 134073954, 
206) 135070804, 
207) 135575894, 
208) 135691208, 
209) 135855026, 
210) 137492597, 
211) 137517307, 
212) 137993273, 
213) 138204450, 
214) 138485398, 
215) 139285218, 
216) 140637731, 
217) 140736603, 
218) 141002732, 
219) 141604847, 
220) 141833045, 
221) 142319676, 
222) 142870232, 
223) 144882188, 
224) 145651003, 
225) 145736715, 
226) 145770672, 
227) 146545281, 
228) 146686633, 
229) 147495309, 
230) 147924176, 
231) 149281185, 
232) 149655957, 
233) 151068240, 
234) 152474928, 
235) 152796019, 
236) 152952595, 
237) 154065878, 
238) 154214249, 
239) 154737660, 
240) 155776365, 
241) 158483317, 
242) 158511912, 
243) 159899572, 
244) 161204105, 
245) 161854904, 
246) 162224598, 
247) 163185836, 
248) 163229273, 
249) 163665429, 
250) 164393726, 
251) 164655733, 
252) 164978934, 
253) 164990606, 
254) 165744877, 
255) 165817147, 
256) 166111163, 
257) 166495307, 
258) 166657009, 
259) 166894109, 
260) 167354697, 
261) 168797419, 
262) 169460851, 
263) 170114506, 
264) 170198444, 
265) 170833049, 
266) 172250905, 
267) 172798664, 
268) 172819764, 
269) 173499189, 
270) 174097269, 
271) 174565162, 
272) 174621944, 
273) 174806716, 
274) 174939079, 
275) 176310335, 
276) 177047917, 
277) 177397414, 
278) 177398593, 
279) 177836241, 
280) 178476039, 
281) 178634471, 
282) 178926572, 
283) 179077851, 
284) 179791526, 
285) 179965817, 
286) 180407039, 
287) 181648920, 
288) 182353281, 
289) 183445531, 
290) 184505235, 
291) 184535256, 
292) 185291134, 
293) 185367755, 
294) 185569552, 
295) 187173299, 
296) 189026739, 
297) 189788720, 
298) 189973146, 
299) 190249479, 
300) 190778642, 
301) 191199604, 
302) 191411234, 
303) 193301928, 
304) 193444092, 
305) 193496626, 
306) 195099814, 
307) 195555792, 
308) 196176689, 
309) 196223777, 
310) 197903516, 
311) 198001542, 
312) 198573889, 
313) 199030750, 
314) 199155330, 
315) 199272176, 
316) 199334054, 
317) 199526135, 
318) 200194620, 
319) 202142919, 
320) 202969670, 
321) 203027383, 
322) 203700234, 
323) 204728471, 
324) 206242355, 
325) 207064531, 
326) 207221907, 
327) 208439744, 
328) 208937200, 
329) 209383386, 
330) 210312558, 
331) 210617302, 
332) 212790849, 
333) 212821461, 
334) 213149128, 
335) 213880246, 
336) 214560059, 
337) 214708725, 
338) 215221992, 
339) 215652824, 
340) 216024657, 
341) 216643061, 
342) 216897025, 
343) 217513930, 
344) 217534571, 
345) 217539302, 
346) 217995245, 
347) 218140621, 
348) 220344219, 
349) 220392615, 
350) 220424234, 
351) 221138613, 
352) 223243220, 
353) 223887480, 
354) 224964525, 
355) 224966018, 
356) 225408599, 
357) 226986114, 
358) 227919977, 
359) 228273383, 
360) 228554316, 
361) 229373491, 
362) 229376365, 
363) 229460304, 
364) 230143833, 
365) 230699336, 
366) 230707934, 
367) 232112036, 
368) 232604486, 
369) 233340379, 
370) 233569037, 
371) 233582776, 
372) 233817338, 
373) 234119536, 
374) 234312457, 
375) 234327678, 
376) 235364156, 
377) 236958393, 
378) 237978311, 
379) 238218348, 
380) 238913408, 
381) 240173875, 
382) 241933102, 
383) 242094933, 
384) 242128145, 
385) 242683510, 
386) 243361087, 
387) 244000685, 
388) 245415392, 
389) 245510323, 
390) 246214590, 
391) 246228253, 
392) 246795544, 
393) 247595696, 
394) 247848062, 
395) 248551223, 
396) 249732370, 
397) 250238489, 
398) 250607357, 
399) 250892939, 
400) 250945404, 
401) 251896930, 
402) 252556214, 
403) 253154910, 
404) 253419026, 
405) 254552268, 
406) 256060829, 
407) 256349165, 
408) 256516340, 
409) 256797936, 
410) 257249422, 
411) 257388723, 
412) 258203855, 
413) 258492187, 
414) 258692183, 
415) 258725679, 
416) 258956321, 
417) 259072565, 
418) 259840144, 
419) 260083242, 
420) 260325774, 
421) 261042068, 
422) 261409161, 
423) 262025287, 
424) 262360507, 
425) 264136455, 
426) 264152371, 
427) 264290250, 
428) 264492502, 
429) 264931360, 
430) 266407159, 
431) 267251272, 
432) 267265247, 
433) 268831269, 
434) 269732125, 
435) 269762032, 
436) 269921048, 
437) 270178365, 
438) 271336644, 
439) 272411019, 
440) 272706585, 
441) 273630167, 
442) 274130485, 
443) 274765227, 
444) 275245719, 
445) 276494892, 
446) 277481323, 
447) 277951811, 
448) 279114795, 
449) 279343726, 
450) 279710693, 
451) 279896146, 
452) 280187688, 
453) 280780781, 
454) 281434806, 
455) 281945551, 
456) 282578863, 
457) 283346409, 
458) 284157442, 
459) 284317254, 
460) 285690524, 
461) 285914139, 
462) 286014203, 
463) 286649098, 
464) 287682934, 
465) 288788994, 
466) 289015302, 
467) 289537298, 
468) 290417745, 
469) 291201118, 
470) 291566417, 
471) 293636325, 
472) 293872206, 
473) 295036221, 
474) 295826766, 
475) 296120172, 
476) 296490859, 
477) 298380592, 
478) 298410446, 
479) 299137444, 
480) 299558047, 
481) 300651458, 
482) 300921265, 
483) 301256424, 
484) 302184125, 
485) 302766357, 
486) 303195921, 
487) 304560562, 
488) 306071474, 
489) 306592818, 
490) 308338630, 
491) 308349224, 
492) 308583332, 
493) 308601113, 
494) 309198761, 
495) 309302388, 
496) 310162614, 
497) 310247927, 
498) 310303116, 
499) 310358172, 
500) 310426922, 
501) 310718030, 
502) 311604306, 
503) 312104827, 
504) 312526732, 
505) 312554633, 
506) 313141962, 
507) 313319081, 
508) 313394870, 
509) 313898652, 
510) 313904128, 
511) 313955152, 
512) 314900898, 
513) 315668324, 
514) 315841369, 
515) 316826496, 
516) 316920671, 
517) 317034448, 
518) 317243864, 
519) 318037261, 
520) 318599148, 
521) 318992394, 
522) 319108638, 
523) 320063405, 
524) 320072584, 
525) 321145015, 
526) 321265233, 
527) 322896797, 
528) 323121766, 
529) 324275650, 
530) 325001884, 
531) 325516120, 
532) 325535852, 
533) 327487093, 
534) 329733021, 
535) 330330675, 
536) 330353019, 
537) 330411985, 
538) 330644551, 
539) 331186245, 
540) 331857222, 
541) 332059809, 
542) 332798448, 
543) 333065970, 
544) 333178384, 
545) 333385659, 
546) 333541306, 
547) 335360259, 
548) 336041345, 
549) 336104454, 
550) 336639709, 
551) 337164849, 
552) 337334252, 
553) 339260633, 
554) 339770106, 
555) 339851340, 
556) 339984400, 
557) 339995253, 
558) 340254211, 
559) 340457736, 
560) 341235542, 
561) 341417260, 
562) 342456029, 
563) 342839480, 
564) 343090465, 
565) 343292041, 
566) 343910660, 
567) 344055888, 
568) 344437956, 
569) 344568514, 
570) 344817159, 
571) 345790424, 
572) 346236655, 
573) 346842130, 
574) 347348612, 
575) 348235263, 
576) 349025988, 
577) 349506439, 
578) 350745881, 
579) 350849408, 
580) 350976375, 
581) 351517002, 
582) 351543619, 
583) 352606604, 
584) 352624680, 
585) 353380678, 
586) 353605818, 
587) 353812032, 
588) 354658850, 
589) 355458388, 
590) 355523246, 
591) 357103903, 
592) 358297031, 
593) 358928573, 
594) 359116036, 
595) 359555865, 
596) 359980983, 
597) 360406464, 
598) 361063209, 
599) 361179035, 
600) 362826159, 
601) 363418034, 
602) 363468177, 
603) 363743451, 
604) 363835684, 
605) 364069966, 
606) 364761982, 
607) 365454907, 
608) 365595244, 
609) 365606552, 
610) 365935045, 
611) 366909491, 
612) 368117633, 
613) 368753000, 
614) 368878504, 
615) 368938525, 
616) 369292203, 
617) 370398954, 
618) 371182496, 
619) 371578778, 
620) 372168206, 
621) 372912633, 
622) 373025141, 
623) 373793281, 
624) 374254564, 
625) 374276047, 
626) 375085399, 
627) 376369962, 
628) 376969324, 
629) 377724535, 
630) 377766212, 
631) 379354503, 
632) 379420477, 
633) 379462566, 
634) 379598712, 
635) 380556630, 
636) 380670530, 
637) 380815437, 
638) 381072067, 
639) 381189648, 
640) 381744959, 
641) 382942288, 
642) 384979799, 
643) 385094377, 
644) 386218857, 
645) 386389973, 
646) 386973957, 
647) 387468656, 
648) 390195822, 
649) 391040973, 
650) 391414034, 
651) 392129057, 
652) 392217279, 
653) 392656299, 
654) 393138935, 
655) 393326656, 
656) 393937125, 
657) 394116306, 
658) 394255138, 
659) 396029329, 
660) 396206472, 
661) 397233677, 
662) 398149253, 
663) 398350258, 
664) 399006881, 
665) 399356437, 
666) 399457175, 
667) 399530113, 
668) 400912103, 
669) 402310953, 
670) 402493087, 
671) 402819855, 
672) 403119610, 
673) 403279090, 
674) 404175433, 
675) 404327146, 
676) 404402153, 
677) 405280748, 
678) 405632340, 
679) 406198681, 
680) 406428400, 
681) 406714377, 
682) 407778726, 
683) 407975209, 
684) 408948707, 
685) 409595819, 
686) 409769727, 
687) 412223437, 
688) 412339380, 
689) 412469601, 
690) 412552889, 
691) 412737849, 
692) 412772209, 
693) 413241418, 
694) 413325427, 
695) 413556218, 
696) 415359364, 
697) 417073015, 
698) 417577831, 
699) 418202170, 
700) 418634970, 
701) 420079458, 
702) 422234597, 
703) 422374069, 
704) 422721412, 
705) 423426378, 
706) 423527318, 
707) 423882716, 
708) 424159515, 
709) 424841934, 
710) 425995505, 
711) 426327077, 
712) 426393528, 
713) 426553622, 
714) 426648603, 
715) 427193302, 
716) 427366311, 
717) 427498189, 
718) 429221215, 
719) 429809069, 
720) 431121121, 
721) 431356721, 
722) 431949782, 
723) 432787082, 
724) 433319915, 
725) 433623577, 
726) 434284836, 
727) 434386175, 
728) 434871540, 
729) 434886846, 
730) 435524450, 
731) 436088043, 
732) 436601710, 
733) 437724742, 
734) 437787743, 
735) 437866631, 
736) 438536659, 
737) 438959035, 
738) 439950112, 
739) 440069106, 
740) 440611481, 
741) 441048482, 
742) 442569439, 
743) 442690875, 
744) 442934690, 
745) 443644543, 
746) 444521711, 
747) 444660534, 
748) 445338948, 
749) 445398152, 
750) 445937618, 
751) 446573165, 
752) 446607034, 
753) 446730660, 
754) 447814393, 
755) 448277783, 
756) 448966353, 
757) 449075508, 
758) 450496291, 
759) 450625663, 
760) 451717409, 
761) 452213804, 
762) 452585343, 
763) 453156944, 
764) 453223150, 
765) 454434026, 
766) 455211284, 
767) 455214274, 
768) 455407902, 
769) 455778098, 
770) 456369138, 
771) 456371418, 
772) 456751744, 
773) 457223460, 
774) 457305335, 
775) 457665742, 
776) 458443539, 
777) 460063331, 
778) 460217992, 
779) 460625992, 
780) 460904963, 
781) 462862017, 
782) 463361253, 
783) 464453220, 
784) 464462081, 
785) 465160107, 
786) 466437495, 
787) 467311203, 
788) 469238950, 
789) 469323031, 
790) 469644254, 
791) 469893654, 
792) 470668869, 
793) 471078062, 
794) 471128501, 
795) 471727108, 
796) 471840100, 
797) 473484569, 
798) 474568052, 
799) 476751092, 
800) 476790924, 
801) 476910227, 
802) 477002240, 
803) 477432142, 
804) 478773035, 
805) 479200444, 
806) 479338910, 
807) 479592905, 
808) 479662402, 
809) 479697741, 
810) 479976283, 
811) 481231369, 
812) 481925347, 
813) 481937131, 
814) 482170893, 
815) 482614099, 
816) 482780369, 
817) 483885680, 
818) 484329034, 
819) 485647683, 
820) 486023255, 
821) 487141662, 
822) 487218526, 
823) 487888919, 
824) 489472993, 
825) 489740243, 
826) 490117506, 
827) 490436379, 
828) 490997057, 
829) 492922845, 
830) 494380921, 
831) 495629397, 
832) 495895942, 
833) 496175529, 
834) 497042775, 
835) 498159387, 
836) 498447344, 
837) 498561779, 
838) 499489197, 
839) 499574916, 
840) 499791185, 
841) 500010736, 
842) 500128645, 
843) 500913295, 
844) 501054904, 
845) 501434531, 
846) 501563148, 
847) 501566592, 
848) 501832077, 
849) 502029416, 
850) 502554587, 
851) 503376975, 
852) 505601985, 
853) 506118841, 
854) 507208882, 
855) 507432018, 
856) 508739196, 
857) 508908755, 
858) 509565979, 
859) 510225575, 
860) 513966800, 
861) 514694201, 
862) 514822695, 
863) 515041967, 
864) 516413340, 
865) 516939104, 
866) 517643053, 
867) 517929555, 
868) 520319292, 
869) 522071812, 
870) 523459866, 
871) 523955450, 
872) 524896333, 
873) 525508299, 
874) 525886193, 
875) 527326424, 
876) 527372511, 
877) 527750250, 
878) 528513777, 
879) 528960027, 
880) 530509526, 
881) 530564082, 
882) 530659339, 
883) 530927945, 
884) 531400691, 
885) 531620433, 
886) 531620775, 
887) 531701545, 
888) 533306179, 
889) 533839101, 
890) 534701286, 
891) 534719271, 
892) 535967354, 
893) 536160880, 
894) 536184542, 
895) 537751548, 
896) 538218356, 
897) 539400952, 
898) 539609190, 
899) 539629654, 
900) 539949751, 
901) 540301317, 
902) 540629320, 
903) 541256273, 
904) 541316096, 
905) 541368103, 
906) 541430792, 
907) 541439383, 
908) 542113581, 
909) 542947980, 
910) 543767191, 
911) 545526271, 
912) 545569995, 
913) 546903779, 
914) 548462447, 
915) 549388077, 
916) 550233979, 
917) 550386609, 
918) 551382621, 
919) 551585056, 
920) 551794980, 
921) 555004887, 
922) 555065378, 
923) 555340197, 
924) 555528444, 
925) 555550726, 
926) 557012965, 
927) 557153661, 
928) 557601831, 
929) 557822093, 
930) 558444792, 
931) 558732798, 
932) 559457597, 
933) 559719665, 
934) 560226588, 
935) 560689156, 
936) 562016449, 
937) 562194185, 
938) 562205104, 
939) 562859464, 
940) 563257773, 
941) 563300294, 
942) 563349610, 
943) 563436235, 
944) 563840586, 
945) 563936336, 
946) 564904929, 
947) 566003473, 
948) 566234271, 
949) 566465334, 
950) 566594603, 
951) 567353419, 
952) 568152418, 
953) 568496998, 
954) 569312843, 
955) 571388662, 
956) 571458697, 
957) 572224462, 
958) 572407592, 
959) 573348842, 
960) 573390553, 
961) 573399757, 
962) 573544890, 
963) 573665266, 
964) 574017881, 
965) 574702583, 
966) 575069154, 
967) 575805206, 
968) 576017482, 
969) 576228926, 
970) 576263776, 
971) 577068057, 
972) 577073483, 
973) 578636344, 
974) 578743437, 
975) 579279649, 
976) 579364502, 
977) 579582948, 
978) 580454935, 
979) 580690493, 
980) 581012139, 
981) 581337776, 
982) 581755937, 
983) 581908461, 
984) 582105290, 
985) 585452956, 
986) 586456078, 
987) 587683846, 
988) 588174072, 
989) 588179984, 
990) 589282399, 
991) 589864397, 
992) 590390421, 
993) 591513823, 
994) 591563646, 
995) 592908104, 
996) 593161581, 
997) 593648102, 
998) 593971580, 
999) 594300404, 
1000) 594781466, 
1001) 595226640, 
1002) 595310774, 
1003) 596113832, 
1004) 596258852, 
1005) 598183203, 
1006) 598285905, 
1007) 598330357, 
1008) 598502281, 
1009) 598581273, 
1010) 598905474, 
1011) 598970236, 
1012) 600750887, 
1013) 601263997, 
1014) 603254505, 
1015) 603704678, 
1016) 604165627, 
1017) 604642760, 
1018) 605269870, 
1019) 606140482, 
1020) 606697043, 
1021) 607474717, 
1022) 608071911, 
1023) 608531718, 
1024) 609240640, 
1025) 609245302, 
1026) 609410403, 
1027) 610533682, 
1028) 610650210, 
1029) 611539876, 
1030) 613221111, 
1031) 613605373, 
1032) 614152068, 
1033) 615207781, 
1034) 615412845, 
1035) 615699555, 
1036) 616858439, 
1037) 617500144, 
1038) 619116602, 
1039) 621117636, 
1040) 622686789, 
1041) 623438084, 
1042) 623530501, 
1043) 623755706, 
1044) 623940503, 
1045) 624047026, 
1046) 624967915, 
1047) 626193503, 
1048) 626304672, 
1049) 626865705, 
1050) 627281298, 
1051) 627472155, 
1052) 627747195, 
1053) 628584231, 
1054) 628785367, 
1055) 629130199, 
1056) 629284486, 
1057) 629699458, 
1058) 630085432, 
1059) 631350576, 
1060) 631766954, 
1061) 632091217, 
1062) 632395493, 
1063) 632532705, 
1064) 632604116, 
1065) 632720960, 
1066) 633287622, 
1067) 633385685, 
1068) 633403376, 
1069) 633424980, 
1070) 633459939, 
1071) 635875763, 
1072) 637005111, 
1073) 637246454, 
1074) 637454410, 
1075) 637751757, 
1076) 638322617, 
1077) 639880554, 
1078) 640297996, 
1079) 640325918, 
1080) 640553598, 
1081) 642142959, 
1082) 642561257, 
1083) 642763326, 
1084) 643855863, 
1085) 645476200, 
1086) 646488565, 
1087) 646497085, 
1088) 646749487, 
1089) 647651050, 
1090) 647760583, 
1091) 648073268, 
1092) 648177027, 
1093) 648461971, 
1094) 648723964, 
1095) 648765344, 
1096) 649112565, 
1097) 649487563, 
1098) 650206874, 
1099) 650359179, 
1100) 652316610, 
1101) 652725587, 
1102) 652829702, 
1103) 653377423, 
1104) 653426063, 
1105) 653958593, 
1106) 655273973, 
1107) 656091838, 
1108) 656970526, 
1109) 657036891, 
1110) 658143917, 
1111) 658352482, 
1112) 658613333, 
1113) 659160331, 
1114) 659565970, 
1115) 659682343, 
1116) 660178769, 
1117) 660513454, 
1118) 663358537, 
1119) 663363707, 
1120) 663486195, 
1121) 663931663, 
1122) 664334655, 
1123) 664560045, 
1124) 665057965, 
1125) 665699788, 
1126) 666380726, 
1127) 668646974, 
1128) 669136355, 
1129) 669431768, 
1130) 670061997, 
1131) 670311686, 
1132) 670668091, 
1133) 670812163, 
1134) 671772803, 
1135) 672789208, 
1136) 673101814, 
1137) 673194720, 
1138) 673449447, 
1139) 673485752, 
1140) 675170335, 
1141) 676338440, 
1142) 676720044, 
1143) 676767956, 
1144) 676878156, 
1145) 677311492, 
1146) 677727390, 
1147) 678540619, 
1148) 678543925, 
1149) 679653479, 
1150) 680076023, 
1151) 681067454, 
1152) 681842179, 
1153) 681947487, 
1154) 681960600, 
1155) 683023557, 
1156) 683950033, 
1157) 684118680, 
1158) 684689920, 
1159) 686228408, 
1160) 686301599, 
1161) 687139706, 
1162) 687287171, 
1163) 687497280, 
1164) 687816125, 
1165) 687975966, 
1166) 689232664, 
1167) 689531909, 
1168) 689543181, 
1169) 689582648, 
1170) 689988130, 
1171) 690503841, 
1172) 691037530, 
1173) 691140668, 
1174) 691269786, 
1175) 693701504, 
1176) 694050327, 
1177) 694813308, 
1178) 695260341, 
1179) 695955598, 
1180) 696480109, 
1181) 698736838, 
1182) 698794359, 
1183) 699690880, 
1184) 700167985, 
1185) 700800064, 
1186) 701660677, 
1187) 702897043, 
1188) 703895955, 
1189) 705181680, 
1190) 706104462, 
1191) 706267669, 
1192) 707197920, 
1193) 708363411, 
1194) 709106048, 
1195) 709767449, 
1196) 710029407, 
1197) 710481119, 
1198) 711807362, 
1199) 712565135, 
1200) 713484111, 
1201) 714072368, 
1202) 714530012, 
1203) 715291441, 
1204) 715475387, 
1205) 715493556, 
1206) 715517086, 
1207) 716406983, 
1208) 717537349, 
1209) 718819226, 
1210) 719197129, 
1211) 720036584, 
1212) 720176733, 
1213) 720195958, 
1214) 720485613, 
1215) 720560634, 
1216) 722278190, 
1217) 724942690, 
1218) 725335450, 
1219) 725359471, 
1220) 726849457, 
1221) 728041602, 
1222) 728585644, 
1223) 728694102, 
1224) 729731923, 
1225) 729834640, 
1226) 729949606, 
1227) 731822329, 
1228) 732030904, 
1229) 732166582, 
1230) 733441704, 
1231) 733633949, 
1232) 733664076, 
1233) 734205902, 
1234) 734887328, 
1235) 735756074, 
1236) 736414808, 
1237) 736776370, 
1238) 737593106, 
1239) 737817137, 
1240) 737899140, 
1241) 739319473, 
1242) 739715450, 
1243) 740060708, 
1244) 740143527, 
1245) 740298008, 
1246) 740408797, 
1247) 740651996, 
1248) 740843815, 
1249) 740932855, 
1250) 741073213, 
1251) 742926519, 
1252) 743327863, 
1253) 743382312, 
1254) 743702307, 
1255) 744138731, 
1256) 745641205, 
1257) 745694624, 
1258) 745727520, 
1259) 746775615, 
1260) 747247963, 
1261) 747540786, 
1262) 747995633, 
1263) 748339083, 
1264) 750335588, 
1265) 750937963, 
1266) 751319974, 
1267) 751565106, 
1268) 751679773, 
1269) 751875982, 
1270) 752137900, 
1271) 752210806, 
1272) 752752822, 
1273) 752786349, 
1274) 752951708, 
1275) 753018887, 
1276) 754345256, 
1277) 755313953, 
1278) 755931186, 
1279) 755931685, 
1280) 756026777, 
1281) 756338960, 
1282) 757167697, 
1283) 757574866, 
1284) 757700478, 
1285) 758057616, 
1286) 760398209, 
1287) 760738494, 
1288) 761475937, 
1289) 761999402, 
1290) 762094671, 
1291) 762823516, 
1292) 762842235, 
1293) 762978096, 
1294) 762985707, 
1295) 764127700, 
1296) 765410168, 
1297) 765476905, 
1298) 765652232, 
1299) 765752609, 
1300) 766653515, 
1301) 768095722, 
1302) 768364365, 
1303) 769481754, 
1304) 769617616, 
1305) 769625184, 
1306) 770184031, 
1307) 771012875, 
1308) 771134865, 
1309) 772112177, 
1310) 772583457, 
1311) 772606889, 
1312) 772693087, 
1313) 772861507, 
1314) 773076946, 
1315) 774167201, 
1316) 774211455, 
1317) 774628649, 
1318) 776445838, 
1319) 776859902, 
1320) 777207121, 
1321) 778220363, 
1322) 778877826, 
1323) 779274000, 
1324) 779800320, 
1325) 781296690, 
1326) 781983623, 
1327) 783427163, 
1328) 784264459, 
1329) 784688865, 
1330) 784907901, 
1331) 785876930, 
1332) 786542511, 
1333) 786954138, 
1334) 787383295, 
1335) 787464998, 
1336) 787772348, 
1337) 787805057, 
1338) 788195674, 
1339) 788233699, 
1340) 788820251, 
1341) 788900246, 
1342) 789493328, 
1343) 790415188, 
1344) 790691401, 
1345) 791094205, 
1346) 792721884, 
1347) 792726613, 
1348) 794061839, 
1349) 794141489, 
1350) 794458305, 
1351) 794476934, 
1352) 794670684, 
1353) 795162786, 
1354) 798279661, 
1355) 799067093, 
1356) 799098812, 
1357) 800352554, 
1358) 800439012, 
1359) 800567841, 
1360) 801301544, 
1361) 802013944, 
1362) 803137492, 
1363) 803181348, 
1364) 803732812, 
1365) 804460335, 
1366) 804816423, 
1367) 805473055, 
1368) 805576842, 
1369) 805937470, 
1370) 808507043, 
1371) 808717996, 
1372) 810008506, 
1373) 810254509, 
1374) 810797470, 
1375) 812066918, 
1376) 813278114, 
1377) 814135329, 
1378) 814252112, 
1379) 814286330, 
1380) 814625749, 
1381) 815795883, 
1382) 815990364, 
1383) 816943236, 
1384) 817307472, 
1385) 817795821, 
1386) 819872874, 
1387) 821074076, 
1388) 822706346, 
1389) 822849572, 
1390) 823119242, 
1391) 823384465, 
1392) 823609557, 
1393) 824673964, 
1394) 826147836, 
1395) 827432324, 
1396) 827522136, 
1397) 827974959, 
1398) 828248620, 
1399) 828483465, 
1400) 829222951, 
1401) 829514675, 
1402) 829668178, 
1403) 829740458, 
1404) 831812435, 
1405) 832094457, 
1406) 832363213, 
1407) 832412867, 
1408) 832575905, 
1409) 832700676, 
1410) 832786434, 
1411) 833035747, 
1412) 834009970, 
1413) 834036473, 
1414) 835126157, 
1415) 836109220, 
1416) 836357556, 
1417) 836440283, 
1418) 836624265, 
1419) 836632802, 
1420) 837255108, 
1421) 837542817, 
1422) 838084335, 
1423) 838093816, 
1424) 838198632, 
1425) 839541726, 
1426) 840333629, 
1427) 840414991, 
1428) 840497660, 
1429) 841801797, 
1430) 843491306, 
1431) 843951592, 
1432) 844962059, 
1433) 847117696, 
1434) 848691780, 
1435) 849698257, 
1436) 849710971, 
1437) 849898920, 
1438) 850195025, 
1439) 850649293, 
1440) 850773757, 
1441) 851389615, 
1442) 851875670, 
1443) 851896101, 
1444) 852208580, 
1445) 852365634, 
1446) 853229846, 
1447) 853415432, 
1448) 854157178, 
1449) 854388690, 
1450) 855179633, 
1451) 855355084, 
1452) 855936057, 
1453) 856029645, 
1454) 857340644, 
1455) 858715885, 
1456) 858785373, 
1457) 859078478, 
1458) 859223630, 
1459) 860829831, 
1460) 861492934, 
1461) 862603328, 
1462) 862962666, 
1463) 863971600, 
1464) 864105783, 
1465) 864453788, 
1466) 864625939, 
1467) 865645331, 
1468) 865763532, 
1469) 866538553, 
1470) 866791076, 
1471) 867451550, 
1472) 868212715, 
1473) 868359114, 
1474) 868592631, 
1475) 868902199, 
1476) 869341063, 
1477) 869549221, 
1478) 871152852, 
1479) 871210058, 
1480) 871364049, 
1481) 872569769, 
1482) 873060978, 
1483) 874292166, 
1484) 875084617, 
1485) 876959107, 
1486) 877151525, 
1487) 877298690, 
1488) 877397533, 
1489) 877600997, 
1490) 878191312, 
1491) 878660721, 
1492) 880474779, 
1493) 880476654, 
1494) 881115566, 
1495) 882107809, 
1496) 882603821, 
1497) 883546717, 
1498) 883639805, 
1499) 884472505, 
1500) 884731589, 
1501) 885650049, 
1502) 885738861, 
1503) 886759993, 
1504) 886900424, 
1505) 888893805, 
1506) 889534394, 
1507) 890290936, 
1508) 890493738, 
1509) 890752584, 
1510) 890827803, 
1511) 891301209, 
1512) 892021425, 
1513) 892061469, 
1514) 892858322, 
1515) 893494240, 
1516) 894073906, 
1517) 894346251, 
1518) 894560849, 
1519) 895520101, 
1520) 896859002, 
1521) 897017629, 
1522) 897494409, 
1523) 897848927, 
1524) 899082096, 
1525) 903099979, 
1526) 903607130, 
1527) 903910679, 
1528) 904016648, 
1529) 904466972, 
1530) 905456576, 
1531) 905712838, 
1532) 906058577, 
1533) 906503904, 
1534) 907263645, 
1535) 907757474, 
1536) 907829377, 
1537) 908544921, 
1538) 908972886, 
1539) 911573088, 
1540) 911732374, 
1541) 912884020, 
1542) 913583722, 
1543) 914055920, 
1544) 915101220, 
1545) 915712788, 
1546) 916253890, 
1547) 916497383, 
1548) 917516189, 
1549) 917832682, 
1550) 918597922, 
1551) 919015396, 
1552) 919655559, 
1553) 920365751, 
1554) 920934688, 
1555) 921071242, 
1556) 921087964, 
1557) 921607059, 
1558) 921740982, 
1559) 922103805, 
1560) 923122433, 
1561) 924642586, 
1562) 924809919, 
1563) 926422469, 
1564) 926722630, 
1565) 926914780, 
1566) 927547755, 
1567) 928076802, 
1568) 928895706, 
1569) 930059240, 
1570) 930362293, 
1571) 931405391, 
1572) 931838813, 
1573) 931979623, 
1574) 932591113, 
1575) 932696807, 
1576) 933568603, 
1577) 933608893, 
1578) 933621471, 
1579) 934607531, 
1580) 934655675, 
1581) 936736154, 
1582) 938034151, 
1583) 938745868, 
1584) 939289641, 
1585) 940144782, 
1586) 940345003, 
1587) 940641571, 
1588) 941064761, 
1589) 941115801, 
1590) 941202701, 
1591) 942826543, 
1592) 943835335, 
1593) 943902906, 
1594) 943991532, 
1595) 944361623, 
1596) 945184354, 
1597) 945330811, 
1598) 945842072, 
1599) 946071931, 
1600) 946128691, 
1601) 946172838, 
1602) 949586734, 
1603) 949686586, 
1604) 949978869, 
1605) 950136604, 
1606) 950332813, 
1607) 950338019, 
1608) 950540445, 
1609) 950915933, 
1610) 951829991, 
1611) 951869149, 
1612) 953171343, 
1613) 953499259, 
1614) 954699014, 
1615) 955042354, 
1616) 955060856, 
1617) 956647740, 
1618) 956733748, 
1619) 960486289, 
1620) 960688037, 
1621) 960842644, 
1622) 960853110, 
1623) 960908502, 
1624) 960981098, 
1625) 961890256, 
1626) 963651646, 
1627) 964413127, 
1628) 964512774, 
1629) 964864990, 
1630) 966179101, 
1631) 967510017, 
1632) 967992341, 
1633) 968091310, 
1634) 968102560, 
1635) 968861077, 
1636) 969127242, 
1637) 969870911, 
1638) 970542188, 
1639) 970805695, 
1640) 971853600, 
1641) 973073868, 
1642) 973110376, 
1643) 973273855, 
1644) 973731726, 
1645) 974710355, 
1646) 976707654, 
1647) 976939393, 
1648) 978360383, 
1649) 979352942, 
1650) 979889496, 
1651) 980502560, 
1652) 980634816, 
1653) 982445013, 
1654) 983163959, 
1655) 983537725, 
1656) 983584537, 
1657) 984117184, 
1658) 984247318, 
1659) 984646100, 
1660) 984997973, 
1661) 985539893, 
1662) 985773778, 
1663) 988471851, 
1664) 988566305, 
1665) 988894855, 
1666) 989042335, 
1667) 989303393, 
1668) 989461302, 
1669) 989501551, 
1670) 990220339, 
1671) 990224273, 
1672) 990583071, 
1673) 990820152, 
1674) 990931431, 
1675) 991377672, 
1676) 992044755, 
1677) 992225770, 
1678) 992257483, 
1679) 992819041, 
1680) 993357785, 
1681) 993933276, 
1682) 994803015, 
1683) 995492871, 
1684) 995755366, 
1685) 997117329, 
1686) 997643959, 
1687) 999442344, 
1688) 1001437827, 
1689) 1002029952, 
1690) 1002204149, 
1691) 1003702188, 
1692) 1006121570, 
1693) 1006283840, 
1694) 1006795479, 
1695) 1007253201, 
1696) 1007689777, 
1697) 1008145842, 
1698) 1008901454, 
1699) 1008934008, 
1700) 1009804408, 
1701) 1009894892, 
1702) 1010352605, 
1703) 1010355420, 
1704) 1010395053, 
1705) 1010875651, 
1706) 1010886736, 
1707) 1011097163, 
1708) 1011155046, 
1709) 1012126838, 
1710) 1013050486, 
1711) 1013808550, 
1712) 1014757079, 
1713) 1016177664, 
1714) 1018126559, 
1715) 1019956627, 
1716) 1020433166, 
1717) 1020946587, 
1718) 1021451460, 
1719) 1021890191, 
1720) 1021990883, 
1721) 1022071399, 
1722) 1023591635, 
1723) 1025231355, 
1724) 1026735230, 
1725) 1028168755, 
1726) 1029317080, 
1727) 1029401543, 
1728) 1029924868, 
1729) 1030476670, 
1730) 1032047610, 
1731) 1034077371, 
1732) 1034573996, 
1733) 1034659088, 
1734) 1035018227, 
1735) 1035146802, 
1736) 1035455101, 
1737) 1035535813, 
1738) 1036116297, 
1739) 1036706479, 
1740) 1037232692, 
1741) 1037569199, 
1742) 1037584547, 
1743) 1038710224, 
1744) 1039198132, 
1745) 1040938102, 
1746) 1041471221, 
1747) 1041853962, 
1748) 1043407799, 
1749) 1043485282, 
1750) 1043865666, 
1751) 1044742616, 
1752) 1046050599, 
1753) 1046363830, 
1754) 1047583378, 
1755) 1049163953, 
1756) 1050079056, 
1757) 1050252274, 
1758) 1051987694, 
1759) 1052324627, 
1760) 1053577407, 
1761) 1053715290, 
1762) 1054951270, 
1763) 1055080743, 
1764) 1055664963, 
1765) 1055729656, 
1766) 1055865920, 
1767) 1056553564, 
1768) 1057802376, 
1769) 1058919262, 
1770) 1059851205, 
1771) 1059980857, 
1772) 1060398126, 
1773) 1060729183, 
1774) 1060757769, 
1775) 1062131720, 
1776) 1062325108, 
1777) 1062844418, 
1778) 1063053851, 
1779) 1063314128, 
1780) 1064853372, 
1781) 1065932184, 
1782) 1066209369, 
1783) 1066229236, 
1784) 1066547037, 
1785) 1067479687, 
1786) 1068013989, 
1787) 1068325853, 
1788) 1068352583, 
1789) 1068855712, 
1790) 1069150350, 
1791) 1069203867, 
1792) 1069848267, 
1793) 1069991313, 
1794) 1072176794, 
1795) 1072385390, 
1796) 1073248821, 
1797) 1074142434, 
1798) 1074513814, 
1799) 1075469465, 
1800) 1075833157, 
1801) 1075964007, 
1802) 1076124907, 
1803) 1076252689, 
1804) 1076810464, 
1805) 1078402339, 
1806) 1080079289, 
1807) 1080295818, 
1808) 1080954470, 
1809) 1082239463, 
1810) 1082981223, 
1811) 1083353500, 
1812) 1083848125, 
1813) 1083994261, 
1814) 1084998884, 
1815) 1086508333, 
1816) 1087076629, 
1817) 1087688490, 
1818) 1089128524, 
1819) 1089325523, 
1820) 1089899446, 
1821) 1090485619, 
1822) 1090559993, 
1823) 1090715879, 
1824) 1092514761, 
1825) 1093544716, 
1826) 1093868039, 
1827) 1094732695, 
1828) 1095469299, 
1829) 1096122308, 
1830) 1096530123, 
1831) 1097530871, 
1832) 1097771769, 
1833) 1098531807, 
1834) 1099756068, 
1835) 1101531078, 
1836) 1102919517, 
1837) 1103671895, 
1838) 1104447187, 
1839) 1105892249, 
1840) 1106157509, 
1841) 1106614909, 
1842) 1106741686, 
1843) 1108715320, 
1844) 1111073980, 
1845) 1111442556, 
1846) 1111836166, 
1847) 1111839730, 
1848) 1112028108, 
1849) 1112230773, 
1850) 1113670854, 
1851) 1113901238, 
1852) 1114459018, 
1853) 1115281259, 
1854) 1115973481, 
1855) 1116430500, 
1856) 1116787878, 
1857) 1117328492, 
1858) 1119638984, 
1859) 1119928764, 
1860) 1122232639, 
1861) 1122526911, 
1862) 1122613725, 
1863) 1122630069, 
1864) 1123149113, 
1865) 1123608673, 
1866) 1123981719, 
1867) 1124130600, 
1868) 1124944444, 
1869) 1125065173, 
1870) 1125401982, 
1871) 1126470088, 
1872) 1127493926, 
1873) 1128340880, 
1874) 1128509114, 
1875) 1129123914, 
1876) 1129496808, 
1877) 1129934548, 
1878) 1130100079, 
1879) 1130410047, 
1880) 1130646076, 
1881) 1131879161, 
1882) 1131946569, 
1883) 1133957706, 
1884) 1133991815, 
1885) 1134007747, 
1886) 1134026257, 
1887) 1134184447, 
1888) 1135890237, 
1889) 1136417312, 
1890) 1136608665, 
1891) 1137179962, 
1892) 1137435171, 
1893) 1137696884, 
1894) 1137718648, 
1895) 1137945802, 
1896) 1137981663, 
1897) 1138947319, 
1898) 1140219016, 
1899) 1141345662, 
1900) 1142130856, 
1901) 1142641879, 
1902) 1142645383, 
1903) 1144097790, 
1904) 1144355577, 
1905) 1144588876, 
1906) 1145643320, 
1907) 1145952183, 
1908) 1147268139, 
1909) 1147768495, 
1910) 1148724283, 
1911) 1148763347, 
1912) 1148765752, 
1913) 1148993962, 
1914) 1149033313, 
1915) 1149775795, 
1916) 1151120119, 
1917) 1151474704, 
1918) 1151697575, 
1919) 1151887424, 
1920) 1152708710, 
1921) 1153887303, 
1922) 1154693998, 
1923) 1154709453, 
1924) 1155232784, 
1925) 1155268311, 
1926) 1155291142, 
1927) 1155830617, 
1928) 1155896054, 
1929) 1156821719, 
1930) 1157098557, 
1931) 1157531838, 
1932) 1158830147, 
1933) 1159086290, 
1934) 1159372888, 
1935) 1161274342, 
1936) 1162466198, 
1937) 1166597017, 
1938) 1168584601, 
1939) 1169165631, 
1940) 1170095835, 
1941) 1170142257, 
1942) 1170672935, 
1943) 1170749055, 
1944) 1170798785, 
1945) 1170812425, 
1946) 1171297475, 
1947) 1171361570, 
1948) 1172534776, 
1949) 1172805021, 
1950) 1172996358, 
1951) 1173530121, 
1952) 1173891819, 
1953) 1173902143, 
1954) 1174930332, 
1955) 1175693081, 
1956) 1176309701, 
1957) 1176418538, 
1958) 1176447576, 
1959) 1176736464, 
1960) 1177361511, 
1961) 1179145927, 
1962) 1179342652, 
1963) 1180611350, 
1964) 1180674717, 
1965) 1180691748, 
1966) 1182104455, 
1967) 1183611853, 
1968) 1184692858, 
1969) 1184999749, 
1970) 1185164444, 
1971) 1185334428, 
1972) 1186111072, 
1973) 1186599500, 
1974) 1186661151, 
1975) 1186775508, 
1976) 1186828446, 
1977) 1186953508, 
1978) 1188196732, 
1979) 1188663644, 
1980) 1189215924, 
1981) 1189745064, 
1982) 1190505130, 
1983) 1190592661, 
1984) 1191041053, 
1985) 1191060370, 
1986) 1191122103, 
1987) 1191468811, 
1988) 1192646662, 
1989) 1192852871, 
1990) 1193404329, 
1991) 1193843111, 
1992) 1194058539, 
1993) 1194311196, 
1994) 1195911408, 
1995) 1196049287, 
1996) 1197086127, 
1997) 1197099389, 
1998) 1198508884, 
1999) 1198526972, 
2000) 1198739308, 
2001) 1200296172, 
2002) 1200553789, 
2003) 1200720556, 
2004) 1201136002, 
2005) 1202124500, 
2006) 1202348240, 
2007) 1202791460, 
2008) 1203624283, 
2009) 1203957929, 
2010) 1204062360, 
2011) 1204231280, 
2012) 1204731977, 
2013) 1205337393, 
2014) 1205667465, 
2015) 1205667604, 
2016) 1206234853, 
2017) 1206782412, 
2018) 1206943640, 
2019) 1207027945, 
2020) 1207054139, 
2021) 1207076416, 
2022) 1207229132, 
2023) 1208031417, 
2024) 1209350882, 
2025) 1209433223, 
2026) 1210375331, 
2027) 1211063050, 
2028) 1212227926, 
2029) 1213771333, 
2030) 1215457619, 
2031) 1215536909, 
2032) 1216164631, 
2033) 1216303904, 
2034) 1217269640, 
2035) 1217297921, 
2036) 1218085726, 
2037) 1218132362, 
2038) 1218568963, 
2039) 1219110982, 
2040) 1219612937, 
2041) 1219697487, 
2042) 1219969710, 
2043) 1220808365, 
2044) 1220916474, 
2045) 1220993487, 
2046) 1221524434, 
2047) 1221880653, 
2048) 1222624652, 
2049) 1223519834, 
2050) 1225489659, 
2051) 1225557767, 
2052) 1227540761, 
2053) 1228641340, 
2054) 1228838074, 
2055) 1229355305, 
2056) 1229747185, 
2057) 1230026055, 
2058) 1230195374, 
2059) 1230452120, 
2060) 1231414077, 
2061) 1232164691, 
2062) 1232411989, 
2063) 1233735139, 
2064) 1235147990, 
2065) 1236130553, 
2066) 1236539236, 
2067) 1237909724, 
2068) 1237919201, 
2069) 1238677577, 
2070) 1238745771, 
2071) 1239880418, 
2072) 1240834748, 
2073) 1241182569, 
2074) 1241515957, 
2075) 1241684346, 
2076) 1243484758, 
2077) 1243740382, 
2078) 1244059403, 
2079) 1244348852, 
2080) 1244393558, 
2081) 1244531521, 
2082) 1244905474, 
2083) 1245021084, 
2084) 1245482359, 
2085) 1245970236, 
2086) 1246307330, 
2087) 1247103290, 
2088) 1247133957, 
2089) 1249342928, 
2090) 1249419921, 
2091) 1249882822, 
2092) 1250079690, 
2093) 1250954076, 
2094) 1251289645, 
2095) 1252093898, 
2096) 1252133138, 
2097) 1252865670, 
2098) 1253041385, 
2099) 1253681699, 
2100) 1253891354, 
2101) 1253981135, 
2102) 1254606362, 
2103) 1255207318, 
2104) 1255284051, 
2105) 1255746446, 
2106) 1255881712, 
2107) 1255945073, 
2108) 1256278381, 
2109) 1257937864, 
2110) 1258069513, 
2111) 1258267652, 
2112) 1258389232, 
2113) 1259323464, 
2114) 1259359447, 
2115) 1259476694, 
2116) 1259738637, 
2117) 1260394045, 
2118) 1261173761, 
2119) 1261858712, 
2120) 1262207362, 
2121) 1262300693, 
2122) 1263969241, 
2123) 1265911314, 
2124) 1266064620, 
2125) 1266935681, 
2126) 1269058391, 
2127) 1269758166, 
2128) 1270755742, 
2129) 1271472591, 
2130) 1271561029, 
2131) 1272129966, 
2132) 1273825378, 
2133) 1275699080, 
2134) 1276952477, 
2135) 1278355625, 
2136) 1279135141, 
2137) 1280105854, 
2138) 1280940275, 
2139) 1281215347, 
2140) 1282069028, 
2141) 1282132489, 
2142) 1283022904, 
2143) 1283514108, 
2144) 1285054841, 
2145) 1285449023, 
2146) 1285574411, 
2147) 1285759475, 
2148) 1286183737, 
2149) 1286278293, 
2150) 1286559901, 
2151) 1287960571, 
2152) 1288333736, 
2153) 1288498670, 
2154) 1289540467, 
2155) 1289583971, 
2156) 1289847677, 
2157) 1290939363, 
2158) 1291002571, 
2159) 1291343319, 
2160) 1291472257, 
2161) 1292415112, 
2162) 1292732828, 
2163) 1292881468, 
2164) 1293401412, 
2165) 1293513916, 
2166) 1294091666, 
2167) 1294180980, 
2168) 1294276487, 
2169) 1295434588, 
2170) 1296011401, 
2171) 1296101904, 
2172) 1296628218, 
2173) 1297385840, 
2174) 1298157317, 
2175) 1298247176, 
2176) 1298320415, 
2177) 1299347547, 
2178) 1300737191, 
2179) 1301437314, 
2180) 1301697809, 
2181) 1301900706, 
2182) 1301902988, 
2183) 1302252218, 
2184) 1302573638, 
2185) 1302994538, 
2186) 1303119546, 
2187) 1303171992, 
2188) 1304077992, 
2189) 1304097865, 
2190) 1304151812, 
2191) 1304244989, 
2192) 1304256002, 
2193) 1306474829, 
2194) 1306666769, 
2195) 1306676058, 
2196) 1307900221, 
2197) 1308704927, 
2198) 1309442231, 
2199) 1309588145, 
2200) 1309717626, 
2201) 1310498309, 
2202) 1311114708, 
2203) 1311451715, 
2204) 1311536392, 
2205) 1311671551, 
2206) 1311714338, 
2207) 1311802154, 
2208) 1312743695, 
2209) 1313153993, 
2210) 1314025015, 
2211) 1314495639, 
2212) 1314504766, 
2213) 1314535400, 
2214) 1315465080, 
2215) 1315559916, 
2216) 1317057173, 
2217) 1318198195, 
2218) 1318759289, 
2219) 1320058271, 
2220) 1321376598, 
2221) 1321379693, 
2222) 1322054996, 
2223) 1322286102, 
2224) 1322534866, 
2225) 1323052308, 
2226) 1323906730, 
2227) 1324336192, 
2228) 1324870496, 
2229) 1325649620, 
2230) 1326946142, 
2231) 1327838488, 
2232) 1328076111, 
2233) 1328098331, 
2234) 1328534760, 
2235) 1328752210, 
2236) 1329603578, 
2237) 1329627374, 
2238) 1330072384, 
2239) 1331135798, 
2240) 1331544050, 
2241) 1331593573, 
2242) 1332121785, 
2243) 1332553347, 
2244) 1333485696, 
2245) 1333534248, 
2246) 1333702026, 
2247) 1333829005, 
2248) 1334116742, 
2249) 1334624192, 
2250) 1334957142, 
2251) 1335429421, 
2252) 1336810099, 
2253) 1336937963, 
2254) 1338023290, 
2255) 1338097831, 
2256) 1338135054, 
2257) 1338509043, 
2258) 1339216252, 
2259) 1339354249, 
2260) 1339450152, 
2261) 1340884698, 
2262) 1342874863, 
2263) 1343143194, 
2264) 1344450792, 
2265) 1344755317, 
2266) 1344995396, 
2267) 1345262362, 
2268) 1345399259, 
2269) 1345528585, 
2270) 1346212317, 
2271) 1346465401, 
2272) 1346482380, 
2273) 1346683838, 
2274) 1347359467, 
2275) 1351400434, 
2276) 1354030192, 
2277) 1354032552, 
2278) 1355757675, 
2279) 1356175263, 
2280) 1356728569, 
2281) 1356855358, 
2282) 1357328580, 
2283) 1357729805, 
2284) 1357844350, 
2285) 1358107776, 
2286) 1358332393, 
2287) 1358443336, 
2288) 1358522483, 
2289) 1360651360, 
2290) 1362836443, 
2291) 1362872241, 
2292) 1362942304, 
2293) 1363294406, 
2294) 1364007769, 
2295) 1364172030, 
2296) 1364504595, 
2297) 1365631744, 
2298) 1365995503, 
2299) 1366274556, 
2300) 1367465413, 
2301) 1367763857, 
2302) 1368125315, 
2303) 1368254085, 
2304) 1368333777, 
2305) 1368601120, 
2306) 1369768113, 
2307) 1373002235, 
2308) 1373149520, 
2309) 1375261435, 
2310) 1375358268, 
2311) 1376258859, 
2312) 1376478824, 
2313) 1377537136, 
2314) 1378206262, 
2315) 1378527374, 
2316) 1380807920, 
2317) 1381125268, 
2318) 1382212297, 
2319) 1382410883, 
2320) 1382553950, 
2321) 1383022037, 
2322) 1383811645, 
2323) 1384875208, 
2324) 1384920116, 
2325) 1384951877, 
2326) 1387781182, 
2327) 1387845300, 
2328) 1388127512, 
2329) 1388201618, 
2330) 1388563170, 
2331) 1389652183, 
2332) 1389724251, 
2333) 1390088540, 
2334) 1390285951, 
2335) 1390822400, 
2336) 1391159177, 
2337) 1391189802, 
2338) 1391780486, 
2339) 1391999411, 
2340) 1392037067, 
2341) 1392338514, 
2342) 1392459229, 
2343) 1392466223, 
2344) 1393666447, 
2345) 1393728459, 
2346) 1393804499, 
2347) 1393831628, 
2348) 1393884936, 
2349) 1394405844, 
2350) 1394677815, 
2351) 1395061587, 
2352) 1395230551, 
2353) 1395754433, 
2354) 1396316803, 
2355) 1396547046, 
2356) 1397274072, 
2357) 1397643459, 
2358) 1399148350, 
2359) 1399639608, 
2360) 1399758423, 
2361) 1401906714, 
2362) 1402027849, 
2363) 1402906746, 
2364) 1403557847, 
2365) 1404183831, 
2366) 1404247945, 
2367) 1404628329, 
2368) 1404632256, 
2369) 1405355636, 
2370) 1406254853, 
2371) 1407187393, 
2372) 1407317529, 
2373) 1407349066, 
2374) 1408319276, 
2375) 1408521630, 
2376) 1408955182, 
2377) 1409238507, 
2378) 1409354572, 
2379) 1409949877, 
2380) 1410277402, 
2381) 1411248102, 
2382) 1411290078, 
2383) 1411469583, 
2384) 1412161666, 
2385) 1412224366, 
2386) 1412529608, 
2387) 1412946064, 
2388) 1415081685, 
2389) 1415315571, 
2390) 1415922097, 
2391) 1416218984, 
2392) 1417302916, 
2393) 1417715600, 
2394) 1418896667, 
2395) 1419348442, 
2396) 1419954203, 
2397) 1419997518, 
2398) 1421021671, 
2399) 1421056601, 
2400) 1421895460, 
2401) 1422047549, 
2402) 1423373514, 
2403) 1423398535, 
2404) 1423436904, 
2405) 1424365149, 
2406) 1425049488, 
2407) 1425456027, 
2408) 1425460439, 
2409) 1425916538, 
2410) 1427124051, 
2411) 1427930021, 
2412) 1428677397, 
2413) 1428816088, 
2414) 1428929068, 
2415) 1430537632, 
2416) 1431090026, 
2417) 1431532019, 
2418) 1432144547, 
2419) 1434057896, 
2420) 1434261214, 
2421) 1434274575, 
2422) 1434391213, 
2423) 1435816439, 
2424) 1436947118, 
2425) 1437272244, 
2426) 1437421665, 
2427) 1438479405, 
2428) 1438728596, 
2429) 1439257919, 
2430) 1439696301, 
2431) 1440751385, 
2432) 1440971564, 
2433) 1441433856, 
2434) 1442013959, 
2435) 1442454752, 
2436) 1443427073, 
2437) 1443543045, 
2438) 1444071070, 
2439) 1444290297, 
2440) 1449010402, 
2441) 1449082033, 
2442) 1449243598, 
2443) 1452101213, 
2444) 1452394584, 
2445) 1452803634, 
2446) 1452924852, 
2447) 1453579290, 
2448) 1454292585, 
2449) 1454573086, 
2450) 1455036623, 
2451) 1456188691, 
2452) 1457730982, 
2453) 1457881013, 
2454) 1457885008, 
2455) 1458296754, 
2456) 1458937163, 
2457) 1460392572, 
2458) 1461493186, 
2459) 1461850675, 
2460) 1462265145, 
2461) 1462607769, 
2462) 1463241444, 
2463) 1463882095, 
2464) 1465209378, 
2465) 1465629197, 
2466) 1466755169, 
2467) 1466920721, 
2468) 1467286617, 
2469) 1467571936, 
2470) 1468195978, 
2471) 1468241872, 
2472) 1468527072, 
2473) 1468806815, 
2474) 1468813234, 
2475) 1470013153, 
2476) 1470758115, 
2477) 1471287897, 
2478) 1472142178, 
2479) 1472431624, 
2480) 1472521172, 
2481) 1474016247, 
2482) 1475238797, 
2483) 1475989029, 
2484) 1476337409, 
2485) 1477388397, 
2486) 1477783376, 
2487) 1478335876, 
2488) 1480060185, 
2489) 1480361295, 
2490) 1480917390, 
2491) 1482447920, 
2492) 1483160214, 
2493) 1483859665, 
2494) 1484247799, 
2495) 1489409585, 
2496) 1489785963, 
2497) 1490637751, 
2498) 1492048652, 
2499) 1492736613, 
2500) 1492933273, 
2501) 1493528250, 
2502) 1493930098, 
2503) 1495331444, 
2504) 1495555059, 
2505) 1496130339, 
2506) 1496997789, 
2507) 1497452516, 
2508) 1498132401, 
2509) 1499336851, 
2510) 1500434501, 
2511) 1500887458, 
2512) 1500974617, 
2513) 1501071998, 
2514) 1501539553, 
2515) 1501692546, 
2516) 1501979869, 
2517) 1502332289, 
2518) 1502722298, 
2519) 1504188430, 
2520) 1504881087, 
2521) 1505771936, 
2522) 1505825964, 
2523) 1505936855, 
2524) 1505964642, 
2525) 1506681452, 
2526) 1508697095, 
2527) 1510880900, 
2528) 1511049210, 
2529) 1511974060, 
2530) 1512123951, 
2531) 1512145389, 
2532) 1512216715, 
2533) 1513976956, 
2534) 1514605504, 
2535) 1515150228, 
2536) 1515672225, 
2537) 1515922172, 
2538) 1516434018, 
2539) 1517284926, 
2540) 1517713592, 
2541) 1518998376, 
2542) 1520340551, 
2543) 1520488031, 
2544) 1520910779, 
2545) 1522031858, 
2546) 1522325828, 
2547) 1522439883, 
2548) 1522740215, 
2549) 1523341220, 
2550) 1523742524, 
2551) 1524126313, 
2552) 1524757007, 
2553) 1524881841, 
2554) 1526063807, 
2555) 1527788429, 
2556) 1528032629, 
2557) 1528457400, 
2558) 1529580937, 
2559) 1530660999, 
2560) 1531093021, 
2561) 1531702149, 
2562) 1531770320, 
2563) 1532456432, 
2564) 1532594714, 
2565) 1532999409, 
2566) 1533026658, 
2567) 1534230612, 
2568) 1535199974, 
2569) 1535901579, 
2570) 1535938295, 
2571) 1537273813, 
2572) 1537949354, 
2573) 1537973204, 
2574) 1538399164, 
2575) 1538591815, 
2576) 1539613766, 
2577) 1539849793, 
2578) 1540240458, 
2579) 1540986616, 
2580) 1541990737, 
2581) 1542004707, 
2582) 1542396849, 
2583) 1542637866, 
2584) 1542951229, 
2585) 1543225789, 
2586) 1543911924, 
2587) 1544013853, 
2588) 1545078982, 
2589) 1545963660, 
2590) 1546355246, 
2591) 1546461009, 
2592) 1547756124, 
2593) 1547899214, 
2594) 1548044255, 
2595) 1548094465, 
2596) 1549297374, 
2597) 1549459115, 
2598) 1549722546, 
2599) 1550085199, 
2600) 1550214899, 
2601) 1551052787, 
2602) 1551195572, 
2603) 1552842580, 
2604) 1554150056, 
2605) 1557177748, 
2606) 1557568621, 
2607) 1557981073, 
2608) 1558067074, 
2609) 1558571863, 
2610) 1558758721, 
2611) 1560635566, 
2612) 1561803114, 
2613) 1562050667, 
2614) 1562444328, 
2615) 1562921486, 
2616) 1563063341, 
2617) 1563733012, 
2618) 1564159260, 
2619) 1564992333, 
2620) 1565899299, 
2621) 1566650429, 
2622) 1567162993, 
2623) 1567664798, 
2624) 1568994118, 
2625) 1569062471, 
2626) 1570268707, 
2627) 1570753199, 
2628) 1571743656, 
2629) 1572946147, 
2630) 1573687143, 
2631) 1576491910, 
2632) 1577020535, 
2633) 1577281733, 
2634) 1577972420, 
2635) 1578193249, 
2636) 1578497373, 
2637) 1578741744, 
2638) 1578914075, 
2639) 1579877836, 
2640) 1580652709, 
2641) 1581211972, 
2642) 1581401257, 
2643) 1581421636, 
2644) 1583317696, 
2645) 1583468875, 
2646) 1583988001, 
2647) 1584347489, 
2648) 1585082244, 
2649) 1585862868, 
2650) 1586330122, 
2651) 1586540934, 
2652) 1587311343, 
2653) 1587846275, 
2654) 1588412022, 
2655) 1588664398, 
2656) 1590003543, 
2657) 1590052320, 
2658) 1590068543, 
2659) 1590706951, 
2660) 1590931093, 
2661) 1592275789, 
2662) 1592406363, 
2663) 1594422219, 
2664) 1594832247, 
2665) 1595007311, 
2666) 1595378785, 
2667) 1595690587, 
2668) 1596125066, 
2669) 1597315711, 
2670) 1599011716, 
2671) 1599391776, 
2672) 1599476491, 
2673) 1599491991, 
2674) 1599755553, 
2675) 1600008284, 
2676) 1602480848, 
2677) 1602672683, 
2678) 1602873282, 
2679) 1602994167, 
2680) 1603986575, 
2681) 1604416674, 
2682) 1604422439, 
2683) 1604757004, 
2684) 1605385450, 
2685) 1606142593, 
2686) 1606517320, 
2687) 1606730592, 
2688) 1607506886, 
2689) 1608204241, 
2690) 1608602951, 
2691) 1609334282, 
2692) 1610534696, 
2693) 1610644956, 
2694) 1610686933, 
2695) 1613396869, 
2696) 1613553877, 
2697) 1614067000, 
2698) 1614248022, 
2699) 1614760383, 
2700) 1615894197, 
2701) 1616658153, 
2702) 1616841519, 
2703) 1617325626, 
2704) 1617827472, 
2705) 1618067649, 
2706) 1618250950, 
2707) 1618542858, 
2708) 1618594552, 
2709) 1618608756, 
2710) 1618847039, 
2711) 1618872447, 
2712) 1618902529, 
2713) 1619387082, 
2714) 1619675278, 
2715) 1619835292, 
2716) 1619911668, 
2717) 1620436478, 
2718) 1620456749, 
2719) 1620834349, 
2720) 1621991494, 
2721) 1622472450, 
2722) 1622496068, 
2723) 1622717056, 
2724) 1624194189, 
2725) 1625251041, 
2726) 1625779270, 
2727) 1625941228, 
2728) 1626841089, 
2729) 1628617341, 
2730) 1629019887, 
2731) 1630254179, 
2732) 1630857009, 
2733) 1632720503, 
2734) 1632793615, 
2735) 1634435035, 
2736) 1634720593, 
2737) 1635355849, 
2738) 1635936786, 
2739) 1636075632, 
2740) 1636294374, 
2741) 1636322640, 
2742) 1636505224, 
2743) 1636600141, 
2744) 1636615076, 
2745) 1636835462, 
2746) 1637926630, 
2747) 1638946828, 
2748) 1639813263, 
2749) 1639830805, 
2750) 1640939499, 
2751) 1641087251, 
2752) 1641268972, 
2753) 1641649199, 
2754) 1641810482, 
2755) 1642340192, 
2756) 1642671122, 
2757) 1643298777, 
2758) 1643388430, 
2759) 1643400528, 
2760) 1643771402, 
2761) 1644067009, 
2762) 1644514796, 
2763) 1644692655, 
2764) 1645164633, 
2765) 1645979435, 
2766) 1646951239, 
2767) 1647508596, 
2768) 1650527401, 
2769) 1650587038, 
2770) 1650951248, 
2771) 1651071846, 
2772) 1651402594, 
2773) 1651610226, 
2774) 1652074276, 
2775) 1652570606, 
2776) 1652621695, 
2777) 1652772487, 
2778) 1653292611, 
2779) 1654104993, 
2780) 1654160397, 
2781) 1654227797, 
2782) 1654284610, 
2783) 1654650334, 
2784) 1655224015, 
2785) 1656200813, 
2786) 1657377410, 
2787) 1657498342, 
2788) 1657574453, 
2789) 1657934899, 
2790) 1658209397, 
2791) 1658950403, 
2792) 1659829018, 
2793) 1661072249, 
2794) 1661463738, 
2795) 1661940269, 
2796) 1663441158, 
2797) 1663639661, 
2798) 1664799315, 
2799) 1666220405, 
2800) 1666658116, 
2801) 1668406411, 
2802) 1668523211, 
2803) 1668530424, 
2804) 1668599702, 
2805) 1668744993, 
2806) 1669780340, 
2807) 1671326051, 
2808) 1671693297, 
2809) 1671913241, 
2810) 1672105040, 
2811) 1672375638, 
2812) 1672430313, 
2813) 1673511715, 
2814) 1675489993, 
2815) 1676040931, 
2816) 1676570943, 
2817) 1677699861, 
2818) 1678968836, 
2819) 1679452891, 
2820) 1680299928, 
2821) 1680535630, 
2822) 1681126860, 
2823) 1681538055, 
2824) 1681665328, 
2825) 1682824093, 
2826) 1683009779, 
2827) 1683600611, 
2828) 1683624908, 
2829) 1684655656, 
2830) 1684749906, 
2831) 1684778262, 
2832) 1685323978, 
2833) 1685747772, 
2834) 1685983859, 
2835) 1686243585, 
2836) 1686574349, 
2837) 1686991532, 
2838) 1687865014, 
2839) 1687894740, 
2840) 1688911579, 
2841) 1689252879, 
2842) 1690508342, 
2843) 1690613778, 
2844) 1691639844, 
2845) 1692013081, 
2846) 1694828069, 
2847) 1695312903, 
2848) 1695480975, 
2849) 1695751262, 
2850) 1696370292, 
2851) 1697423420, 
2852) 1699094584, 
2853) 1699416495, 
2854) 1699839883, 
2855) 1700583894, 
2856) 1700717060, 
2857) 1700895858, 
2858) 1700909736, 
2859) 1701808374, 
2860) 1701855622, 
2861) 1704048310, 
2862) 1704095146, 
2863) 1704425145, 
2864) 1706400963, 
2865) 1706666672, 
2866) 1707356042, 
2867) 1708237642, 
2868) 1708493629, 
2869) 1708552526, 
2870) 1709335926, 
2871) 1709371448, 
2872) 1710028399, 
2873) 1710081749, 
2874) 1710268132, 
2875) 1710860745, 
2876) 1711021092, 
2877) 1711878170, 
2878) 1712632688, 
2879) 1714811375, 
2880) 1715481233, 
2881) 1715611882, 
2882) 1716197059, 
2883) 1717744882, 
2884) 1718046486, 
2885) 1718462969, 
2886) 1719272676, 
2887) 1720684941, 
2888) 1721113196, 
2889) 1721995199, 
2890) 1722956541, 
2891) 1723746351, 
2892) 1723996458, 
2893) 1724639078, 
2894) 1724982241, 
2895) 1725979581, 
2896) 1727003938, 
2897) 1727532652, 
2898) 1728082719, 
2899) 1728914338, 
2900) 1729137742, 
2901) 1730969099, 
2902) 1731239110, 
2903) 1732148219, 
2904) 1732253731, 
2905) 1733778190, 
2906) 1734457774, 
2907) 1735096945, 
2908) 1735527889, 
2909) 1735874123, 
2910) 1735987794, 
2911) 1736574738, 
2912) 1736811057, 
2913) 1738410079, 
2914) 1739186315, 
2915) 1741471736, 
2916) 1742043457, 
2917) 1742651686, 
2918) 1742831796, 
2919) 1743559244, 
2920) 1748106221, 
2921) 1748836982, 
2922) 1749006371, 
2923) 1749056097, 
2924) 1749668013, 
2925) 1749677253, 
2926) 1749991668, 
2927) 1750113895, 
2928) 1750792819, 
2929) 1750832557, 
2930) 1751202546, 
2931) 1752451865, 
2932) 1752547002, 
2933) 1754356279, 
2934) 1754357753, 
2935) 1754563854, 
2936) 1755683435, 
2937) 1757003097, 
2938) 1757142733, 
2939) 1757168667, 
2940) 1759684769, 
2941) 1759744652, 
2942) 1760805203, 
2943) 1760927536, 
2944) 1761148236, 
2945) 1762197287, 
2946) 1762866853, 
2947) 1763363319, 
2948) 1764328436, 
2949) 1765002787, 
2950) 1765251049, 
2951) 1766777043, 
2952) 1766983260, 
2953) 1767013445, 
2954) 1767429138, 
2955) 1768088783, 
2956) 1768466935, 
2957) 1768617515, 
2958) 1768784811, 
2959) 1769551821, 
2960) 1769764408, 
2961) 1770036852, 
2962) 1770472095, 
2963) 1770549195, 
2964) 1770763349, 
2965) 1773053492, 
2966) 1773476566, 
2967) 1773532954, 
2968) 1773659119, 
2969) 1773694552, 
2970) 1774562202, 
2971) 1774612013, 
2972) 1775711042, 
2973) 1776637043, 
2974) 1777145055, 
2975) 1777538995, 
2976) 1778136578, 
2977) 1779668022, 
2978) 1780422367, 
2979) 1780520329, 
2980) 1780641930, 
2981) 1781011636, 
2982) 1781411386, 
2983) 1781915068, 
2984) 1782172022, 
2985) 1782470667, 
2986) 1782950339, 
2987) 1783403034, 
2988) 1783533701, 
2989) 1783685071, 
2990) 1784210570, 
2991) 1785943079, 
2992) 1786183042, 
2993) 1787746040, 
2994) 1789197175, 
2995) 1790915654, 
2996) 1792603525, 
2997) 1792790191, 
2998) 1793087701, 
2999) 1794076290, 
3000) 1795126611, 
3001) 1796865558, 
3002) 1797912358, 
3003) 1798532259, 
3004) 1800995640, 
3005) 1801374484, 
3006) 1801658969, 
3007) 1802262515, 
3008) 1802491644, 
3009) 1802537184, 
3010) 1802657712, 
3011) 1802961318, 
3012) 1803149640, 
3013) 1803386102, 
3014) 1803857371, 
3015) 1805435840, 
3016) 1806996293, 
3017) 1807045502, 
3018) 1808268436, 
3019) 1809656258, 
3020) 1810671094, 
3021) 1812686979, 
3022) 1813406806, 
3023) 1813579372, 
3024) 1814326792, 
3025) 1816712389, 
3026) 1816994140, 
3027) 1817024905, 
3028) 1817416439, 
3029) 1817655705, 
3030) 1818447632, 
3031) 1818860080, 
3032) 1819770034, 
3033) 1819919825, 
3034) 1820944891, 
3035) 1822369791, 
3036) 1822885842, 
3037) 1823410299, 
3038) 1824945266, 
3039) 1825257982, 
3040) 1826045177, 
3041) 1826703063, 
3042) 1826727245, 
3043) 1827400910, 
3044) 1829052636, 
3045) 1830687431, 
3046) 1831110395, 
3047) 1831447780, 
3048) 1832526308, 
3049) 1832716410, 
3050) 1833280375, 
3051) 1833455576, 
3052) 1834209160, 
3053) 1834686106, 
3054) 1835538135, 
3055) 1835977124, 
3056) 1836702773, 
3057) 1836834356, 
3058) 1837395541, 
3059) 1837612735, 
3060) 1839852251, 
3061) 1840226252, 
3062) 1841068853, 
3063) 1841077327, 
3064) 1841219748, 
3065) 1843157868, 
3066) 1843407211, 
3067) 1844131090, 
3068) 1844602986, 
3069) 1844875666, 
3070) 1844880240, 
3071) 1845271432, 
3072) 1846508761, 
3073) 1846815500, 
3074) 1847663667, 
3075) 1847809743, 
3076) 1848444748, 
3077) 1849548651, 
3078) 1849599699, 
3079) 1850415304, 
3080) 1850816724, 
3081) 1851673142, 
3082) 1851960436, 
3083) 1852053168, 
3084) 1852109080, 
3085) 1852709959, 
3086) 1853085758, 
3087) 1853092209, 
3088) 1853823116, 
3089) 1853875677, 
3090) 1853944365, 
3091) 1854230121, 
3092) 1856807600, 
3093) 1856935098, 
3094) 1857871558, 
3095) 1857942602, 
3096) 1857986799, 
3097) 1858696617, 
3098) 1859080200, 
3099) 1859407074, 
3100) 1859516647, 
3101) 1859922346, 
3102) 1860190255, 
3103) 1860405612, 
3104) 1860544123, 
3105) 1863992099, 
3106) 1864437997, 
3107) 1865069810, 
3108) 1865083861, 
3109) 1865882372, 
3110) 1866763432, 
3111) 1867658896, 
3112) 1868199577, 
3113) 1869363292, 
3114) 1870605950, 
3115) 1871529293, 
3116) 1872670825, 
3117) 1872946817, 
3118) 1874308844, 
3119) 1874842933, 
3120) 1875244288, 
3121) 1876692752, 
3122) 1876982011, 
3123) 1877140914, 
3124) 1877321922, 
3125) 1877483806, 
3126) 1877829215, 
3127) 1877934051, 
3128) 1878491581, 
3129) 1880128774, 
3130) 1881712807, 
3131) 1884011824, 
3132) 1884206317, 
3133) 1884663429, 
3134) 1884822841, 
3135) 1885387472, 
3136) 1885783409, 
3137) 1885804797, 
3138) 1886696249, 
3139) 1886924452, 
3140) 1887283541, 
3141) 1887504293, 
3142) 1887510586, 
3143) 1887643927, 
3144) 1889486009, 
3145) 1889510214, 
3146) 1889705903, 
3147) 1890213966, 
3148) 1890255070, 
3149) 1891008863, 
3150) 1891083516, 
3151) 1891387004, 
3152) 1893778118, 
3153) 1894299142, 
3154) 1894620373, 
3155) 1895044699, 
3156) 1895793561, 
3157) 1895899705, 
3158) 1896429350, 
3159) 1896983694, 
3160) 1898792613, 
3161) 1899746986, 
3162) 1900509685, 
3163) 1901356641, 
3164) 1901796179, 
3165) 1904781319, 
3166) 1904804886, 
3167) 1905056013, 
3168) 1906400885, 
3169) 1906707484, 
3170) 1907425021, 
3171) 1907883117, 
3172) 1907907800, 
3173) 1909875380, 
3174) 1910064545, 
3175) 1910902091, 
3176) 1911138673, 
3177) 1911410554, 
3178) 1911742780, 
3179) 1911836977, 
3180) 1911962917, 
3181) 1912704458, 
3182) 1913919794, 
3183) 1914119252, 
3184) 1914169929, 
3185) 1914296100, 
3186) 1914312965, 
3187) 1914729805, 
3188) 1915572667, 
3189) 1917324911, 
3190) 1917862117, 
3191) 1918942284, 
3192) 1919100371, 
3193) 1919112748, 
3194) 1920502794, 
3195) 1920620058, 
3196) 1922080281, 
3197) 1922742074, 
3198) 1923330078, 
3199) 1923940846, 
3200) 1924155973, 
3201) 1924975741, 
3202) 1926430042, 
3203) 1928169107, 
3204) 1928769829, 
3205) 1929533850, 
3206) 1930577960, 
3207) 1931169932, 
3208) 1931213770, 
3209) 1931438850, 
3210) 1931841495, 
3211) 1932467678, 
3212) 1933108682, 
3213) 1933149658, 
3214) 1935278424, 
3215) 1935800293, 
3216) 1935870657, 
3217) 1936471454, 
3218) 1938149859, 
3219) 1938664408, 
3220) 1938941192, 
3221) 1939405367, 
3222) 1940025710, 
3223) 1940033715, 
3224) 1940155442, 
3225) 1940584842, 
3226) 1942540809, 
3227) 1942810260, 
3228) 1943074556, 
3229) 1944048086, 
3230) 1945717551, 
3231) 1946576107, 
3232) 1947386805, 
3233) 1949684025, 
3234) 1950409296, 
3235) 1952508666, 
3236) 1953581151, 
3237) 1953725734, 
3238) 1954398770, 
3239) 1956086779, 
3240) 1956101623, 
3241) 1957375163, 
3242) 1958305621, 
3243) 1958634256, 
3244) 1959050124, 
3245) 1959244136, 
3246) 1959407104, 
3247) 1959586496, 
3248) 1960288355, 
3249) 1960989953, 
3250) 1961191344, 
3251) 1961425420, 
3252) 1962185017, 
3253) 1962308343, 
3254) 1962542036, 
3255) 1962613563, 
3256) 1962939239, 
3257) 1963657668, 
3258) 1964027126, 
3259) 1964454148, 
3260) 1964649756, 
3261) 1964841250, 
3262) 1965209890, 
3263) 1965398860, 
3264) 1965652779, 
3265) 1966553724, 
3266) 1967905076, 
3267) 1967961789, 
3268) 1968261785, 
3269) 1968373126, 
3270) 1968488995, 
3271) 1968609250, 
3272) 1968615843, 
3273) 1969041419, 
3274) 1969386586, 
3275) 1970646182, 
3276) 1970678287, 
3277) 1970757679, 
3278) 1971181487, 
3279) 1971182727, 
3280) 1974035167, 
3281) 1974372669, 
3282) 1974516104, 
3283) 1974940095, 
3284) 1975302622, 
3285) 1975461547, 
3286) 1976001967, 
3287) 1976470306, 
3288) 1976526954, 
3289) 1976874125, 
3290) 1977437975, 
3291) 1978084475, 
3292) 1978756343, 
3293) 1978810973, 
3294) 1978874871, 
3295) 1979709749, 
3296) 1979799521, 
3297) 1980047877, 
3298) 1981170562, 
3299) 1981389248, 
3300) 1982349318, 
3301) 1982426103, 
3302) 1982574408, 
3303) 1983513814, 
3304) 1984030919, 
3305) 1984367936, 
3306) 1984505404, 
3307) 1984681242, 
3308) 1984920187, 
3309) 1986275754, 
3310) 1986704465, 
3311) 1987337166, 
3312) 1988407416, 
3313) 1990802564, 
3314) 1991053124, 
3315) 1991491217, 
3316) 1991547430, 
3317) 1991825643, 
3318) 1993313165, 
3319) 1993655050, 
3320) 1994297707, 
3321) 1994655157, 
3322) 1995032834, 
3323) 1995087834, 
3324) 1995217841, 
3325) 1995954532, 
3326) 1996886293, 
3327) 1997968309, 
3328) 1998291133, 
3329) 1998316487, 
3330) 1998699229, 
3331) 1998821330, 
3332) 1999219708, 
3333) 1999836570, 
3334) 2000007080, 
3335) 2000194878, 
3336) 2002066703, 
3337) 2002309831, 
3338) 2002638873, 
3339) 2004238693, 
3340) 2005068952, 
3341) 2006198854, 
3342) 2006200036, 
3343) 2006806321, 
3344) 2007134523, 
3345) 2007304917, 
3346) 2008518655, 
3347) 2008571331, 
3348) 2008659737, 
3349) 2008902291, 
3350) 2008952720, 
3351) 2009132019, 
3352) 2010169176, 
3353) 2010465114, 
3354) 2012493240, 
3355) 2012644892, 
3356) 2012723867, 
3357) 2013103409, 
3358) 2013188476, 
3359) 2013278205, 
3360) 2013758995, 
3361) 2014569233, 
3362) 2015431972, 
3363) 2015654884, 
3364) 2016253321, 
3365) 2017046509, 
3366) 2017070693, 
3367) 2017302639, 
3368) 2021988310, 
3369) 2022289581, 
3370) 2022631664, 
3371) 2024294440, 
3372) 2025505341, 
3373) 2025744344, 
3374) 2027477600, 
3375) 2027591097, 
3376) 2028898052, 
3377) 2029416511, 
3378) 2029929757, 
3379) 2030164952, 
3380) 2030520796, 
3381) 2031450053, 
3382) 2033347019, 
3383) 2033506894, 
3384) 2033592208, 
3385) 2033686261, 
3386) 2033889081, 
3387) 2034233440, 
3388) 2034506423, 
3389) 2035133964, 
3390) 2036515283, 
3391) 2036715642, 
3392) 2037388667, 
3393) 2038078593, 
3394) 2038298322, 
3395) 2038676678, 
3396) 2038921491, 
3397) 2040563777, 
3398) 2041043108, 
3399) 2041396211, 
3400) 2041499673, 
3401) 2042192725, 
3402) 2042586581, 
3403) 2042662343, 
3404) 2043007407, 
3405) 2043350107, 
3406) 2046647295, 
3407) 2047691165, 
3408) 2048081725, 
3409) 2048748948, 
3410) 2049066278, 
3411) 2049079997, 
3412) 2050723308, 
3413) 2050749330, 
3414) 2050915087, 
3415) 2051719535, 
3416) 2052793185, 
3417) 2053106487, 
3418) 2054050529, 
3419) 2055442865, 
3420) 2055616117, 
3421) 2055852210, 
3422) 2056499557, 
3423) 2057109251, 
3424) 2057192898, 
3425) 2057229859, 
3426) 2058537003, 
3427) 2058583560, 
3428) 2058608530, 
3429) 2058827719, 
3430) 2059144847, 
3431) 2059203195, 
3432) 2059254455, 
3433) 2059546825, 
3434) 2059750571, 
3435) 2059792481, 
3436) 2060563033, 
3437) 2060724354, 
3438) 2061454262, 
3439) 2061588948, 
3440) 2061745977, 
3441) 2063380050, 
3442) 2063508975, 
3443) 2064103844, 
3444) 2064492026, 
3445) 2065148453, 
3446) 2067202578, 
3447) 2067514016, 
3448) 2068643672, 
3449) 2068909508, 
3450) 2069651642, 
3451) 2069838104, 
3452) 2071253019, 
3453) 2071741125, 
3454) 2072134279, 
3455) 2072971423, 
3456) 2074070776, 
3457) 2074318580, 
3458) 2074550884, 
3459) 2075544912, 
3460) 2075982700, 
3461) 2076366952, 
3462) 2077992910, 
3463) 2078210654, 
3464) 2079273919, 
3465) 2079849427, 
3466) 2080603022, 
3467) 2081243136, 
3468) 2083202769, 
3469) 2084019921, 
3470) 2085273189, 
3471) 2086185264, 
3472) 2086316002, 
3473) 2087829494, 
3474) 2088136368, 
3475) 2089038747, 
3476) 2089102448, 
3477) 2089653900, 
3478) 2090441488, 
3479) 2090456232, 
3480) 2090561591, 
3481) 2091227336, 
3482) 2091988937, 
3483) 2092070509, 
3484) 2092236012, 
3485) 2092392408, 
3486) 2093170128, 
3487) 2097013730, 
3488) 2097108918, 
3489) 2098178016, 
3490) 2098619534, 
3491) 2100948264, 
3492) 2101114292, 
3493) 2101778053, 
3494) 2102777181, 
3495) 2102958942, 
3496) 2105240204, 
3497) 2105457525, 
3498) 2106074547, 
3499) 2106175519, 
3500) 2106266429, 
3501) 2106860836, 
3502) 2107517457, 
3503) 2107812816, 
3504) 2108454811, 
3505) 2109872808, 
3506) 2110552999, 
3507) 2113106255, 
3508) 2113698832, 
3509) 2114063547, 
3510) 2114262828, 
3511) 2114342642, 
3512) 2114697751, 
3513) 2117081666, 
3514) 2118574129, 
3515) 2119080097, 
3516) 2120996672, 
3517) 2122057300, 
3518) 2122238548, 
3519) 2122768551, 
3520) 2122822680, 
3521) 2122873794, 
3522) 2123287130, 
3523) 2123583254, 
3524) 2124095748, 
3525) 2124119524, 
3526) 2124663406, 
3527) 2124881493, 
3528) 2124936493, 
3529) 2125013953, 
3530) 2125626981, 
3531) 2127636081, 
3532) 2128726913, 
3533) 2128902079, 
3534) 2129428857, 
3535) 2129636081, 
3536) 2130125513, 
3537) 2130128259, 
3538) 2130513602, 
3539) 2130567501, 
3540) 2130917692, 
3541) 2131849322, 
3542) 2132435747, 
3543) 2133281073, 
3544) 2133286204, 
3545) 2135863620, 
3546) 2135864841, 
3547) 2137202585, 
3548) 2137332934, 
3549) 2137715343, 
3550) 2137907920, 
3551) 2138126960, 
3552) 2138684745, 
3553) 2139112523, 
3554) 2139314531, 
3555) 2139317083, 
3556) 2139848785, 
3557) 2140122452, 
3558) 2141264734, 
3559) 2141395983, 
3560) 2142290041, 
3561) 2142326231, 
3562) 2142750341, 
3563) 2142789127, 
3564) 2143152176, 
3565) 2143220042, 
3566) 2143739606, 
3567) 2144253868, 
3568) 2145028824, 
3569) 2145978928, 
3570) 2145997977, 
3571) 2146037553, 
3572) 2146437600, 
3573) 2146609045, 
3574) 2146703602, 
3575) 2147133193, 
3576) 2148186249, 
3577) 2148293758, 
3578) 2148934558, 
3579) 2149309770, 
3580) 2150197967, 
3581) 2151056597, 
3582) 2151128634, 
3583) 2151403454, 
3584) 2152040551, 
3585) 2152324809, 
3586) 2152351754, 
3587) 2152582544, 
3588) 2153259591, 
3589) 2153330891, 
3590) 2153563211, 
3591) 2153862744, 
3592) 2154137446, 
3593) 2154321666, 
3594) 2154667068, 
3595) 2155274345, 
3596) 2156051966, 
3597) 2156881040, 
3598) 2157892227, 
3599) 2157981960, 
3600) 2159232112, 
3601) 2160136209, 
3602) 2160531270, 
3603) 2160856055, 
3604) 2161421453, 
3605) 2161587075, 
3606) 2161841147, 
3607) 2161939918, 
3608) 2162226435, 
3609) 2164122235, 
3610) 2165584665, 
3611) 2166086106, 
3612) 2166733119, 
3613) 2166885324, 
3614) 2167390200, 
3615) 2167550800, 
3616) 2168235396, 
3617) 2168587802, 
3618) 2168792532, 
3619) 2169368706, 
3620) 2169496037, 
3621) 2170109258, 
3622) 2170185819, 
3623) 2171073064, 
3624) 2172227726, 
3625) 2172525615, 
3626) 2172848129, 
3627) 2173449766, 
3628) 2173823044, 
3629) 2174049217, 
3630) 2176456115, 
3631) 2176937429, 
3632) 2177491290, 
3633) 2178330729, 
3634) 2179277003, 
3635) 2179321909, 
3636) 2179935388, 
3637) 2180200823, 
3638) 2181456908, 
3639) 2181480601, 
3640) 2182235860, 
3641) 2183025727, 
3642) 2183783010, 
3643) 2184105117, 
3644) 2184347486, 
3645) 2185309526, 
3646) 2185445853, 
3647) 2185676928, 
3648) 2186167263, 
3649) 2186179252, 
3650) 2186281925, 
3651) 2186846371, 
3652) 2188055883, 
3653) 2188338921, 
3654) 2188393843, 
3655) 2188857636, 
3656) 2188966482, 
3657) 2189719037, 
3658) 2190753490, 
3659) 2190818080, 
3660) 2192401164, 
3661) 2194995291, 
3662) 2195637311, 
3663) 2195674645, 
3664) 2195787953, 
3665) 2196131097, 
3666) 2196159453, 
3667) 2196720209, 
3668) 2197957759, 
3669) 2198619218, 
3670) 2199259716, 
3671) 2199344977, 
3672) 2199487643, 
3673) 2200291157, 
3674) 2200446883, 
3675) 2201089316, 
3676) 2201941505, 
3677) 2202783146, 
3678) 2202792450, 
3679) 2203927426, 
3680) 2203998063, 
3681) 2206376786, 
3682) 2207325116, 
3683) 2208016775, 
3684) 2208186078, 
3685) 2208681030, 
3686) 2208847073, 
3687) 2208847899, 
3688) 2210064605, 
3689) 2210263649, 
3690) 2211149680, 
3691) 2211180417, 
3692) 2211225868, 
3693) 2211418544, 
3694) 2211706172, 
3695) 2212763402, 
3696) 2214466282, 
3697) 2215050322, 
3698) 2215088432, 
3699) 2215595737, 
3700) 2216468993, 
3701) 2216873387, 
3702) 2217604580, 
3703) 2218830980, 
3704) 2219104661, 
3705) 2219108792, 
3706) 2219588498, 
3707) 2220547707, 
3708) 2220783637, 
3709) 2221638030, 
3710) 2222037106, 
3711) 2223096118, 
3712) 2223377279, 
3713) 2223674193, 
3714) 2223717196, 
3715) 2224975001, 
3716) 2225710251, 
3717) 2225810304, 
3718) 2226364966, 
3719) 2226513811, 
3720) 2227422935, 
3721) 2227898807, 
3722) 2228651217, 
3723) 2229011286, 
3724) 2229323458, 
3725) 2229968012, 
3726) 2230463452, 
3727) 2231079617, 
3728) 2232208801, 
3729) 2233010792, 
3730) 2233359811, 
3731) 2233743500, 
3732) 2233885148, 
3733) 2234050885, 
3734) 2234151447, 
3735) 2234309400, 
3736) 2234619852, 
3737) 2234966822, 
3738) 2235009144, 
3739) 2235053090, 
3740) 2235114196, 
3741) 2235363055, 
3742) 2235593635, 
3743) 2236312821, 
3744) 2236830644, 
3745) 2237573838, 
3746) 2238320630, 
3747) 2238486513, 
3748) 2239056574, 
3749) 2239529842, 
3750) 2239590161, 
3751) 2239881484, 
3752) 2240578123, 
3753) 2240770611, 
3754) 2240909423, 
3755) 2241055872, 
3756) 2241549361, 
3757) 2242898391, 
3758) 2242938931, 
3759) 2242990788, 
3760) 2245127873, 
3761) 2246001653, 
3762) 2246248640, 
3763) 2247772801, 
3764) 2251919071, 
3765) 2252763260, 
3766) 2253471497, 
3767) 2253635917, 
3768) 2254819427, 
3769) 2255594614, 
3770) 2256347084, 
3771) 2258538247, 
3772) 2260054318, 
3773) 2260824963, 
3774) 2260829867, 
3775) 2261269491, 
3776) 2261676311, 
3777) 2261798335, 
3778) 2261981373, 
3779) 2263031001, 
3780) 2264513688, 
3781) 2264572617, 
3782) 2265105669, 
3783) 2265429758, 
3784) 2266746253, 
3785) 2267126178, 
3786) 2267620514, 
3787) 2269237602, 
3788) 2270050901, 
3789) 2270507059, 
3790) 2271041950, 
3791) 2271341242, 
3792) 2271713052, 
3793) 2272210839, 
3794) 2272518766, 
3795) 2275015151, 
3796) 2275233000, 
3797) 2275256138, 
3798) 2275399291, 
3799) 2275680283, 
3800) 2275766790, 
3801) 2276180684, 
3802) 2276181649, 
3803) 2277104557, 
3804) 2277255589, 
3805) 2277502505, 
3806) 2277651374, 
3807) 2278057053, 
3808) 2278180268, 
3809) 2278521482, 
3810) 2279172128, 
3811) 2279190859, 
3812) 2279293737, 
3813) 2280564086, 
3814) 2280625839, 
3815) 2281401039, 
3816) 2283055928, 
3817) 2285105917, 
3818) 2285374976, 
3819) 2285399347, 
3820) 2286020668, 
3821) 2286209537, 
3822) 2286490126, 
3823) 2286763235, 
3824) 2287200788, 
3825) 2287252191, 
3826) 2287365317, 
3827) 2287458958, 
3828) 2287621383, 
3829) 2288686948, 
3830) 2289334063, 
3831) 2289462567, 
3832) 2289817626, 
3833) 2290482701, 
3834) 2291140123, 
3835) 2291221366, 
3836) 2291233664, 
3837) 2291314636, 
3838) 2291838346, 
3839) 2292082656, 
3840) 2293997925, 
3841) 2295905336, 
3842) 2296101008, 
3843) 2296232846, 
3844) 2296287175, 
3845) 2296728005, 
3846) 2297260663, 
3847) 2299194606, 
3848) 2300059436, 
3849) 2300811561, 
3850) 2301620897, 
3851) 2301679029, 
3852) 2301786670, 
3853) 2302325794, 
3854) 2302995615, 
3855) 2303620790, 
3856) 2303669053, 
3857) 2304099133, 
3858) 2304344489, 
3859) 2305349166, 
3860) 2305720729, 
3861) 2305818166, 
3862) 2306145647, 
3863) 2307061911, 
3864) 2308277095, 
3865) 2308291073, 
3866) 2309340705, 
3867) 2309536282, 
3868) 2310125662, 
3869) 2311752084, 
3870) 2312412070, 
3871) 2312652897, 
3872) 2315061327, 
3873) 2316222213, 
3874) 2316497715, 
3875) 2317095743, 
3876) 2317210124, 
3877) 2317885597, 
3878) 2318011551, 
3879) 2318119525, 
3880) 2318337603, 
3881) 2319487241, 
3882) 2321323631, 
3883) 2321348710, 
3884) 2321732522, 
3885) 2322093203, 
3886) 2322102924, 
3887) 2322380744, 
3888) 2322854414, 
3889) 2323370032, 
3890) 2323670452, 
3891) 2323958460, 
3892) 2324836159, 
3893) 2325144044, 
3894) 2325570823, 
3895) 2325636049, 
3896) 2325719053, 
3897) 2326329575, 
3898) 2326499665, 
3899) 2328508054, 
3900) 2330161071, 
3901) 2330882319, 
3902) 2330911539, 
3903) 2331822598, 
3904) 2332921397, 
3905) 2333182468, 
3906) 2334203533, 
3907) 2334484251, 
3908) 2335306726, 
3909) 2335321964, 
3910) 2336249506, 
3911) 2339112615, 
3912) 2339903250, 
3913) 2340063683, 
3914) 2340373072, 
3915) 2340405597, 
3916) 2340724363, 
3917) 2340970067, 
3918) 2341146789, 
3919) 2341298007, 
3920) 2341427096, 
3921) 2343398725, 
3922) 2343511102, 
3923) 2344026980, 
3924) 2344409461, 
3925) 2344834939, 
3926) 2345400590, 
3927) 2346299320, 
3928) 2346331095, 
3929) 2346893508, 
3930) 2347173687, 
3931) 2347269429, 
3932) 2348832081, 
3933) 2351986016, 
3934) 2353771790, 
3935) 2353780306, 
3936) 2354620451, 
3937) 2355291161, 
3938) 2355406661, 
3939) 2356556302, 
3940) 2357000945, 
3941) 2357141410, 
3942) 2358424251, 
3943) 2358858518, 
3944) 2358926904, 
3945) 2359950996, 
3946) 2360425755, 
3947) 2360696788, 
3948) 2361530819, 
3949) 2361653934, 
3950) 2362347307, 
3951) 2362881834, 
3952) 2363751856, 
3953) 2363878408, 
3954) 2364278034, 
3955) 2365455363, 
3956) 2367074769, 
3957) 2367875029, 
3958) 2369237938, 
3959) 2369365227, 
3960) 2369456895, 
3961) 2370038655, 
3962) 2371276255, 
3963) 2372041783, 
3964) 2372368871, 
3965) 2373178439, 
3966) 2374506549, 
3967) 2374616535, 
3968) 2374935608, 
3969) 2375132690, 
3970) 2375381018, 
3971) 2375692227, 
3972) 2376319573, 
3973) 2376536966, 
3974) 2377779144, 
3975) 2377833211, 
3976) 2378250909, 
3977) 2378718060, 
3978) 2378817913, 
3979) 2378936770, 
3980) 2380229996, 
3981) 2381068808, 
3982) 2381104144, 
3983) 2381112764, 
3984) 2381690387, 
3985) 2382557232, 
3986) 2382665803, 
3987) 2382935172, 
3988) 2382962489, 
3989) 2384513155, 
3990) 2384704851, 
3991) 2385050948, 
3992) 2386382321, 
3993) 2386886053, 
3994) 2387014177, 
3995) 2387496655, 
3996) 2387556933, 
3997) 2387710087, 
3998) 2387860309, 
3999) 2389480251, 
4000) 2391002540, 
4001) 2393829277, 
4002) 2394223450, 
4003) 2394282277, 
4004) 2394361200, 
4005) 2394614068, 
4006) 2394832012, 
4007) 2395240377, 
4008) 2395319296, 
4009) 2395415896, 
4010) 2395618485, 
4011) 2398441455, 
4012) 2398475069, 
4013) 2398703942, 
4014) 2399135721, 
4015) 2399172481, 
4016) 2399373426, 
4017) 2399598807, 
4018) 2402479159, 
4019) 2402629709, 
4020) 2403877691, 
4021) 2404392337, 
4022) 2404519266, 
4023) 2405112138, 
4024) 2405173849, 
4025) 2405324058, 
4026) 2406220221, 
4027) 2410753586, 
4028) 2411443637, 
4029) 2411474517, 
4030) 2411640766, 
4031) 2411864309, 
4032) 2412303244, 
4033) 2412403941, 
4034) 2412795739, 
4035) 2413186158, 
4036) 2413370227, 
4037) 2414771343, 
4038) 2415100542, 
4039) 2415473251, 
4040) 2415891926, 
4041) 2415905425, 
4042) 2416196613, 
4043) 2417095731, 
4044) 2418444346, 
4045) 2420891478, 
4046) 2421359202, 
4047) 2421950131, 
4048) 2422593979, 
4049) 2423978964, 
4050) 2424352314, 
4051) 2425091443, 
4052) 2425541901, 
4053) 2425785356, 
4054) 2426748738, 
4055) 2426999332, 
4056) 2427198785, 
4057) 2428599149, 
4058) 2432045380, 
4059) 2432593145, 
4060) 2432699906, 
4061) 2434093219, 
4062) 2434171729, 
4063) 2435151792, 
4064) 2435876681, 
4065) 2437398307, 
4066) 2437867853, 
4067) 2438118226, 
4068) 2438636622, 
4069) 2439019739, 
4070) 2439539093, 
4071) 2440109070, 
4072) 2441587280, 
4073) 2442434171, 
4074) 2442870626, 
4075) 2443114411, 
4076) 2443522400, 
4077) 2443819926, 
4078) 2443930143, 
4079) 2444142536, 
4080) 2444183372, 
4081) 2445586739, 
4082) 2445609201, 
4083) 2446104868, 
4084) 2446426693, 
4085) 2446559061, 
4086) 2446763949, 
4087) 2446993951, 
4088) 2447696356, 
4089) 2448244062, 
4090) 2448282533, 
4091) 2448317500, 
4092) 2448628043, 
4093) 2448845802, 
4094) 2449113768, 
4095) 2449290988, 
4096) 2449297344, 
4097) 2449372485, 
4098) 2449873957, 
4099) 2450597448, 
4100) 2450817188, 
4101) 2451595767, 
4102) 2452492045, 
4103) 2452688017, 
4104) 2452718889, 
4105) 2453564075, 
4106) 2454633811, 
4107) 2456192380, 
4108) 2457033677, 
4109) 2459162560, 
4110) 2459375231, 
4111) 2460707391, 
4112) 2461407165, 
4113) 2462280890, 
4114) 2462939728, 
4115) 2462981863, 
4116) 2463319187, 
4117) 2463674389, 
4118) 2464005925, 
4119) 2464549950, 
4120) 2464844945, 
4121) 2465034978, 
4122) 2466013100, 
4123) 2467906430, 
4124) 2468688098, 
4125) 2468867229, 
4126) 2470680119, 
4127) 2470926272, 
4128) 2471174007, 
4129) 2471537369, 
4130) 2472365492, 
4131) 2472477350, 
4132) 2473712592, 
4133) 2474267094, 
4134) 2474608043, 
4135) 2475800229, 
4136) 2476323409, 
4137) 2476602076, 
4138) 2477024908, 
4139) 2477900572, 
4140) 2479103099, 
4141) 2479741980, 
4142) 2479869759, 
4143) 2481516133, 
4144) 2481773490, 
4145) 2481977021, 
4146) 2482159705, 
4147) 2482707420, 
4148) 2483898284, 
4149) 2484560694, 
4150) 2486008432, 
4151) 2486023840, 
4152) 2486603309, 
4153) 2486604356, 
4154) 2486724335, 
4155) 2487005106, 
4156) 2487948875, 
4157) 2488033642, 
4158) 2488802575, 
4159) 2488828810, 
4160) 2488838671, 
4161) 2490139786, 
4162) 2490360711, 
4163) 2490425938, 
4164) 2490912197, 
4165) 2491034405, 
4166) 2491681237, 
4167) 2491902412, 
4168) 2491955452, 
4169) 2492860485, 
4170) 2493815439, 
4171) 2494274471, 
4172) 2494450585, 
4173) 2495681684, 
4174) 2495767049, 
4175) 2496519198, 
4176) 2497371403, 
4177) 2497596321, 
4178) 2498095127, 
4179) 2498204226, 
4180) 2498908423, 
4181) 2499144720, 
4182) 2499871720, 
4183) 2501053001, 
4184) 2501936918, 
4185) 2502206384, 
4186) 2505082202, 
4187) 2505082492, 
4188) 2505469956, 
4189) 2507853030, 
4190) 2507882256, 
4191) 2508326435, 
4192) 2508487678, 
4193) 2508784280, 
4194) 2508983091, 
4195) 2509466060, 
4196) 2509738116, 
4197) 2509745725, 
4198) 2509889907, 
4199) 2509897506, 
4200) 2510067504, 
4201) 2511663163, 
4202) 2511808821, 
4203) 2512821729, 
4204) 2514296541, 
4205) 2515701911, 
4206) 2516926095, 
4207) 2517180785, 
4208) 2517183798, 
4209) 2517292119, 
4210) 2518739017, 
4211) 2519617234, 
4212) 2519632397, 
4213) 2519713817, 
4214) 2519870128, 
4215) 2520523211, 
4216) 2521336075, 
4217) 2522143173, 
4218) 2522284864, 
4219) 2522447189, 
4220) 2522976287, 
4221) 2523194738, 
4222) 2525050049, 
4223) 2525081381, 
4224) 2525580238, 
4225) 2525747195, 
4226) 2528166240, 
4227) 2529020772, 
4228) 2529264630, 
4229) 2529935233, 
4230) 2530340685, 
4231) 2530363678, 
4232) 2531582181, 
4233) 2531713754, 
4234) 2531713783, 
4235) 2533499953, 
4236) 2533618063, 
4237) 2534523480, 
4238) 2534692024, 
4239) 2534925333, 
4240) 2536275639, 
4241) 2539143923, 
4242) 2539993179, 
4243) 2540456096, 
4244) 2540627353, 
4245) 2540677380, 
4246) 2540915703, 
4247) 2540984349, 
4248) 2541076139, 
4249) 2542144233, 
4250) 2543250350, 
4251) 2544193387, 
4252) 2545553295, 
4253) 2545832126, 
4254) 2546085474, 
4255) 2546268251, 
4256) 2546618579, 
4257) 2547612080, 
4258) 2547934689, 
4259) 2549201757, 
4260) 2549569973, 
4261) 2549997077, 
4262) 2550671616, 
4263) 2551292890, 
4264) 2552075295, 
4265) 2552653683, 
4266) 2553064430, 
4267) 2555504579, 
4268) 2556635617, 
4269) 2558195955, 
4270) 2558369029, 
4271) 2558728659, 
4272) 2561438805, 
4273) 2562096451, 
4274) 2563168907, 
4275) 2563216082, 
4276) 2564009194, 
4277) 2564309554, 
4278) 2565483605, 
4279) 2565734413, 
4280) 2566246354, 
4281) 2566279024, 
4282) 2567089391, 
4283) 2567105495, 
4284) 2567426135, 
4285) 2569203287, 
4286) 2570881046, 
4287) 2570881132, 
4288) 2571637381, 
4289) 2572473741, 
4290) 2572706959, 
4291) 2574002666, 
4292) 2574402280, 
4293) 2575020874, 
4294) 2575425855, 
4295) 2575909852, 
4296) 2576411297, 
4297) 2578005818, 
4298) 2578176155, 
4299) 2578617199, 
4300) 2579402478, 
4301) 2579481608, 
4302) 2579487304, 
4303) 2579607504, 
4304) 2580282177, 
4305) 2581377127, 
4306) 2581504549, 
4307) 2581827902, 
4308) 2582175251, 
4309) 2582372628, 
4310) 2583490326, 
4311) 2584457569, 
4312) 2585078208, 
4313) 2585330497, 
4314) 2585610329, 
4315) 2586109864, 
4316) 2586249249, 
4317) 2587860939, 
4318) 2589649744, 
4319) 2590528646, 
4320) 2591140662, 
4321) 2591666923, 
4322) 2591970916, 
4323) 2592039308, 
4324) 2592846132, 
4325) 2593377909, 
4326) 2593389118, 
4327) 2593428487, 
4328) 2594657210, 
4329) 2594839958, 
4330) 2595125998, 
4331) 2595304685, 
4332) 2596501445, 
4333) 2597788896, 
4334) 2598532461, 
4335) 2599132119, 
4336) 2599474723, 
4337) 2600958257, 
4338) 2601869202, 
4339) 2601889015, 
4340) 2601992601, 
4341) 2603511151, 
4342) 2604381485, 
4343) 2604547309, 
4344) 2604780433, 
4345) 2607552117, 
4346) 2608139996, 
4347) 2608212646, 
4348) 2608216964, 
4349) 2608375504, 
4350) 2608830030, 
4351) 2610035931, 
4352) 2611036925, 
4353) 2611767297, 
4354) 2612320942, 
4355) 2612757770, 
4356) 2612803739, 
4357) 2613594288, 
4358) 2613600857, 
4359) 2614343310, 
4360) 2614496869, 
4361) 2614933487, 
4362) 2615344469, 
4363) 2616839147, 
4364) 2617101937, 
4365) 2617414798, 
4366) 2618184886, 
4367) 2618728884, 
4368) 2618867371, 
4369) 2619029442, 
4370) 2620506142, 
4371) 2621856080, 
4372) 2622384656, 
4373) 2622936400, 
4374) 2623456939, 
4375) 2623819550, 
4376) 2624072795, 
4377) 2624564270, 
4378) 2625384461, 
4379) 2628041867, 
4380) 2628303688, 
4381) 2629119833, 
4382) 2631505994, 
4383) 2632044478, 
4384) 2633153036, 
4385) 2633308989, 
4386) 2633879236, 
4387) 2634856809, 
4388) 2635158114, 
4389) 2636053719, 
4390) 2636792981, 
4391) 2637673769, 
4392) 2637821740, 
4393) 2638222386, 
4394) 2638508177, 
4395) 2638604220, 
4396) 2638890575, 
4397) 2639508572, 
4398) 2639684926, 
4399) 2639938974, 
4400) 2640015213, 
4401) 2640609584, 
4402) 2641609581, 
4403) 2642135613, 
4404) 2642383780, 
4405) 2642810898, 
4406) 2643746794, 
4407) 2644005563, 
4408) 2644052931, 
4409) 2645939065, 
4410) 2646737677, 
4411) 2646815166, 
4412) 2647078225, 
4413) 2648012383, 
4414) 2648580616, 
4415) 2649341330, 
4416) 2652250057, 
4417) 2652737874, 
4418) 2652890416, 
4419) 2653974044, 
4420) 2654384153, 
4421) 2654455021, 
4422) 2656803314, 
4423) 2658774347, 
4424) 2658887524, 
4425) 2659049291, 
4426) 2659402611, 
4427) 2659404834, 
4428) 2659629281, 
4429) 2660318584, 
4430) 2661827569, 
4431) 2662841699, 
4432) 2663383102, 
4433) 2663675981, 
4434) 2664376151, 
4435) 2664859601, 
4436) 2666667041, 
4437) 2667016295, 
4438) 2667817441, 
4439) 2668956469, 
4440) 2671495737, 
4441) 2671586865, 
4442) 2672011469, 
4443) 2672369603, 
4444) 2672540771, 
4445) 2674097493, 
4446) 2674435317, 
4447) 2674572543, 
4448) 2676418103, 
4449) 2677199134, 
4450) 2677295134, 
4451) 2677562945, 
4452) 2677971331, 
4453) 2677990354, 
4454) 2678244260, 
4455) 2680424562, 
4456) 2680854969, 
4457) 2681287152, 
4458) 2681982369, 
4459) 2684420116, 
4460) 2685525165, 
4461) 2685526952, 
4462) 2686338762, 
4463) 2686536746, 
4464) 2687054962, 
4465) 2687178107, 
4466) 2687536197, 
4467) 2687801268, 
4468) 2687872737, 
4469) 2688395529, 
4470) 2688614429, 
4471) 2688970596, 
4472) 2689108197, 
4473) 2689380843, 
4474) 2690258393, 
4475) 2691566611, 
4476) 2692218347, 
4477) 2693474192, 
4478) 2693614158, 
4479) 2694293296, 
4480) 2694391703, 
4481) 2695191263, 
4482) 2695852281, 
4483) 2696892825, 
4484) 2697411903, 
4485) 2698098528, 
4486) 2698583429, 
4487) 2699488709, 
4488) 2700609890, 
4489) 2700655644, 
4490) 2700702164, 
4491) 2700707272, 
4492) 2700760465, 
4493) 2700966890, 
4494) 2701928640, 
4495) 2702513438, 
4496) 2702821858, 
4497) 2702953563, 
4498) 2703651146, 
4499) 2705195030, 
4500) 2705232279, 
4501) 2705991169, 
4502) 2706227138, 
4503) 2706709142, 
4504) 2706772659, 
4505) 2706804904, 
4506) 2707282138, 
4507) 2707470026, 
4508) 2707728633, 
4509) 2708544157, 
4510) 2709509564, 
4511) 2709634917, 
4512) 2709877479, 
4513) 2712994716, 
4514) 2713175027, 
4515) 2713255446, 
4516) 2713701842, 
4517) 2714166875, 
4518) 2714298946, 
4519) 2714329500, 
4520) 2715614881, 
4521) 2715840810, 
4522) 2716245242, 
4523) 2717229259, 
4524) 2717918240, 
4525) 2718278977, 
4526) 2718781932, 
4527) 2719518283, 
4528) 2719916734, 
4529) 2719949214, 
4530) 2720455557, 
4531) 2722916054, 
4532) 2723380493, 
4533) 2724384833, 
4534) 2726923851, 
4535) 2727837787, 
4536) 2728317829, 
4537) 2729180315, 
4538) 2729462502, 
4539) 2730743440, 
4540) 2731976486, 
4541) 2732781360, 
4542) 2734272193, 
4543) 2735350825, 
4544) 2736285270, 
4545) 2736426032, 
4546) 2737210283, 
4547) 2737297551, 
4548) 2737426350, 
4549) 2737579559, 
4550) 2738234259, 
4551) 2740947812, 
4552) 2742473426, 
4553) 2742863723, 
4554) 2743859755, 
4555) 2744125921, 
4556) 2744330667, 
4557) 2745834620, 
4558) 2746605186, 
4559) 2747424321, 
4560) 2747946816, 
4561) 2748530272, 
4562) 2748542689, 
4563) 2748641905, 
4564) 2748712523, 
4565) 2748992550, 
4566) 2749040034, 
4567) 2749395065, 
4568) 2750255134, 
4569) 2750683717, 
4570) 2751568619, 
4571) 2752414772, 
4572) 2752647028, 
4573) 2752662260, 
4574) 2752685962, 
4575) 2752931880, 
4576) 2753172974, 
4577) 2753401395, 
4578) 2753553418, 
4579) 2754392213, 
4580) 2754671954, 
4581) 2754710801, 
4582) 2754896978, 
4583) 2756330243, 
4584) 2756467259, 
4585) 2756595505, 
4586) 2756781156, 
4587) 2756945178, 
4588) 2758360388, 
4589) 2758691902, 
4590) 2759383856, 
4591) 2759398663, 
4592) 2759798742, 
4593) 2760314908, 
4594) 2760525286, 
4595) 2762462497, 
4596) 2762553641, 
4597) 2763156427, 
4598) 2763391342, 
4599) 2764826008, 
4600) 2765052172, 
4601) 2765175893, 
4602) 2765404713, 
4603) 2766351684, 
4604) 2766903940, 
4605) 2767877582, 
4606) 2767908696, 
4607) 2768207068, 
4608) 2768557894, 
4609) 2768634002, 
4610) 2768918042, 
4611) 2769044190, 
4612) 2769992214, 
4613) 2770402822, 
4614) 2770565472, 
4615) 2771136407, 
4616) 2772751764, 
4617) 2773609751, 
4618) 2774398838, 
4619) 2775302694, 
4620) 2775335501, 
4621) 2775492492, 
4622) 2775673830, 
4623) 2775762755, 
4624) 2777883962, 
4625) 2778463044, 
4626) 2778492868, 
4627) 2779158058, 
4628) 2780891409, 
4629) 2781475472, 
4630) 2783237242, 
4631) 2783598537, 
4632) 2783937317, 
4633) 2784336481, 
4634) 2785109416, 
4635) 2785221866, 
4636) 2785223834, 
4637) 2786827342, 
4638) 2786910761, 
4639) 2787246945, 
4640) 2787419207, 
4641) 2787826731, 
4642) 2789299760, 
4643) 2790901067, 
4644) 2792076030, 
4645) 2793992971, 
4646) 2794083400, 
4647) 2794380966, 
4648) 2795501011, 
4649) 2795927091, 
4650) 2796484338, 
4651) 2796927435, 
4652) 2796994770, 
4653) 2797088925, 
4654) 2797446422, 
4655) 2797731999, 
4656) 2798104851, 
4657) 2798539645, 
4658) 2799015541, 
4659) 2799409859, 
4660) 2799484364, 
4661) 2799846006, 
4662) 2799886781, 
4663) 2799998491, 
4664) 2800553067, 
4665) 2802056012, 
4666) 2803066274, 
4667) 2803210702, 
4668) 2803541620, 
4669) 2803628345, 
4670) 2804575692, 
4671) 2804931872, 
4672) 2805014184, 
4673) 2805294697, 
4674) 2805898439, 
4675) 2806404702, 
4676) 2806672245, 
4677) 2807077106, 
4678) 2807352911, 
4679) 2808043443, 
4680) 2808262316, 
4681) 2808410001, 
4682) 2808760253, 
4683) 2809981843, 
4684) 2810401416, 
4685) 2810712752, 
4686) 2811298051, 
4687) 2811462625, 
4688) 2811593484, 
4689) 2812573319, 
4690) 2812618325, 
4691) 2812664063, 
4692) 2812810650, 
4693) 2813818089, 
4694) 2816263101, 
4695) 2818051433, 
4696) 2818452171, 
4697) 2819231170, 
4698) 2819547407, 
4699) 2819661834, 
4700) 2820695586, 
4701) 2823528756, 
4702) 2823682597, 
4703) 2823768294, 
4704) 2824598536, 
4705) 2825201013, 
4706) 2825808292, 
4707) 2825890876, 
4708) 2825984709, 
4709) 2827239478, 
4710) 2828453734, 
4711) 2828969768, 
4712) 2829014040, 
4713) 2829093517, 
4714) 2829131594, 
4715) 2829294351, 
4716) 2829423175, 
4717) 2830175730, 
4718) 2830486650, 
4719) 2832406739, 
4720) 2832491848, 
4721) 2832817231, 
4722) 2833157339, 
4723) 2833632200, 
4724) 2834425988, 
4725) 2834535381, 
4726) 2834586486, 
4727) 2834587977, 
4728) 2835547361, 
4729) 2835990666, 
4730) 2835998106, 
4731) 2836541451, 
4732) 2836618316, 
4733) 2836759366, 
4734) 2836911884, 
4735) 2838256870, 
4736) 2838610965, 
4737) 2838755710, 
4738) 2839484571, 
4739) 2840826594, 
4740) 2840996981, 
4741) 2841569971, 
4742) 2843004506, 
4743) 2843176198, 
4744) 2843379499, 
4745) 2843494386, 
4746) 2844802662, 
4747) 2845429947, 
4748) 2846810911, 
4749) 2846955587, 
4750) 2847549912, 
4751) 2847874764, 
4752) 2847880728, 
4753) 2848421385, 
4754) 2848630636, 
4755) 2849577239, 
4756) 2850270698, 
4757) 2850501147, 
4758) 2850951101, 
4759) 2851994382, 
4760) 2852258014, 
4761) 2852477597, 
4762) 2852517797, 
4763) 2854572710, 
4764) 2854620537, 
4765) 2854872599, 
4766) 2855538658, 
4767) 2855809210, 
4768) 2857680805, 
4769) 2858866236, 
4770) 2860750662, 
4771) 2860772567, 
4772) 2860949956, 
4773) 2861860336, 
4774) 2862123708, 
4775) 2862182252, 
4776) 2862786954, 
4777) 2863028161, 
4778) 2864305264, 
4779) 2865038649, 
4780) 2865144110, 
4781) 2865329590, 
4782) 2865675396, 
4783) 2867006271, 
4784) 2867257011, 
4785) 2867347515, 
4786) 2868974389, 
4787) 2868983544, 
4788) 2869972638, 
4789) 2870948761, 
4790) 2871682453, 
4791) 2872173771, 
4792) 2873120726, 
4793) 2873198512, 
4794) 2874060839, 
4795) 2874867958, 
4796) 2875101632, 
4797) 2876139871, 
4798) 2876367463, 
4799) 2876456765, 
4800) 2876462737, 
4801) 2877060989, 
4802) 2877250505, 
4803) 2877669785, 
4804) 2880414654, 
4805) 2881079099, 
4806) 2881972049, 
4807) 2882228553, 
4808) 2882788859, 
4809) 2883030734, 
4810) 2884215147, 
4811) 2884545847, 
4812) 2885060674, 
4813) 2885164478, 
4814) 2885409497, 
4815) 2886967762, 
4816) 2887031112, 
4817) 2887240978, 
4818) 2887914932, 
4819) 2888437724, 
4820) 2889127468, 
4821) 2889152710, 
4822) 2889841792, 
4823) 2890790559, 
4824) 2890921159, 
4825) 2891384199, 
4826) 2891996542, 
4827) 2892064413, 
4828) 2892251915, 
4829) 2892898496, 
4830) 2893944503, 
4831) 2894352430, 
4832) 2894417209, 
4833) 2895233415, 
4834) 2895764225, 
4835) 2896394393, 
4836) 2896412186, 
4837) 2897175556, 
4838) 2897216269, 
4839) 2897335072, 
4840) 2897500975, 
4841) 2898692509, 
4842) 2899904195, 
4843) 2899934347, 
4844) 2900090932, 
4845) 2900662698, 
4846) 2901152237, 
4847) 2902292170, 
4848) 2902681598, 
4849) 2903406469, 
4850) 2903578946, 
4851) 2904827274, 
4852) 2905340591, 
4853) 2905975320, 
4854) 2906593141, 
4855) 2907250572, 
4856) 2908338181, 
4857) 2908805779, 
4858) 2910487178, 
4859) 2910585187, 
4860) 2910596888, 
4861) 2910855438, 
4862) 2911107402, 
4863) 2911310679, 
4864) 2911453971, 
4865) 2912002276, 
4866) 2912407492, 
4867) 2912710153, 
4868) 2912876787, 
4869) 2913149162, 
4870) 2914471496, 
4871) 2915329857, 
4872) 2916980134, 
4873) 2917132357, 
4874) 2917196652, 
4875) 2917766582, 
4876) 2917793476, 
4877) 2918141439, 
4878) 2918731112, 
4879) 2919253951, 
4880) 2919334256, 
4881) 2919347702, 
4882) 2919696918, 
4883) 2920622490, 
4884) 2921051471, 
4885) 2921063099, 
4886) 2922170468, 
4887) 2922732006, 
4888) 2926634327, 
4889) 2927547975, 
4890) 2928046385, 
4891) 2929091698, 
4892) 2929962714, 
4893) 2930090314, 
4894) 2931197488, 
4895) 2931876600, 
4896) 2931996704, 
4897) 2932415829, 
4898) 2933664265, 
4899) 2933810487, 
4900) 2935996109, 
4901) 2936245329, 
4902) 2936318339, 
4903) 2936773130, 
4904) 2937669997, 
4905) 2938443934, 
4906) 2938632285, 
4907) 2939613293, 
4908) 2939703526, 
4909) 2940965067, 
4910) 2940972906, 
4911) 2941024185, 
4912) 2941412856, 
4913) 2941480790, 
4914) 2941701231, 
4915) 2941819135, 
4916) 2942270217, 
4917) 2942805645, 
4918) 2943140873, 
4919) 2945128401, 
4920) 2945418311, 
4921) 2946357546, 
4922) 2946514999, 
4923) 2947341434, 
4924) 2947485522, 
4925) 2947495440, 
4926) 2947745047, 
4927) 2947851056, 
4928) 2948037822, 
4929) 2948372994, 
4930) 2950134793, 
4931) 2951206832, 
4932) 2952306786, 
4933) 2955361566, 
4934) 2955812604, 
4935) 2956431739, 
4936) 2956881798, 
4937) 2958241058, 
4938) 2958391241, 
4939) 2959006897, 
4940) 2959215101, 
4941) 2960939048, 
4942) 2961376523, 
4943) 2961757060, 
4944) 2961979125, 
4945) 2962925292, 
4946) 2962939198, 
4947) 2963144914, 
4948) 2963480988, 
4949) 2963595768, 
4950) 2963787953, 
4951) 2964474321, 
4952) 2964768132, 
4953) 2965520892, 
4954) 2966078167, 
4955) 2966568250, 
4956) 2968783878, 
4957) 2969281974, 
4958) 2969861531, 
4959) 2970703428, 
4960) 2970846133, 
4961) 2971330614, 
4962) 2972569401, 
4963) 2972588722, 
4964) 2973091301, 
4965) 2974271385, 
4966) 2974534197, 
4967) 2974871627, 
4968) 2975032242, 
4969) 2975577236, 
4970) 2976035320, 
4971) 2979966693, 
4972) 2981804661, 
4973) 2982059052, 
4974) 2984426245, 
4975) 2984569925, 
4976) 2984639518, 
4977) 2985054519, 
4978) 2985392510, 
4979) 2985416582, 
4980) 2987374090, 
4981) 2988471161, 
4982) 2989608304, 
4983) 2991025444, 
4984) 2991233731, 
4985) 2991393512, 
4986) 2991624968, 
4987) 2991991429, 
4988) 2992703347, 
4989) 2994382429, 
4990) 2994405786, 
4991) 2994466282, 
4992) 2995756319, 
4993) 2996386652, 
4994) 2996774689, 
4995) 2996810921, 
4996) 2997131605, 
4997) 2997279838, 
4998) 2999043702, 
4999) 2999472954, 
