Number of elements is 500
Type of array is reversed
Sorting algorithm - select
Running time of sorting algorithm is 378ms
0) 7284994, 
1) 22753228, 
2) 46059470, 
3) 62060219, 
4) 66069559, 
5) 75829109, 
6) 76423292, 
7) 82998257, 
8) 83134218, 
9) 92691066, 
10) 106366464, 
11) 113696877, 
12) 120312487, 
13) 120529629, 
14) 137144281, 
15) 141349963, 
16) 141650832, 
17) 142271956, 
18) 147025816, 
19) 152625517, 
20) 155896175, 
21) 156558762, 
22) 161144011, 
23) 163848255, 
24) 163898130, 
25) 167441356, 
26) 182951654, 
27) 190767422, 
28) 200177563, 
29) 202090286, 
30) 202459205, 
31) 203541994, 
32) 207555910, 
33) 208164029, 
34) 211181849, 
35) 221436175, 
36) 222644200, 
37) 234037872, 
38) 236379220, 
39) 236738859, 
40) 267156207, 
41) 270744276, 
42) 278162102, 
43) 286905372, 
44) 290996346, 
45) 304580995, 
46) 304674228, 
47) 308014558, 
48) 309334884, 
49) 309477401, 
50) 313731454, 
51) 316511217, 
52) 330818061, 
53) 333428232, 
54) 336986903, 
55) 344493329, 
56) 350150074, 
57) 354302317, 
58) 355231437, 
59) 360997304, 
60) 369968829, 
61) 370916920, 
62) 374846421, 
63) 375480643, 
64) 381012664, 
65) 385826237, 
66) 391813069, 
67) 400908966, 
68) 401440074, 
69) 401585423, 
70) 415636929, 
71) 416247374, 
72) 429646102, 
73) 437256069, 
74) 438265853, 
75) 444320591, 
76) 447185739, 
77) 448197456, 
78) 452929688, 
79) 457828981, 
80) 462514590, 
81) 463803946, 
82) 464430118, 
83) 468212832, 
84) 477921668, 
85) 479535842, 
86) 481597605, 
87) 482405562, 
88) 492712434, 
89) 503768125, 
90) 505589264, 
91) 519630806, 
92) 522993912, 
93) 532248537, 
94) 538204897, 
95) 538665715, 
96) 540799960, 
97) 542077904, 
98) 551303014, 
99) 558146170, 
100) 558738886, 
101) 562995977, 
102) 585795367, 
103) 589962681, 
104) 591562961, 
105) 597583186, 
106) 598000896, 
107) 609959050, 
108) 611694650, 
109) 629832513, 
110) 629975553, 
111) 646546231, 
112) 664634582, 
113) 670200113, 
114) 677838965, 
115) 683245545, 
116) 683575481, 
117) 689959893, 
118) 690422546, 
119) 703545936, 
120) 705387994, 
121) 713069837, 
122) 715701114, 
123) 717046747, 
124) 726516262, 
125) 730963624, 
126) 731870348, 
127) 737282637, 
128) 746603458, 
129) 749226198, 
130) 758011908, 
131) 764737403, 
132) 767230357, 
133) 768414739, 
134) 777208918, 
135) 778399242, 
136) 779634001, 
137) 781180282, 
138) 782108924, 
139) 791940771, 
140) 800386997, 
141) 814248716, 
142) 823726884, 
143) 825993609, 
144) 827971371, 
145) 829342913, 
146) 832279377, 
147) 837907796, 
148) 842449271, 
149) 843717855, 
150) 848552919, 
151) 850819639, 
152) 854782375, 
153) 858269972, 
154) 859964294, 
155) 871196590, 
156) 875622809, 
157) 877535940, 
158) 883569673, 
159) 891009214, 
160) 899536629, 
161) 908126664, 
162) 909772713, 
163) 910715216, 
164) 915748655, 
165) 918043279, 
166) 930798914, 
167) 941764739, 
168) 943573777, 
169) 945631355, 
170) 945741602, 
171) 956585797, 
172) 960779779, 
173) 970412365, 
174) 987180981, 
175) 994664499, 
176) 1005891959, 
177) 1012084958, 
178) 1014450597, 
179) 1019022068, 
180) 1021569719, 
181) 1031901017, 
182) 1038047638, 
183) 1039636236, 
184) 1044449856, 
185) 1051082458, 
186) 1052806463, 
187) 1066507985, 
188) 1069037828, 
189) 1077030157, 
190) 1080636648, 
191) 1087430174, 
192) 1090467454, 
193) 1096849192, 
194) 1100147852, 
195) 1102280537, 
196) 1110336181, 
197) 1121200488, 
198) 1128456902, 
199) 1131258093, 
200) 1160833028, 
201) 1169034409, 
202) 1170262781, 
203) 1173867398, 
204) 1177495999, 
205) 1180118994, 
206) 1187878820, 
207) 1188405167, 
208) 1195703282, 
209) 1207775362, 
210) 1210736629, 
211) 1224492751, 
212) 1239599720, 
213) 1241209062, 
214) 1246240722, 
215) 1246486438, 
216) 1249813200, 
217) 1255103652, 
218) 1256406457, 
219) 1261870578, 
220) 1275069454, 
221) 1284329549, 
222) 1285629844, 
223) 1288423974, 
224) 1291344459, 
225) 1297129074, 
226) 1323331971, 
227) 1337714700, 
228) 1350159799, 
229) 1350274412, 
230) 1352859586, 
231) 1355538809, 
232) 1357211605, 
233) 1362914780, 
234) 1367720928, 
235) 1370112379, 
236) 1375324753, 
237) 1378041946, 
238) 1379033550, 
239) 1384600343, 
240) 1387454605, 
241) 1393123330, 
242) 1417760563, 
243) 1421129583, 
244) 1432804823, 
245) 1433672455, 
246) 1436103501, 
247) 1443072772, 
248) 1459012283, 
249) 1479165151, 
250) 1480591701, 
251) 1482379604, 
252) 1486890086, 
253) 1491929308, 
254) 1502785661, 
255) 1503813469, 
256) 1509908443, 
257) 1535569759, 
258) 1539200400, 
259) 1558460435, 
260) 1561653326, 
261) 1577584067, 
262) 1585313187, 
263) 1591250697, 
264) 1598490180, 
265) 1603068283, 
266) 1606914792, 
267) 1610227776, 
268) 1617461668, 
269) 1621368453, 
270) 1634975830, 
271) 1643512908, 
272) 1644558414, 
273) 1658034937, 
274) 1659216439, 
275) 1665586462, 
276) 1667554671, 
277) 1670440210, 
278) 1677397180, 
279) 1680833850, 
280) 1692598772, 
281) 1704058703, 
282) 1707257219, 
283) 1713169989, 
284) 1713835152, 
285) 1715760274, 
286) 1718688131, 
287) 1723508903, 
288) 1727534200, 
289) 1734575889, 
290) 1735309903, 
291) 1739122872, 
292) 1742251771, 
293) 1746530530, 
294) 1753786349, 
295) 1758978543, 
296) 1771104165, 
297) 1786429425, 
298) 1791843003, 
299) 1795878638, 
300) 1803505276, 
301) 1813679511, 
302) 1832287919, 
303) 1834247906, 
304) 1836121687, 
305) 1837365383, 
306) 1844811588, 
307) 1848084018, 
308) 1854468014, 
309) 1862467259, 
310) 1869948150, 
311) 1880202949, 
312) 1881030647, 
313) 1887227878, 
314) 1891631291, 
315) 1894776629, 
316) 1898413619, 
317) 1903954236, 
318) 1910031928, 
319) 1931264367, 
320) 1932979460, 
321) 1937374414, 
322) 1955805045, 
323) 1961414069, 
324) 1963592519, 
325) 1965541647, 
326) 1970121284, 
327) 1978903220, 
328) 1979041701, 
329) 1984072399, 
330) 1988608174, 
331) 2000766200, 
332) 2005036496, 
333) 2007126240, 
334) 2020708729, 
335) 2029480310, 
336) 2038492947, 
337) 2039863179, 
338) 2043614628, 
339) 2047616360, 
340) 2059009322, 
341) 2070268557, 
342) 2081152667, 
343) 2093361235, 
344) 2095300324, 
345) 2095868300, 
346) 2099045194, 
347) 2101650807, 
348) 2108966680, 
349) 2124426855, 
350) 2125654788, 
351) 2134345223, 
352) 2140371699, 
353) 2144153847, 
354) 2151605720, 
355) 2156979853, 
356) 2164858747, 
357) 2167482694, 
358) 2173541780, 
359) 2175676080, 
360) 2176453874, 
361) 2179128363, 
362) 2195534864, 
363) 2196472311, 
364) 2197910194, 
365) 2198690255, 
366) 2202340801, 
367) 2202704295, 
368) 2206400855, 
369) 2215498455, 
370) 2216344707, 
371) 2223252143, 
372) 2224683987, 
373) 2226360114, 
374) 2233506011, 
375) 2237965763, 
376) 2240275598, 
377) 2253955871, 
378) 2259728522, 
379) 2260583755, 
380) 2271897679, 
381) 2277266736, 
382) 2277375356, 
383) 2280526074, 
384) 2291355628, 
385) 2299199553, 
386) 2311459318, 
387) 2311866043, 
388) 2321377444, 
389) 2333529318, 
390) 2345841180, 
391) 2357207253, 
392) 2365969331, 
393) 2368660802, 
394) 2369394728, 
395) 2370396681, 
396) 2373227069, 
397) 2382169248, 
398) 2394735003, 
399) 2409985783, 
400) 2426672907, 
401) 2431266945, 
402) 2446687759, 
403) 2465961180, 
404) 2473577676, 
405) 2475859213, 
406) 2476909950, 
407) 2481599945, 
408) 2485439518, 
409) 2488486229, 
410) 2507491833, 
411) 2509563125, 
412) 2511092879, 
413) 2520772435, 
414) 2538820180, 
415) 2542886585, 
416) 2555490519, 
417) 2557280754, 
418) 2559183915, 
419) 2560246877, 
420) 2564129208, 
421) 2570588909, 
422) 2573824682, 
423) 2575195253, 
424) 2576929009, 
425) 2592586820, 
426) 2595736130, 
427) 2601814714, 
428) 2610833991, 
429) 2629124552, 
430) 2633610007, 
431) 2634584698, 
432) 2635174718, 
433) 2640092472, 
434) 2640396524, 
435) 2644099215, 
436) 2647133521, 
437) 2647673351, 
438) 2649661012, 
439) 2656481786, 
440) 2674760781, 
441) 2676715818, 
442) 2695689736, 
443) 2696400799, 
444) 2705679612, 
445) 2710821484, 
446) 2712028456, 
447) 2717433856, 
448) 2719375204, 
449) 2720157010, 
450) 2725758257, 
451) 2735302697, 
452) 2737834082, 
453) 2739671663, 
454) 2740278922, 
455) 2749229083, 
456) 2754288120, 
457) 2761738329, 
458) 2765533232, 
459) 2766972805, 
460) 2782216026, 
461) 2784885516, 
462) 2787329634, 
463) 2791356513, 
464) 2795499881, 
465) 2800339217, 
466) 2823936075, 
467) 2828784648, 
468) 2828804030, 
469) 2834134376, 
470) 2834171476, 
471) 2834799014, 
472) 2838029768, 
473) 2840067887, 
474) 2846998088, 
475) 2848159584, 
476) 2851674153, 
477) 2853361281, 
478) 2864274524, 
479) 2868287045, 
480) 2882815242, 
481) 2891278574, 
482) 2895088997, 
483) 2899929538, 
484) 2900934487, 
485) 2903064178, 
486) 2921558367, 
487) 2931636260, 
488) 2938400281, 
489) 2940395713, 
490) 2944504813, 
491) 2947444621, 
492) 2965580060, 
493) 2967334742, 
494) 2980633908, 
495) 2992907008, 
496) 2994971701, 
497) 2998215928, 
498) 2998426314, 
499) 2999798156, 
