Number of elements is 5000
Type of array is reversed
Sorting algorithm - select
Running time of sorting algorithm is 33439ms
0) 128296, 
1) 745916, 
2) 1593707, 
3) 2181877, 
4) 2223739, 
5) 2696488, 
6) 3213906, 
7) 4925465, 
8) 5359046, 
9) 6607933, 
10) 7028032, 
11) 8054455, 
12) 8090393, 
13) 10454861, 
14) 10551453, 
15) 11767704, 
16) 12527457, 
17) 12650487, 
18) 12959512, 
19) 13127162, 
20) 13713542, 
21) 14905818, 
22) 15273664, 
23) 15430161, 
24) 17062556, 
25) 17831821, 
26) 17942413, 
27) 18269293, 
28) 18355358, 
29) 18731620, 
30) 20521724, 
31) 20633117, 
32) 21241920, 
33) 21409959, 
34) 21804025, 
35) 21947486, 
36) 22015926, 
37) 22120797, 
38) 22546536, 
39) 22787220, 
40) 23236426, 
41) 24366110, 
42) 24730868, 
43) 25623734, 
44) 26299915, 
45) 27198730, 
46) 27211083, 
47) 27600869, 
48) 27809341, 
49) 27978945, 
50) 28212655, 
51) 28416830, 
52) 28707882, 
53) 28949571, 
54) 29113553, 
55) 32239905, 
56) 32286937, 
57) 33316406, 
58) 34370711, 
59) 34376655, 
60) 34429485, 
61) 34437631, 
62) 34595428, 
63) 34773169, 
64) 35288906, 
65) 35796878, 
66) 36391153, 
67) 36681136, 
68) 37482365, 
69) 38612476, 
70) 38985049, 
71) 39044822, 
72) 39294498, 
73) 39317541, 
74) 39387113, 
75) 40013877, 
76) 41976155, 
77) 43158524, 
78) 43830535, 
79) 44472948, 
80) 45273012, 
81) 45522623, 
82) 45920882, 
83) 46344449, 
84) 47037619, 
85) 47429857, 
86) 48478314, 
87) 48731656, 
88) 50160273, 
89) 50497400, 
90) 50740050, 
91) 51231081, 
92) 51429619, 
93) 51980468, 
94) 52231970, 
95) 52777927, 
96) 52941756, 
97) 53934749, 
98) 53939385, 
99) 54689409, 
100) 55288007, 
101) 55529134, 
102) 56936559, 
103) 58186520, 
104) 58661151, 
105) 58705556, 
106) 59057990, 
107) 59131837, 
108) 60187352, 
109) 63270727, 
110) 63472849, 
111) 66357577, 
112) 66872215, 
113) 67239426, 
114) 69233250, 
115) 70728250, 
116) 71893688, 
117) 72243386, 
118) 72718575, 
119) 72788364, 
120) 72981103, 
121) 73007157, 
122) 73128131, 
123) 73659513, 
124) 73939638, 
125) 74518331, 
126) 76426991, 
127) 76895789, 
128) 77438220, 
129) 77846780, 
130) 79072800, 
131) 80988870, 
132) 82192375, 
133) 82242220, 
134) 83172778, 
135) 83370140, 
136) 83637434, 
137) 83787044, 
138) 84859194, 
139) 85278027, 
140) 85690304, 
141) 85720266, 
142) 86465309, 
143) 86714912, 
144) 87019990, 
145) 87056873, 
146) 87578724, 
147) 88577849, 
148) 89055587, 
149) 89190102, 
150) 89473729, 
151) 91870315, 
152) 93180673, 
153) 93523953, 
154) 94130055, 
155) 94918095, 
156) 95174206, 
157) 96076065, 
158) 96833452, 
159) 97986924, 
160) 98172543, 
161) 98507137, 
162) 98581144, 
163) 99546879, 
164) 99691339, 
165) 99789727, 
166) 100021867, 
167) 100079321, 
168) 100484652, 
169) 100750342, 
170) 102377470, 
171) 102395829, 
172) 102566873, 
173) 103479193, 
174) 103496264, 
175) 103978911, 
176) 104334901, 
177) 104777235, 
178) 105128504, 
179) 105323493, 
180) 105935109, 
181) 105969051, 
182) 106205487, 
183) 106823890, 
184) 107034429, 
185) 107232314, 
186) 107346503, 
187) 107371085, 
188) 108236290, 
189) 108813147, 
190) 108848704, 
191) 109125366, 
192) 111099004, 
193) 111332028, 
194) 111417057, 
195) 112886644, 
196) 113902169, 
197) 114115557, 
198) 114234945, 
199) 114565154, 
200) 116109659, 
201) 116418170, 
202) 116984730, 
203) 117307094, 
204) 118981671, 
205) 119488299, 
206) 121437853, 
207) 121561954, 
208) 121633635, 
209) 121709294, 
210) 121980196, 
211) 122761217, 
212) 123441243, 
213) 123738255, 
214) 123962587, 
215) 124287744, 
216) 124451415, 
217) 124873836, 
218) 125865720, 
219) 126339017, 
220) 127047778, 
221) 127349176, 
222) 128065941, 
223) 128493989, 
224) 128798657, 
225) 129381656, 
226) 129693819, 
227) 130362939, 
228) 131002373, 
229) 131152197, 
230) 131236142, 
231) 131742194, 
232) 132610954, 
233) 133495385, 
234) 134083644, 
235) 135109387, 
236) 136153336, 
237) 137142494, 
238) 137235303, 
239) 137274522, 
240) 139207032, 
241) 139387539, 
242) 140438636, 
243) 141370670, 
244) 141534736, 
245) 141922904, 
246) 142389906, 
247) 142543252, 
248) 142753309, 
249) 143004363, 
250) 143906649, 
251) 143989618, 
252) 144000161, 
253) 144272080, 
254) 144758148, 
255) 146336778, 
256) 146621211, 
257) 147270606, 
258) 147617900, 
259) 148073569, 
260) 148579622, 
261) 148716212, 
262) 149028617, 
263) 149336376, 
264) 150444567, 
265) 153227014, 
266) 153241600, 
267) 153312009, 
268) 154543183, 
269) 154965879, 
270) 155151419, 
271) 155692198, 
272) 155958078, 
273) 156567251, 
274) 157070481, 
275) 158188980, 
276) 158437341, 
277) 158603380, 
278) 158825379, 
279) 158851296, 
280) 159666727, 
281) 160789176, 
282) 161462275, 
283) 162053918, 
284) 162481304, 
285) 162949114, 
286) 163559549, 
287) 163563395, 
288) 164099190, 
289) 164391210, 
290) 164535304, 
291) 164887552, 
292) 164890395, 
293) 164968880, 
294) 165107238, 
295) 166716849, 
296) 167196857, 
297) 168224422, 
298) 168543477, 
299) 168848159, 
300) 169820029, 
301) 170888350, 
302) 171490123, 
303) 172196354, 
304) 173438807, 
305) 173903118, 
306) 174233190, 
307) 175355182, 
308) 175512167, 
309) 175910921, 
310) 177074088, 
311) 177486656, 
312) 178116786, 
313) 179268420, 
314) 179912909, 
315) 179915695, 
316) 180982516, 
317) 181966834, 
318) 182582635, 
319) 183569527, 
320) 184182029, 
321) 184730003, 
322) 185489198, 
323) 185665611, 
324) 187053573, 
325) 187115037, 
326) 188459226, 
327) 188702672, 
328) 190368346, 
329) 190864986, 
330) 191195941, 
331) 191610042, 
332) 192327482, 
333) 192690648, 
334) 192733078, 
335) 192978811, 
336) 193558937, 
337) 193567714, 
338) 193637194, 
339) 193842309, 
340) 194493056, 
341) 194639722, 
342) 195148322, 
343) 195357263, 
344) 195396603, 
345) 196810603, 
346) 199149941, 
347) 200962775, 
348) 202089332, 
349) 203318737, 
350) 204265904, 
351) 205127969, 
352) 207146055, 
353) 207536094, 
354) 207837669, 
355) 207872799, 
356) 208125404, 
357) 208223610, 
358) 208289522, 
359) 209022900, 
360) 209294228, 
361) 210451719, 
362) 213120632, 
363) 214890439, 
364) 215514004, 
365) 216109196, 
366) 216881579, 
367) 217228197, 
368) 217650962, 
369) 218408712, 
370) 218707176, 
371) 218948916, 
372) 219811581, 
373) 219873363, 
374) 220021428, 
375) 221145751, 
376) 222218503, 
377) 222251482, 
378) 223368900, 
379) 223449283, 
380) 223590740, 
381) 223880587, 
382) 223913630, 
383) 223952382, 
384) 224159922, 
385) 224619794, 
386) 224657229, 
387) 224934226, 
388) 225659219, 
389) 225911497, 
390) 226014293, 
391) 226231515, 
392) 226291685, 
393) 226841752, 
394) 227221664, 
395) 227462092, 
396) 227550423, 
397) 227985439, 
398) 230269604, 
399) 230530379, 
400) 230660013, 
401) 231490650, 
402) 232835138, 
403) 232899224, 
404) 234036193, 
405) 234094123, 
406) 234168342, 
407) 234453276, 
408) 239139962, 
409) 240094040, 
410) 240316023, 
411) 241758144, 
412) 242220267, 
413) 248124250, 
414) 248313574, 
415) 248485807, 
416) 248676244, 
417) 248970488, 
418) 248993936, 
419) 249081386, 
420) 249144064, 
421) 249369945, 
422) 250202314, 
423) 252966751, 
424) 253708504, 
425) 253872936, 
426) 254367312, 
427) 255369113, 
428) 255564466, 
429) 256369191, 
430) 258413891, 
431) 258536739, 
432) 258550746, 
433) 260327698, 
434) 260620699, 
435) 260793181, 
436) 260910384, 
437) 262178356, 
438) 262368242, 
439) 262969341, 
440) 263086497, 
441) 264461253, 
442) 264957017, 
443) 265350472, 
444) 267357769, 
445) 269050425, 
446) 269492078, 
447) 269848644, 
448) 269936028, 
449) 269959374, 
450) 270543543, 
451) 270702466, 
452) 270945928, 
453) 271165052, 
454) 271383147, 
455) 272381084, 
456) 272588248, 
457) 272844481, 
458) 272967948, 
459) 273204291, 
460) 273630277, 
461) 274135808, 
462) 274634959, 
463) 275295958, 
464) 276229390, 
465) 278178661, 
466) 280109773, 
467) 280168000, 
468) 281448170, 
469) 282177152, 
470) 282501519, 
471) 282855652, 
472) 283477192, 
473) 284081173, 
474) 284545775, 
475) 284715599, 
476) 285922424, 
477) 286065961, 
478) 287343649, 
479) 288133522, 
480) 288222942, 
481) 288903544, 
482) 289737641, 
483) 290002467, 
484) 290086251, 
485) 295032936, 
486) 295712575, 
487) 295817418, 
488) 296742321, 
489) 296777874, 
490) 296808814, 
491) 297099251, 
492) 297473307, 
493) 297510475, 
494) 297791379, 
495) 297841947, 
496) 298885597, 
497) 299465213, 
498) 300281542, 
499) 300945433, 
500) 301178686, 
501) 302326503, 
502) 304037105, 
503) 304288740, 
504) 305359647, 
505) 307018050, 
506) 307130717, 
507) 308433460, 
508) 308459329, 
509) 310212492, 
510) 310244483, 
511) 311184532, 
512) 314370407, 
513) 314638235, 
514) 315111279, 
515) 315574437, 
516) 315644541, 
517) 317068277, 
518) 318601485, 
519) 321221175, 
520) 321600965, 
521) 322103872, 
522) 322328625, 
523) 322846146, 
524) 322858423, 
525) 323604362, 
526) 323631403, 
527) 324096609, 
528) 325486515, 
529) 325678904, 
530) 326239158, 
531) 327968812, 
532) 328281085, 
533) 328482250, 
534) 330881375, 
535) 331110344, 
536) 331137556, 
537) 331909509, 
538) 332338532, 
539) 332727266, 
540) 333554348, 
541) 334556621, 
542) 334843200, 
543) 335435672, 
544) 336432215, 
545) 336701898, 
546) 336714898, 
547) 337264163, 
548) 337400853, 
549) 337442338, 
550) 337934805, 
551) 338300154, 
552) 338761180, 
553) 339820075, 
554) 339951486, 
555) 340160155, 
556) 340385544, 
557) 340585734, 
558) 340808711, 
559) 343045710, 
560) 344089390, 
561) 346463133, 
562) 346840394, 
563) 347780974, 
564) 348127447, 
565) 348388045, 
566) 348550204, 
567) 348673388, 
568) 349147062, 
569) 350740186, 
570) 351901237, 
571) 352340048, 
572) 352409135, 
573) 353573640, 
574) 353645553, 
575) 353948043, 
576) 354663666, 
577) 355912369, 
578) 356460392, 
579) 356890755, 
580) 357950246, 
581) 358014000, 
582) 358239502, 
583) 358629944, 
584) 358916978, 
585) 360688340, 
586) 360881419, 
587) 361516392, 
588) 362110061, 
589) 363049122, 
590) 363646379, 
591) 363864029, 
592) 365420567, 
593) 365669082, 
594) 366092849, 
595) 366792565, 
596) 367104363, 
597) 368303626, 
598) 368450546, 
599) 368929148, 
600) 370177304, 
601) 370195783, 
602) 370204168, 
603) 370403900, 
604) 371189111, 
605) 371422221, 
606) 371428551, 
607) 371707434, 
608) 373219840, 
609) 373262882, 
610) 373350876, 
611) 373406789, 
612) 376446270, 
613) 376508416, 
614) 376629704, 
615) 379842483, 
616) 381212113, 
617) 383086140, 
618) 384395684, 
619) 384414663, 
620) 384472176, 
621) 384766211, 
622) 385270372, 
623) 385903682, 
624) 386052419, 
625) 386676192, 
626) 387086410, 
627) 387332258, 
628) 387860471, 
629) 388247194, 
630) 388378664, 
631) 388525389, 
632) 388858756, 
633) 388912320, 
634) 390157387, 
635) 390487703, 
636) 390869001, 
637) 391356208, 
638) 392089693, 
639) 392698660, 
640) 394826192, 
641) 395056539, 
642) 395208443, 
643) 395485280, 
644) 395943981, 
645) 395944477, 
646) 396623511, 
647) 397721755, 
648) 397885879, 
649) 397987842, 
650) 398004525, 
651) 398340488, 
652) 398688564, 
653) 398892414, 
654) 398965834, 
655) 399051752, 
656) 399312155, 
657) 399772490, 
658) 399893368, 
659) 400067094, 
660) 400069662, 
661) 400100942, 
662) 400381782, 
663) 400678923, 
664) 402971107, 
665) 402976485, 
666) 403982575, 
667) 404891372, 
668) 405190080, 
669) 406389997, 
670) 406754899, 
671) 406864014, 
672) 407135997, 
673) 407222725, 
674) 408823513, 
675) 409237584, 
676) 410037824, 
677) 410039877, 
678) 410322036, 
679) 411218631, 
680) 412049004, 
681) 412272389, 
682) 412899102, 
683) 413147255, 
684) 413287394, 
685) 413499358, 
686) 413779278, 
687) 413811698, 
688) 414220318, 
689) 416930784, 
690) 417619091, 
691) 418106065, 
692) 418151295, 
693) 418363431, 
694) 418473350, 
695) 419404914, 
696) 420355328, 
697) 420567980, 
698) 420799616, 
699) 422168834, 
700) 422171131, 
701) 422625060, 
702) 422645266, 
703) 423478432, 
704) 423648264, 
705) 423914176, 
706) 424040130, 
707) 425315438, 
708) 426362108, 
709) 426851157, 
710) 426946115, 
711) 427568552, 
712) 427713871, 
713) 427873679, 
714) 428550838, 
715) 429306067, 
716) 430844856, 
717) 430887672, 
718) 431068679, 
719) 431568187, 
720) 432802914, 
721) 432915212, 
722) 433272111, 
723) 433456204, 
724) 433555820, 
725) 433595060, 
726) 433756805, 
727) 433783142, 
728) 433878543, 
729) 435133148, 
730) 435843872, 
731) 436548921, 
732) 436785289, 
733) 437074806, 
734) 437229148, 
735) 438058272, 
736) 438184715, 
737) 438351072, 
738) 438662210, 
739) 438766655, 
740) 438917699, 
741) 439344241, 
742) 439712498, 
743) 439768046, 
744) 440152569, 
745) 441040953, 
746) 441403524, 
747) 441670315, 
748) 441852761, 
749) 443019725, 
750) 443267448, 
751) 444132619, 
752) 444593638, 
753) 445277579, 
754) 446064534, 
755) 446221369, 
756) 446269690, 
757) 446562834, 
758) 446620913, 
759) 447540824, 
760) 447881025, 
761) 448163790, 
762) 449226655, 
763) 450061618, 
764) 450552548, 
765) 452158714, 
766) 454148581, 
767) 454832270, 
768) 455295517, 
769) 455557315, 
770) 455636441, 
771) 455938440, 
772) 455951678, 
773) 456049633, 
774) 456387811, 
775) 456562198, 
776) 456696002, 
777) 457318482, 
778) 457716011, 
779) 457867789, 
780) 458199162, 
781) 459558747, 
782) 459624753, 
783) 459928016, 
784) 460345752, 
785) 460802799, 
786) 461931527, 
787) 463177886, 
788) 463574544, 
789) 463590800, 
790) 465523984, 
791) 465563736, 
792) 467690243, 
793) 468635963, 
794) 469375620, 
795) 469588528, 
796) 469985142, 
797) 470609304, 
798) 470656761, 
799) 471345754, 
800) 472379164, 
801) 472453927, 
802) 472574539, 
803) 473945931, 
804) 474079537, 
805) 474369115, 
806) 475414837, 
807) 475767200, 
808) 476241217, 
809) 476469870, 
810) 476561372, 
811) 476711340, 
812) 477215852, 
813) 477504399, 
814) 478213498, 
815) 478397822, 
816) 478862590, 
817) 479084518, 
818) 479932154, 
819) 479967777, 
820) 480752120, 
821) 480989677, 
822) 481494760, 
823) 481895073, 
824) 481908599, 
825) 482384403, 
826) 483412100, 
827) 483686238, 
828) 484206142, 
829) 484560233, 
830) 484778013, 
831) 486108159, 
832) 486832252, 
833) 486856093, 
834) 486904348, 
835) 487306993, 
836) 487452296, 
837) 488357222, 
838) 488403543, 
839) 488966936, 
840) 489143554, 
841) 489584859, 
842) 490070147, 
843) 490755260, 
844) 490823771, 
845) 490845021, 
846) 491181535, 
847) 491401958, 
848) 493734046, 
849) 495959454, 
850) 496312105, 
851) 496744482, 
852) 497577481, 
853) 497978167, 
854) 498386786, 
855) 498833098, 
856) 500056429, 
857) 500318888, 
858) 500880068, 
859) 500959649, 
860) 501499265, 
861) 501557412, 
862) 501884771, 
863) 502209122, 
864) 502662727, 
865) 502675441, 
866) 503549271, 
867) 503725010, 
868) 503869339, 
869) 506140283, 
870) 506701597, 
871) 507997191, 
872) 508109796, 
873) 508702102, 
874) 508807070, 
875) 509450872, 
876) 509531840, 
877) 510514302, 
878) 510956656, 
879) 511176676, 
880) 511739063, 
881) 512320708, 
882) 512797000, 
883) 513054661, 
884) 513075108, 
885) 513869120, 
886) 514404827, 
887) 515036533, 
888) 515682893, 
889) 515963298, 
890) 516350244, 
891) 516535430, 
892) 517190193, 
893) 518068143, 
894) 518096793, 
895) 518203548, 
896) 518326350, 
897) 519143033, 
898) 519536524, 
899) 520150873, 
900) 521351440, 
901) 521819025, 
902) 522137708, 
903) 522267241, 
904) 522783349, 
905) 523135631, 
906) 524806989, 
907) 525413064, 
908) 525478987, 
909) 525596695, 
910) 525661222, 
911) 525934688, 
912) 526718399, 
913) 527046292, 
914) 527117743, 
915) 527153857, 
916) 529325951, 
917) 529881298, 
918) 529990134, 
919) 531104661, 
920) 531744471, 
921) 531856438, 
922) 532769422, 
923) 533914051, 
924) 534735894, 
925) 535157268, 
926) 535556041, 
927) 536620761, 
928) 537276534, 
929) 537848437, 
930) 537910992, 
931) 538631301, 
932) 538994096, 
933) 539364871, 
934) 539548332, 
935) 540507579, 
936) 540824172, 
937) 541277635, 
938) 541510482, 
939) 542188000, 
940) 542244136, 
941) 542307517, 
942) 542500696, 
943) 543061440, 
944) 543121734, 
945) 543909262, 
946) 544598787, 
947) 545429033, 
948) 547486541, 
949) 548502704, 
950) 548977116, 
951) 549266405, 
952) 549898784, 
953) 550112162, 
954) 550725415, 
955) 551129108, 
956) 551698421, 
957) 552443419, 
958) 552546020, 
959) 552704740, 
960) 552864008, 
961) 553550495, 
962) 555360927, 
963) 555502478, 
964) 557620409, 
965) 558593647, 
966) 558900271, 
967) 561026765, 
968) 561506693, 
969) 561513312, 
970) 562042432, 
971) 562320734, 
972) 562642511, 
973) 563383759, 
974) 563946158, 
975) 564444503, 
976) 564558001, 
977) 565059616, 
978) 565549884, 
979) 565634228, 
980) 566418343, 
981) 567836419, 
982) 568020870, 
983) 568118553, 
984) 568971606, 
985) 569506242, 
986) 570181282, 
987) 571019196, 
988) 571051427, 
989) 571115231, 
990) 571336488, 
991) 571718371, 
992) 571919792, 
993) 573271170, 
994) 573649254, 
995) 575054943, 
996) 575409103, 
997) 575593553, 
998) 576794821, 
999) 576881600, 
1000) 577363265, 
1001) 578430814, 
1002) 578456467, 
1003) 578766851, 
1004) 579791676, 
1005) 579854371, 
1006) 580088794, 
1007) 580259918, 
1008) 580788656, 
1009) 580981640, 
1010) 581995052, 
1011) 583084549, 
1012) 584724409, 
1013) 585213507, 
1014) 586094615, 
1015) 586874710, 
1016) 587111191, 
1017) 587459184, 
1018) 588051114, 
1019) 589401167, 
1020) 589831577, 
1021) 590740758, 
1022) 591363119, 
1023) 592289970, 
1024) 592421064, 
1025) 593584398, 
1026) 593911947, 
1027) 593964161, 
1028) 594908653, 
1029) 595142307, 
1030) 596292063, 
1031) 596904620, 
1032) 597158648, 
1033) 597935524, 
1034) 597973219, 
1035) 598003275, 
1036) 598586501, 
1037) 599630959, 
1038) 600494758, 
1039) 600684145, 
1040) 600733355, 
1041) 600865725, 
1042) 601224773, 
1043) 601395044, 
1044) 603681701, 
1045) 603983027, 
1046) 604799064, 
1047) 605284083, 
1048) 606074653, 
1049) 606168827, 
1050) 606740904, 
1051) 606940589, 
1052) 607246797, 
1053) 607469779, 
1054) 608697468, 
1055) 608927391, 
1056) 609516514, 
1057) 610225430, 
1058) 611078649, 
1059) 611692953, 
1060) 612937727, 
1061) 613403166, 
1062) 613559617, 
1063) 614549599, 
1064) 614718577, 
1065) 615251774, 
1066) 617382902, 
1067) 617521996, 
1068) 617864147, 
1069) 618045379, 
1070) 618305309, 
1071) 619236009, 
1072) 619510294, 
1073) 619699705, 
1074) 620973482, 
1075) 621188614, 
1076) 621206422, 
1077) 621420038, 
1078) 622017090, 
1079) 622230118, 
1080) 622353318, 
1081) 623944841, 
1082) 624811395, 
1083) 625059749, 
1084) 625359318, 
1085) 626518310, 
1086) 627030457, 
1087) 627286518, 
1088) 627440538, 
1089) 627660342, 
1090) 628589920, 
1091) 630080909, 
1092) 630991252, 
1093) 631741986, 
1094) 631893134, 
1095) 632592891, 
1096) 633043569, 
1097) 634155618, 
1098) 634384322, 
1099) 635733590, 
1100) 636053336, 
1101) 636590803, 
1102) 637018888, 
1103) 637064067, 
1104) 639031818, 
1105) 639127069, 
1106) 639458170, 
1107) 639570792, 
1108) 640214799, 
1109) 641020945, 
1110) 641627940, 
1111) 642078166, 
1112) 642128468, 
1113) 642480579, 
1114) 642869401, 
1115) 642888159, 
1116) 643161757, 
1117) 643309884, 
1118) 644461715, 
1119) 644956879, 
1120) 645030825, 
1121) 645108145, 
1122) 645278778, 
1123) 645297938, 
1124) 645489815, 
1125) 645711613, 
1126) 646583023, 
1127) 647754415, 
1128) 647801638, 
1129) 648233570, 
1130) 648627638, 
1131) 649375295, 
1132) 649462071, 
1133) 649583799, 
1134) 649917652, 
1135) 650062776, 
1136) 650827446, 
1137) 651722369, 
1138) 652835446, 
1139) 653068993, 
1140) 653186722, 
1141) 653614749, 
1142) 653679245, 
1143) 653822996, 
1144) 654341212, 
1145) 654946478, 
1146) 656632592, 
1147) 657768403, 
1148) 657872832, 
1149) 659173635, 
1150) 659462849, 
1151) 659493311, 
1152) 659592049, 
1153) 659912354, 
1154) 660171702, 
1155) 660389385, 
1156) 661146403, 
1157) 661668569, 
1158) 661788066, 
1159) 662062756, 
1160) 662429650, 
1161) 662748442, 
1162) 663452118, 
1163) 664104856, 
1164) 664304202, 
1165) 666554338, 
1166) 668442005, 
1167) 668637940, 
1168) 669056633, 
1169) 669094486, 
1170) 670303358, 
1171) 671083620, 
1172) 671932783, 
1173) 672650427, 
1174) 673276335, 
1175) 673903128, 
1176) 675369354, 
1177) 675441938, 
1178) 675756455, 
1179) 676257999, 
1180) 676355974, 
1181) 677076554, 
1182) 677978560, 
1183) 678070697, 
1184) 678909314, 
1185) 679023048, 
1186) 679384287, 
1187) 679408884, 
1188) 679532076, 
1189) 680530991, 
1190) 681174922, 
1191) 683367256, 
1192) 683702472, 
1193) 683748425, 
1194) 684830340, 
1195) 684900756, 
1196) 684915184, 
1197) 685259827, 
1198) 685625941, 
1199) 685846440, 
1200) 687593264, 
1201) 688022438, 
1202) 688146894, 
1203) 688902191, 
1204) 689929806, 
1205) 691859859, 
1206) 692389491, 
1207) 692631085, 
1208) 692668916, 
1209) 694926482, 
1210) 695320929, 
1211) 695516227, 
1212) 696289870, 
1213) 696553597, 
1214) 696613826, 
1215) 696806866, 
1216) 696814395, 
1217) 697169896, 
1218) 697301920, 
1219) 698915784, 
1220) 699465649, 
1221) 700018869, 
1222) 702407482, 
1223) 703342811, 
1224) 704625272, 
1225) 704883803, 
1226) 705255022, 
1227) 706033054, 
1228) 706852280, 
1229) 707480682, 
1230) 708085855, 
1231) 708993640, 
1232) 709028484, 
1233) 709978550, 
1234) 710968985, 
1235) 711283054, 
1236) 712505764, 
1237) 713003127, 
1238) 713595301, 
1239) 714148916, 
1240) 714222451, 
1241) 716271799, 
1242) 717358716, 
1243) 717362839, 
1244) 718337715, 
1245) 718823403, 
1246) 718999912, 
1247) 719779730, 
1248) 720304945, 
1249) 720348023, 
1250) 720906851, 
1251) 721259605, 
1252) 721354779, 
1253) 721883918, 
1254) 722472350, 
1255) 722566367, 
1256) 723280853, 
1257) 723762160, 
1258) 726588066, 
1259) 726588666, 
1260) 726654126, 
1261) 726781480, 
1262) 727936546, 
1263) 728084927, 
1264) 728723650, 
1265) 728760026, 
1266) 729600203, 
1267) 731439772, 
1268) 731665533, 
1269) 731988378, 
1270) 732535206, 
1271) 732709505, 
1272) 733917108, 
1273) 734139406, 
1274) 735702630, 
1275) 735954055, 
1276) 736581227, 
1277) 737186922, 
1278) 739960045, 
1279) 740343952, 
1280) 740945919, 
1281) 741343736, 
1282) 741977318, 
1283) 742236527, 
1284) 742692058, 
1285) 743632732, 
1286) 743729167, 
1287) 743961516, 
1288) 744277741, 
1289) 744371056, 
1290) 745393767, 
1291) 745650626, 
1292) 746339216, 
1293) 746425602, 
1294) 746574455, 
1295) 746782801, 
1296) 747295730, 
1297) 747844805, 
1298) 748373358, 
1299) 748942607, 
1300) 749444874, 
1301) 749790079, 
1302) 749970854, 
1303) 750965203, 
1304) 751778011, 
1305) 752005212, 
1306) 752232283, 
1307) 752840532, 
1308) 753220143, 
1309) 753362832, 
1310) 753381820, 
1311) 753620270, 
1312) 754252141, 
1313) 754368935, 
1314) 754511888, 
1315) 754754486, 
1316) 754870802, 
1317) 754894335, 
1318) 755240618, 
1319) 755764164, 
1320) 757319983, 
1321) 758125493, 
1322) 759453643, 
1323) 759778167, 
1324) 760586114, 
1325) 761115458, 
1326) 761870214, 
1327) 762387649, 
1328) 762614672, 
1329) 762719994, 
1330) 762865199, 
1331) 762901264, 
1332) 763724275, 
1333) 763803974, 
1334) 763896985, 
1335) 764478230, 
1336) 764999596, 
1337) 765155052, 
1338) 766860390, 
1339) 767036597, 
1340) 767381271, 
1341) 767453510, 
1342) 767602767, 
1343) 768443119, 
1344) 768808791, 
1345) 768889580, 
1346) 768998589, 
1347) 769713107, 
1348) 770261087, 
1349) 770447416, 
1350) 770851557, 
1351) 772046641, 
1352) 772866696, 
1353) 773200139, 
1354) 773229087, 
1355) 773910260, 
1356) 774353383, 
1357) 774951275, 
1358) 775167549, 
1359) 775245644, 
1360) 775256450, 
1361) 776098135, 
1362) 776409395, 
1363) 777097697, 
1364) 777556434, 
1365) 777929467, 
1366) 778975258, 
1367) 778999995, 
1368) 779091311, 
1369) 779658707, 
1370) 780019568, 
1371) 780389469, 
1372) 780932998, 
1373) 781101159, 
1374) 782740535, 
1375) 785459607, 
1376) 786622215, 
1377) 786825958, 
1378) 787410668, 
1379) 787910942, 
1380) 788799377, 
1381) 789044295, 
1382) 789705856, 
1383) 789840313, 
1384) 790269176, 
1385) 790281458, 
1386) 790707097, 
1387) 791425459, 
1388) 791817707, 
1389) 791890587, 
1390) 792160381, 
1391) 793386661, 
1392) 793919903, 
1393) 793940513, 
1394) 795531252, 
1395) 795976333, 
1396) 795994654, 
1397) 796625902, 
1398) 798349487, 
1399) 798714950, 
1400) 798889666, 
1401) 799362047, 
1402) 800131553, 
1403) 800722552, 
1404) 800840878, 
1405) 801051400, 
1406) 801761254, 
1407) 803602194, 
1408) 803958566, 
1409) 804451154, 
1410) 805212478, 
1411) 805897323, 
1412) 806618309, 
1413) 806705737, 
1414) 807070517, 
1415) 808430037, 
1416) 808613970, 
1417) 809755030, 
1418) 810045633, 
1419) 811070998, 
1420) 811942747, 
1421) 813069754, 
1422) 813080767, 
1423) 814503274, 
1424) 814814905, 
1425) 815044574, 
1426) 815386645, 
1427) 815642770, 
1428) 816110016, 
1429) 816486968, 
1430) 817298358, 
1431) 818188813, 
1432) 818299576, 
1433) 818793575, 
1434) 818901697, 
1435) 820142670, 
1436) 822922330, 
1437) 823195544, 
1438) 824156141, 
1439) 824662973, 
1440) 825590025, 
1441) 825775992, 
1442) 826687073, 
1443) 827466827, 
1444) 828838560, 
1445) 829373476, 
1446) 829907839, 
1447) 829955291, 
1448) 830642995, 
1449) 830991564, 
1450) 831160052, 
1451) 831828652, 
1452) 831972526, 
1453) 832001754, 
1454) 832094159, 
1455) 835450114, 
1456) 835899289, 
1457) 836090360, 
1458) 836657867, 
1459) 837188509, 
1460) 838314274, 
1461) 838409601, 
1462) 838787546, 
1463) 843164974, 
1464) 844117064, 
1465) 845615719, 
1466) 845753426, 
1467) 846851900, 
1468) 847251687, 
1469) 847860808, 
1470) 848091829, 
1471) 848430267, 
1472) 848433201, 
1473) 848597195, 
1474) 848795324, 
1475) 849599297, 
1476) 850287488, 
1477) 851605831, 
1478) 852714924, 
1479) 852751042, 
1480) 852973101, 
1481) 853112704, 
1482) 854249159, 
1483) 855667227, 
1484) 856978749, 
1485) 857594578, 
1486) 857798451, 
1487) 858256113, 
1488) 858797441, 
1489) 860009367, 
1490) 860039569, 
1491) 861608775, 
1492) 861916242, 
1493) 862976443, 
1494) 864074345, 
1495) 864811665, 
1496) 865457001, 
1497) 866958458, 
1498) 868129481, 
1499) 868271555, 
1500) 868396182, 
1501) 868448166, 
1502) 868877070, 
1503) 869578097, 
1504) 869592062, 
1505) 869836913, 
1506) 870460432, 
1507) 871490672, 
1508) 872076945, 
1509) 872339786, 
1510) 872395241, 
1511) 872557301, 
1512) 874181751, 
1513) 875275541, 
1514) 876259818, 
1515) 877265169, 
1516) 878868885, 
1517) 879050017, 
1518) 879316950, 
1519) 881239521, 
1520) 882432686, 
1521) 882697602, 
1522) 882853716, 
1523) 883178374, 
1524) 883995973, 
1525) 884119666, 
1526) 884345755, 
1527) 884402300, 
1528) 884713478, 
1529) 885291941, 
1530) 885308842, 
1531) 889250697, 
1532) 889524563, 
1533) 889569305, 
1534) 889715420, 
1535) 890261654, 
1536) 890475087, 
1537) 890486468, 
1538) 891354351, 
1539) 891956436, 
1540) 892217101, 
1541) 892729764, 
1542) 893521562, 
1543) 894628754, 
1544) 895174649, 
1545) 895766100, 
1546) 895917295, 
1547) 896641802, 
1548) 897049641, 
1549) 897369654, 
1550) 898285567, 
1551) 898400275, 
1552) 899492444, 
1553) 900136561, 
1554) 900248026, 
1555) 900426438, 
1556) 900447731, 
1557) 900641539, 
1558) 900975639, 
1559) 902622216, 
1560) 903019503, 
1561) 903622239, 
1562) 904000929, 
1563) 904135409, 
1564) 905652234, 
1565) 906281545, 
1566) 906687925, 
1567) 907086653, 
1568) 907304858, 
1569) 907510288, 
1570) 908604598, 
1571) 909505674, 
1572) 909810682, 
1573) 909897452, 
1574) 910711791, 
1575) 910922934, 
1576) 911394034, 
1577) 911424786, 
1578) 911451932, 
1579) 911819154, 
1580) 912295676, 
1581) 912737871, 
1582) 912967443, 
1583) 913393743, 
1584) 914219971, 
1585) 914267475, 
1586) 914592220, 
1587) 915244335, 
1588) 915742462, 
1589) 916106126, 
1590) 916367866, 
1591) 917516488, 
1592) 918590042, 
1593) 919778753, 
1594) 919816297, 
1595) 919919335, 
1596) 920249981, 
1597) 922336193, 
1598) 922924494, 
1599) 924372053, 
1600) 924734044, 
1601) 925107617, 
1602) 925897462, 
1603) 925945998, 
1604) 928791717, 
1605) 929641529, 
1606) 932241759, 
1607) 932623905, 
1608) 933352933, 
1609) 933442748, 
1610) 934041494, 
1611) 936080778, 
1612) 936550930, 
1613) 936694961, 
1614) 936742509, 
1615) 937104391, 
1616) 938225480, 
1617) 938297272, 
1618) 938891083, 
1619) 939158173, 
1620) 939604489, 
1621) 941425707, 
1622) 941466722, 
1623) 941986212, 
1624) 943179520, 
1625) 944978474, 
1626) 945404215, 
1627) 945423378, 
1628) 945866348, 
1629) 947045429, 
1630) 948562008, 
1631) 948734338, 
1632) 949063437, 
1633) 949356718, 
1634) 949973480, 
1635) 951466168, 
1636) 952868337, 
1637) 953104727, 
1638) 953341951, 
1639) 953652761, 
1640) 954139357, 
1641) 954223546, 
1642) 954346268, 
1643) 954657763, 
1644) 954735685, 
1645) 955433717, 
1646) 955705928, 
1647) 955880715, 
1648) 956038759, 
1649) 956130780, 
1650) 958149710, 
1651) 958560966, 
1652) 959343608, 
1653) 960196298, 
1654) 960210976, 
1655) 961398631, 
1656) 962340553, 
1657) 962357625, 
1658) 962463309, 
1659) 963310467, 
1660) 963867403, 
1661) 965269538, 
1662) 965572898, 
1663) 967417283, 
1664) 969056799, 
1665) 969459341, 
1666) 969499707, 
1667) 969949475, 
1668) 970771439, 
1669) 970784590, 
1670) 970814857, 
1671) 970924265, 
1672) 971383284, 
1673) 971999464, 
1674) 975281450, 
1675) 975527401, 
1676) 976207552, 
1677) 976413998, 
1678) 976551747, 
1679) 976665289, 
1680) 977914137, 
1681) 978171067, 
1682) 978686368, 
1683) 980535829, 
1684) 980974706, 
1685) 982246012, 
1686) 984772487, 
1687) 986018082, 
1688) 986424382, 
1689) 986531316, 
1690) 987290768, 
1691) 988076955, 
1692) 988437702, 
1693) 988915037, 
1694) 990076793, 
1695) 990323093, 
1696) 990490389, 
1697) 990777924, 
1698) 992556333, 
1699) 993654844, 
1700) 993670287, 
1701) 995381865, 
1702) 995400600, 
1703) 995598667, 
1704) 995732447, 
1705) 995939565, 
1706) 996022579, 
1707) 996215733, 
1708) 996761101, 
1709) 997330111, 
1710) 998539892, 
1711) 999287945, 
1712) 1000622928, 
1713) 1000865170, 
1714) 1001753786, 
1715) 1003108293, 
1716) 1003135063, 
1717) 1003434391, 
1718) 1005263777, 
1719) 1006750685, 
1720) 1006846685, 
1721) 1008254291, 
1722) 1008274635, 
1723) 1008402411, 
1724) 1008579595, 
1725) 1008600566, 
1726) 1008679204, 
1727) 1009002717, 
1728) 1009073378, 
1729) 1009325636, 
1730) 1009346754, 
1731) 1009467019, 
1732) 1009816083, 
1733) 1010368341, 
1734) 1010543871, 
1735) 1010560438, 
1736) 1010566321, 
1737) 1011639798, 
1738) 1012504584, 
1739) 1012643950, 
1740) 1014647526, 
1741) 1014723100, 
1742) 1014788113, 
1743) 1015194566, 
1744) 1015434215, 
1745) 1015614203, 
1746) 1015686491, 
1747) 1016334205, 
1748) 1016352276, 
1749) 1016962835, 
1750) 1017088634, 
1751) 1018151253, 
1752) 1018910362, 
1753) 1022393647, 
1754) 1022717146, 
1755) 1022718950, 
1756) 1022770060, 
1757) 1022902333, 
1758) 1023005421, 
1759) 1023232669, 
1760) 1023847958, 
1761) 1024055184, 
1762) 1024531202, 
1763) 1024867613, 
1764) 1026487110, 
1765) 1026948584, 
1766) 1028783716, 
1767) 1029284778, 
1768) 1029327024, 
1769) 1029631275, 
1770) 1031778862, 
1771) 1031866802, 
1772) 1032254165, 
1773) 1032406204, 
1774) 1032693002, 
1775) 1033427933, 
1776) 1033465402, 
1777) 1034136409, 
1778) 1034248973, 
1779) 1034286192, 
1780) 1034783010, 
1781) 1035651517, 
1782) 1036958589, 
1783) 1037972977, 
1784) 1038074662, 
1785) 1039182326, 
1786) 1040272842, 
1787) 1041522603, 
1788) 1043473195, 
1789) 1043664573, 
1790) 1043885106, 
1791) 1044528509, 
1792) 1045563951, 
1793) 1045834837, 
1794) 1046466519, 
1795) 1047008834, 
1796) 1047948716, 
1797) 1048114229, 
1798) 1048158053, 
1799) 1048159792, 
1800) 1049234563, 
1801) 1049382205, 
1802) 1050192996, 
1803) 1050386648, 
1804) 1050616903, 
1805) 1050831568, 
1806) 1052733405, 
1807) 1053383525, 
1808) 1053583697, 
1809) 1053726026, 
1810) 1056466122, 
1811) 1056985405, 
1812) 1057154802, 
1813) 1057254017, 
1814) 1057299798, 
1815) 1057498080, 
1816) 1057896640, 
1817) 1058781723, 
1818) 1059387239, 
1819) 1059820328, 
1820) 1060252238, 
1821) 1060417470, 
1822) 1060496516, 
1823) 1061007939, 
1824) 1061619860, 
1825) 1062539362, 
1826) 1063560168, 
1827) 1064101897, 
1828) 1067353634, 
1829) 1067404265, 
1830) 1068885322, 
1831) 1069334188, 
1832) 1069500012, 
1833) 1069543573, 
1834) 1069602014, 
1835) 1070208719, 
1836) 1070644335, 
1837) 1070750186, 
1838) 1071056789, 
1839) 1071263933, 
1840) 1072142896, 
1841) 1072176252, 
1842) 1072406697, 
1843) 1072498597, 
1844) 1072522606, 
1845) 1074752994, 
1846) 1076170277, 
1847) 1076315401, 
1848) 1076472349, 
1849) 1077224760, 
1850) 1077620034, 
1851) 1077843522, 
1852) 1078246864, 
1853) 1078858689, 
1854) 1080191995, 
1855) 1080910192, 
1856) 1081070895, 
1857) 1082728232, 
1858) 1083151806, 
1859) 1084134238, 
1860) 1084317021, 
1861) 1084415660, 
1862) 1084607976, 
1863) 1084953125, 
1864) 1086096941, 
1865) 1086190610, 
1866) 1086554469, 
1867) 1086803929, 
1868) 1087504006, 
1869) 1088317355, 
1870) 1088320252, 
1871) 1089091952, 
1872) 1089939350, 
1873) 1090495766, 
1874) 1090726799, 
1875) 1090875638, 
1876) 1092093131, 
1877) 1092834484, 
1878) 1093542065, 
1879) 1093873714, 
1880) 1093906623, 
1881) 1093990932, 
1882) 1095252099, 
1883) 1095468023, 
1884) 1095678502, 
1885) 1097167626, 
1886) 1097380280, 
1887) 1097691236, 
1888) 1098339454, 
1889) 1098695311, 
1890) 1100086187, 
1891) 1100469586, 
1892) 1100890303, 
1893) 1101017541, 
1894) 1101298780, 
1895) 1101636749, 
1896) 1101663941, 
1897) 1103370855, 
1898) 1103978289, 
1899) 1105080044, 
1900) 1105737744, 
1901) 1105876732, 
1902) 1106235341, 
1903) 1107492457, 
1904) 1108804673, 
1905) 1108913484, 
1906) 1109220789, 
1907) 1109238671, 
1908) 1109641593, 
1909) 1110020889, 
1910) 1110512111, 
1911) 1110958223, 
1912) 1111372574, 
1913) 1111735998, 
1914) 1112115762, 
1915) 1112208023, 
1916) 1112866886, 
1917) 1113032975, 
1918) 1113455164, 
1919) 1113590640, 
1920) 1113835766, 
1921) 1113849512, 
1922) 1114006644, 
1923) 1114009863, 
1924) 1114727770, 
1925) 1115368720, 
1926) 1116154391, 
1927) 1116625558, 
1928) 1117144210, 
1929) 1117418907, 
1930) 1117510958, 
1931) 1117751859, 
1932) 1118696635, 
1933) 1118864515, 
1934) 1119719471, 
1935) 1119864658, 
1936) 1120161677, 
1937) 1120309945, 
1938) 1120370654, 
1939) 1121044980, 
1940) 1122009466, 
1941) 1122257231, 
1942) 1123213834, 
1943) 1124211294, 
1944) 1126687725, 
1945) 1127812204, 
1946) 1127912850, 
1947) 1128136231, 
1948) 1128990621, 
1949) 1129385852, 
1950) 1129762426, 
1951) 1130223367, 
1952) 1130314030, 
1953) 1131259298, 
1954) 1131522523, 
1955) 1131614363, 
1956) 1131791304, 
1957) 1132790129, 
1958) 1132862685, 
1959) 1133534123, 
1960) 1133787312, 
1961) 1133968940, 
1962) 1134824092, 
1963) 1134857265, 
1964) 1135152092, 
1965) 1136156979, 
1966) 1136421542, 
1967) 1136520864, 
1968) 1137174495, 
1969) 1138105060, 
1970) 1138581596, 
1971) 1138915501, 
1972) 1139890584, 
1973) 1140021670, 
1974) 1140972964, 
1975) 1141293450, 
1976) 1141970698, 
1977) 1143248272, 
1978) 1143469970, 
1979) 1144234369, 
1980) 1146197574, 
1981) 1148239095, 
1982) 1148976051, 
1983) 1148997739, 
1984) 1149196174, 
1985) 1151168284, 
1986) 1151939717, 
1987) 1152100326, 
1988) 1153727951, 
1989) 1155009910, 
1990) 1158098380, 
1991) 1158332325, 
1992) 1160641204, 
1993) 1161175526, 
1994) 1162781616, 
1995) 1162866287, 
1996) 1163142029, 
1997) 1163388374, 
1998) 1168986132, 
1999) 1169125712, 
2000) 1170419530, 
2001) 1176068103, 
2002) 1176616394, 
2003) 1177032066, 
2004) 1177691277, 
2005) 1177961577, 
2006) 1178618772, 
2007) 1179465273, 
2008) 1180908265, 
2009) 1182026800, 
2010) 1182508077, 
2011) 1183039338, 
2012) 1183104457, 
2013) 1183339495, 
2014) 1185317791, 
2015) 1186190756, 
2016) 1186734484, 
2017) 1188293858, 
2018) 1188661977, 
2019) 1190075478, 
2020) 1191916678, 
2021) 1192305892, 
2022) 1192417386, 
2023) 1193653027, 
2024) 1194395360, 
2025) 1195061461, 
2026) 1195391916, 
2027) 1195462474, 
2028) 1196242755, 
2029) 1196614553, 
2030) 1196772029, 
2031) 1197510658, 
2032) 1197985474, 
2033) 1198896792, 
2034) 1199082131, 
2035) 1199970257, 
2036) 1200306928, 
2037) 1200401256, 
2038) 1200517883, 
2039) 1200766265, 
2040) 1201156957, 
2041) 1201164302, 
2042) 1201235687, 
2043) 1203478181, 
2044) 1203608993, 
2045) 1203790231, 
2046) 1203901530, 
2047) 1204273381, 
2048) 1204386284, 
2049) 1204628013, 
2050) 1205100798, 
2051) 1205821253, 
2052) 1205993151, 
2053) 1206879008, 
2054) 1207870174, 
2055) 1208058509, 
2056) 1208091165, 
2057) 1208677364, 
2058) 1209094164, 
2059) 1210923662, 
2060) 1211150886, 
2061) 1211274929, 
2062) 1211488161, 
2063) 1211704988, 
2064) 1212545965, 
2065) 1213818955, 
2066) 1214471353, 
2067) 1214511479, 
2068) 1215644399, 
2069) 1216508519, 
2070) 1216599689, 
2071) 1217772558, 
2072) 1218322237, 
2073) 1218563540, 
2074) 1220197095, 
2075) 1220305191, 
2076) 1220361515, 
2077) 1220863907, 
2078) 1221359867, 
2079) 1221843240, 
2080) 1222118003, 
2081) 1222804411, 
2082) 1222954393, 
2083) 1223012198, 
2084) 1225276478, 
2085) 1226388060, 
2086) 1226835805, 
2087) 1226862234, 
2088) 1227810053, 
2089) 1227892341, 
2090) 1228497073, 
2091) 1228845940, 
2092) 1229918468, 
2093) 1230904664, 
2094) 1232318526, 
2095) 1233322897, 
2096) 1234201835, 
2097) 1236542267, 
2098) 1239189753, 
2099) 1239933424, 
2100) 1239963671, 
2101) 1240594793, 
2102) 1241943178, 
2103) 1241964662, 
2104) 1242783256, 
2105) 1243038814, 
2106) 1244521614, 
2107) 1244540611, 
2108) 1244737885, 
2109) 1245147574, 
2110) 1245417073, 
2111) 1245873215, 
2112) 1246495442, 
2113) 1247574436, 
2114) 1247592544, 
2115) 1247743499, 
2116) 1248653742, 
2117) 1249783129, 
2118) 1249869399, 
2119) 1250243752, 
2120) 1251380983, 
2121) 1252818469, 
2122) 1252960959, 
2123) 1253078937, 
2124) 1253335855, 
2125) 1253374705, 
2126) 1254189557, 
2127) 1255208600, 
2128) 1255494019, 
2129) 1255842808, 
2130) 1256150379, 
2131) 1256203605, 
2132) 1256454831, 
2133) 1257527158, 
2134) 1258074891, 
2135) 1258812259, 
2136) 1259079359, 
2137) 1261221733, 
2138) 1261308766, 
2139) 1261618932, 
2140) 1261967726, 
2141) 1262977889, 
2142) 1263093566, 
2143) 1265369901, 
2144) 1265906600, 
2145) 1266407688, 
2146) 1267229976, 
2147) 1267951779, 
2148) 1268164665, 
2149) 1268367527, 
2150) 1269230974, 
2151) 1269325516, 
2152) 1271073789, 
2153) 1271228336, 
2154) 1271435935, 
2155) 1271510227, 
2156) 1272663983, 
2157) 1272694442, 
2158) 1272761211, 
2159) 1275235257, 
2160) 1275477186, 
2161) 1275495452, 
2162) 1276351845, 
2163) 1276940882, 
2164) 1277766947, 
2165) 1277965927, 
2166) 1278350281, 
2167) 1278606328, 
2168) 1278746173, 
2169) 1278800282, 
2170) 1278918341, 
2171) 1279200046, 
2172) 1279211181, 
2173) 1279381508, 
2174) 1279485539, 
2175) 1280960824, 
2176) 1281485000, 
2177) 1282401324, 
2178) 1282690792, 
2179) 1283158586, 
2180) 1283221208, 
2181) 1286121129, 
2182) 1286750472, 
2183) 1287030187, 
2184) 1287445171, 
2185) 1287964821, 
2186) 1287970058, 
2187) 1288099946, 
2188) 1288977909, 
2189) 1289226018, 
2190) 1289584113, 
2191) 1289911311, 
2192) 1290293089, 
2193) 1291126383, 
2194) 1291365799, 
2195) 1291777919, 
2196) 1294483995, 
2197) 1294597332, 
2198) 1295107352, 
2199) 1297772312, 
2200) 1298051352, 
2201) 1299098321, 
2202) 1299164339, 
2203) 1299280847, 
2204) 1299576133, 
2205) 1299595252, 
2206) 1299674521, 
2207) 1299823384, 
2208) 1300033404, 
2209) 1300411236, 
2210) 1303714316, 
2211) 1304367480, 
2212) 1304441067, 
2213) 1304749474, 
2214) 1305522056, 
2215) 1305722053, 
2216) 1306312927, 
2217) 1307201993, 
2218) 1308823800, 
2219) 1308993574, 
2220) 1309374806, 
2221) 1311213206, 
2222) 1312052986, 
2223) 1312758174, 
2224) 1313183433, 
2225) 1315366605, 
2226) 1315726509, 
2227) 1316303302, 
2228) 1317298589, 
2229) 1317710345, 
2230) 1318162996, 
2231) 1318674562, 
2232) 1318779100, 
2233) 1319382363, 
2234) 1319387352, 
2235) 1321616198, 
2236) 1322138576, 
2237) 1323127689, 
2238) 1323567673, 
2239) 1323636310, 
2240) 1323973678, 
2241) 1324112048, 
2242) 1324209060, 
2243) 1325271466, 
2244) 1325658815, 
2245) 1327054116, 
2246) 1328774359, 
2247) 1329636263, 
2248) 1330112122, 
2249) 1331089040, 
2250) 1331655251, 
2251) 1332281315, 
2252) 1333316487, 
2253) 1334268342, 
2254) 1334742184, 
2255) 1334807819, 
2256) 1334875644, 
2257) 1335364957, 
2258) 1335686928, 
2259) 1335746320, 
2260) 1336307216, 
2261) 1337252306, 
2262) 1337766322, 
2263) 1338614443, 
2264) 1339445558, 
2265) 1339709398, 
2266) 1339722281, 
2267) 1340080782, 
2268) 1340477219, 
2269) 1340804209, 
2270) 1341084235, 
2271) 1341645401, 
2272) 1341908412, 
2273) 1341945226, 
2274) 1342502632, 
2275) 1342907063, 
2276) 1343865037, 
2277) 1344530685, 
2278) 1344767880, 
2279) 1346263891, 
2280) 1346301505, 
2281) 1346474054, 
2282) 1346998003, 
2283) 1347206027, 
2284) 1347478169, 
2285) 1347626465, 
2286) 1347682037, 
2287) 1349257374, 
2288) 1349554656, 
2289) 1349834310, 
2290) 1350027953, 
2291) 1350816497, 
2292) 1350840920, 
2293) 1351264389, 
2294) 1351385347, 
2295) 1352000640, 
2296) 1353820897, 
2297) 1354103949, 
2298) 1354767343, 
2299) 1354956396, 
2300) 1355011994, 
2301) 1355314896, 
2302) 1355337631, 
2303) 1355388788, 
2304) 1355462506, 
2305) 1356622613, 
2306) 1356878089, 
2307) 1358658256, 
2308) 1359321184, 
2309) 1359943294, 
2310) 1360034275, 
2311) 1360745153, 
2312) 1362838420, 
2313) 1363064858, 
2314) 1363869582, 
2315) 1364097772, 
2316) 1364572096, 
2317) 1365476971, 
2318) 1366085394, 
2319) 1368949717, 
2320) 1369043823, 
2321) 1370282925, 
2322) 1370779981, 
2323) 1370783649, 
2324) 1370955978, 
2325) 1372003990, 
2326) 1372112275, 
2327) 1372184245, 
2328) 1372687034, 
2329) 1374055761, 
2330) 1374057148, 
2331) 1374124323, 
2332) 1374812083, 
2333) 1375319055, 
2334) 1376975623, 
2335) 1377191433, 
2336) 1377659232, 
2337) 1380220070, 
2338) 1380272554, 
2339) 1380445625, 
2340) 1381037659, 
2341) 1381303832, 
2342) 1382362986, 
2343) 1383412582, 
2344) 1383684127, 
2345) 1383875276, 
2346) 1383970301, 
2347) 1384133144, 
2348) 1384199929, 
2349) 1384905160, 
2350) 1385040281, 
2351) 1386018682, 
2352) 1386139362, 
2353) 1386264811, 
2354) 1386832731, 
2355) 1388113547, 
2356) 1388429266, 
2357) 1389277205, 
2358) 1389671842, 
2359) 1390988180, 
2360) 1391560580, 
2361) 1391786032, 
2362) 1392571340, 
2363) 1392755221, 
2364) 1393148193, 
2365) 1394356006, 
2366) 1394618421, 
2367) 1394859446, 
2368) 1395167619, 
2369) 1395630488, 
2370) 1395688464, 
2371) 1397510464, 
2372) 1397980985, 
2373) 1398621203, 
2374) 1398742396, 
2375) 1398920417, 
2376) 1399014738, 
2377) 1399065577, 
2378) 1399777751, 
2379) 1401529406, 
2380) 1401978116, 
2381) 1402052068, 
2382) 1402113177, 
2383) 1402432800, 
2384) 1402933981, 
2385) 1402990884, 
2386) 1403119658, 
2387) 1403599110, 
2388) 1404341024, 
2389) 1405520789, 
2390) 1405955425, 
2391) 1406408677, 
2392) 1406480094, 
2393) 1406512122, 
2394) 1406927736, 
2395) 1407373242, 
2396) 1407514680, 
2397) 1407915366, 
2398) 1408649050, 
2399) 1409430679, 
2400) 1409502701, 
2401) 1409951400, 
2402) 1409987729, 
2403) 1410674958, 
2404) 1413276467, 
2405) 1413658386, 
2406) 1413778478, 
2407) 1413960954, 
2408) 1414970016, 
2409) 1415948325, 
2410) 1416353010, 
2411) 1416579469, 
2412) 1416946627, 
2413) 1418036244, 
2414) 1418834707, 
2415) 1419563014, 
2416) 1421273046, 
2417) 1421624602, 
2418) 1422115185, 
2419) 1423151473, 
2420) 1425679200, 
2421) 1425737634, 
2422) 1426228427, 
2423) 1426442076, 
2424) 1427525274, 
2425) 1429030087, 
2426) 1429150508, 
2427) 1429349589, 
2428) 1429360590, 
2429) 1429810573, 
2430) 1430783092, 
2431) 1430860689, 
2432) 1431557861, 
2433) 1432009757, 
2434) 1434813874, 
2435) 1435404518, 
2436) 1437202373, 
2437) 1438560480, 
2438) 1439619053, 
2439) 1439726121, 
2440) 1440127331, 
2441) 1440229441, 
2442) 1440516103, 
2443) 1440547024, 
2444) 1440628942, 
2445) 1442404474, 
2446) 1442702666, 
2447) 1442814469, 
2448) 1444171564, 
2449) 1444580610, 
2450) 1444603914, 
2451) 1444849764, 
2452) 1445035923, 
2453) 1446147766, 
2454) 1446751483, 
2455) 1447039790, 
2456) 1447307633, 
2457) 1447337684, 
2458) 1447398967, 
2459) 1448029475, 
2460) 1448241068, 
2461) 1449723751, 
2462) 1451788279, 
2463) 1452135586, 
2464) 1452871021, 
2465) 1453497630, 
2466) 1453650066, 
2467) 1454130168, 
2468) 1454214713, 
2469) 1454778191, 
2470) 1455313222, 
2471) 1455719051, 
2472) 1455976823, 
2473) 1456588820, 
2474) 1456709979, 
2475) 1457787430, 
2476) 1457830987, 
2477) 1458652149, 
2478) 1458989259, 
2479) 1460725115, 
2480) 1463722772, 
2481) 1463739671, 
2482) 1465690242, 
2483) 1466293798, 
2484) 1467369684, 
2485) 1467792393, 
2486) 1468423746, 
2487) 1468962840, 
2488) 1469000789, 
2489) 1469897029, 
2490) 1472463857, 
2491) 1472740795, 
2492) 1473226362, 
2493) 1473680710, 
2494) 1477434976, 
2495) 1477623019, 
2496) 1478810374, 
2497) 1478911293, 
2498) 1478960610, 
2499) 1479547472, 
2500) 1479561171, 
2501) 1480875978, 
2502) 1481976783, 
2503) 1482851311, 
2504) 1484510086, 
2505) 1484774742, 
2506) 1485414812, 
2507) 1485750625, 
2508) 1487006341, 
2509) 1489210543, 
2510) 1489582954, 
2511) 1489603823, 
2512) 1489645536, 
2513) 1490080809, 
2514) 1491166029, 
2515) 1491345523, 
2516) 1492005455, 
2517) 1493051490, 
2518) 1493669289, 
2519) 1494832161, 
2520) 1495711916, 
2521) 1496126172, 
2522) 1496615630, 
2523) 1497753163, 
2524) 1497852194, 
2525) 1498621435, 
2526) 1498860034, 
2527) 1499158139, 
2528) 1499267162, 
2529) 1499857349, 
2530) 1499857385, 
2531) 1500130589, 
2532) 1500496219, 
2533) 1502062197, 
2534) 1503456180, 
2535) 1503473554, 
2536) 1504476045, 
2537) 1504991448, 
2538) 1505304216, 
2539) 1505934392, 
2540) 1506949059, 
2541) 1508146365, 
2542) 1508187532, 
2543) 1508540017, 
2544) 1508689451, 
2545) 1510858326, 
2546) 1511945749, 
2547) 1512171458, 
2548) 1512727229, 
2549) 1513215556, 
2550) 1513329181, 
2551) 1513730941, 
2552) 1513737633, 
2553) 1513744794, 
2554) 1513911166, 
2555) 1514724750, 
2556) 1514877020, 
2557) 1515210494, 
2558) 1515409736, 
2559) 1515751919, 
2560) 1516156869, 
2561) 1516194905, 
2562) 1516864918, 
2563) 1517498807, 
2564) 1518138364, 
2565) 1518583057, 
2566) 1519467646, 
2567) 1522042657, 
2568) 1524570598, 
2569) 1525795764, 
2570) 1527014254, 
2571) 1527597466, 
2572) 1527600824, 
2573) 1527680982, 
2574) 1528010676, 
2575) 1528240144, 
2576) 1528726312, 
2577) 1528785875, 
2578) 1529423331, 
2579) 1530362317, 
2580) 1531916636, 
2581) 1532280230, 
2582) 1533242363, 
2583) 1533866488, 
2584) 1534583378, 
2585) 1534790563, 
2586) 1535102311, 
2587) 1535156076, 
2588) 1536548809, 
2589) 1537385554, 
2590) 1538742645, 
2591) 1539041637, 
2592) 1539766317, 
2593) 1539782931, 
2594) 1540427691, 
2595) 1540845656, 
2596) 1541077133, 
2597) 1541237329, 
2598) 1541359675, 
2599) 1541434870, 
2600) 1545019608, 
2601) 1545528050, 
2602) 1546360931, 
2603) 1546495549, 
2604) 1546898061, 
2605) 1547100649, 
2606) 1547163399, 
2607) 1548300577, 
2608) 1548622773, 
2609) 1548734948, 
2610) 1550352104, 
2611) 1551396857, 
2612) 1551662599, 
2613) 1552508188, 
2614) 1552606384, 
2615) 1552780195, 
2616) 1553434468, 
2617) 1553996259, 
2618) 1554193723, 
2619) 1554516545, 
2620) 1555161720, 
2621) 1555309544, 
2622) 1556697571, 
2623) 1557533020, 
2624) 1558653345, 
2625) 1558848374, 
2626) 1559309121, 
2627) 1559877906, 
2628) 1560269757, 
2629) 1560581735, 
2630) 1561319973, 
2631) 1561511525, 
2632) 1561872831, 
2633) 1561886350, 
2634) 1562268471, 
2635) 1562698497, 
2636) 1562863773, 
2637) 1563109703, 
2638) 1563626154, 
2639) 1563675082, 
2640) 1563898967, 
2641) 1563957797, 
2642) 1565528432, 
2643) 1566296314, 
2644) 1566472471, 
2645) 1566604209, 
2646) 1566693639, 
2647) 1567620656, 
2648) 1568123681, 
2649) 1568427988, 
2650) 1569033495, 
2651) 1570517372, 
2652) 1570789971, 
2653) 1571678865, 
2654) 1572636140, 
2655) 1573736962, 
2656) 1575414687, 
2657) 1575745772, 
2658) 1577200489, 
2659) 1577344911, 
2660) 1577359858, 
2661) 1577427585, 
2662) 1578056633, 
2663) 1580425440, 
2664) 1580906163, 
2665) 1581125319, 
2666) 1581680306, 
2667) 1581781160, 
2668) 1582601565, 
2669) 1582844271, 
2670) 1583619712, 
2671) 1584350113, 
2672) 1585137793, 
2673) 1585183169, 
2674) 1585686162, 
2675) 1586731780, 
2676) 1586944611, 
2677) 1587685455, 
2678) 1587751504, 
2679) 1587851532, 
2680) 1587966757, 
2681) 1588177142, 
2682) 1588679881, 
2683) 1588798212, 
2684) 1589378696, 
2685) 1589745171, 
2686) 1589909745, 
2687) 1590168843, 
2688) 1591085605, 
2689) 1591469201, 
2690) 1591764430, 
2691) 1591939916, 
2692) 1592021027, 
2693) 1592228077, 
2694) 1592671137, 
2695) 1594859284, 
2696) 1595309271, 
2697) 1595647709, 
2698) 1596104140, 
2699) 1597189498, 
2700) 1597311994, 
2701) 1597469782, 
2702) 1597687952, 
2703) 1598209541, 
2704) 1598466956, 
2705) 1598832123, 
2706) 1599040828, 
2707) 1599555088, 
2708) 1599768668, 
2709) 1600295001, 
2710) 1602973449, 
2711) 1603415290, 
2712) 1603436354, 
2713) 1604300573, 
2714) 1604721237, 
2715) 1604757148, 
2716) 1604884541, 
2717) 1605125353, 
2718) 1605632926, 
2719) 1607227889, 
2720) 1608113499, 
2721) 1608430937, 
2722) 1608972916, 
2723) 1610402179, 
2724) 1610757664, 
2725) 1610894547, 
2726) 1612330143, 
2727) 1612422918, 
2728) 1612619226, 
2729) 1613158804, 
2730) 1613183939, 
2731) 1613330332, 
2732) 1613893552, 
2733) 1616161852, 
2734) 1616858647, 
2735) 1617703679, 
2736) 1617712184, 
2737) 1617900862, 
2738) 1618806514, 
2739) 1619443531, 
2740) 1619755067, 
2741) 1620590180, 
2742) 1621109584, 
2743) 1622263628, 
2744) 1622916947, 
2745) 1623719553, 
2746) 1623824393, 
2747) 1625012578, 
2748) 1625894033, 
2749) 1626955059, 
2750) 1627185977, 
2751) 1627281213, 
2752) 1627554641, 
2753) 1627831459, 
2754) 1629337441, 
2755) 1629476923, 
2756) 1630833388, 
2757) 1631060385, 
2758) 1631400285, 
2759) 1631918611, 
2760) 1632385214, 
2761) 1633291498, 
2762) 1633324374, 
2763) 1633435701, 
2764) 1633996291, 
2765) 1634288701, 
2766) 1634512886, 
2767) 1635993113, 
2768) 1636101449, 
2769) 1637323576, 
2770) 1637331075, 
2771) 1637551531, 
2772) 1637806576, 
2773) 1638410171, 
2774) 1638885941, 
2775) 1639505857, 
2776) 1639549119, 
2777) 1639810322, 
2778) 1639876755, 
2779) 1639959556, 
2780) 1641610966, 
2781) 1642690987, 
2782) 1643546077, 
2783) 1643707830, 
2784) 1643872293, 
2785) 1644367497, 
2786) 1644549434, 
2787) 1644906830, 
2788) 1645195523, 
2789) 1645394083, 
2790) 1646019152, 
2791) 1646922781, 
2792) 1647005017, 
2793) 1647121105, 
2794) 1647371610, 
2795) 1647593468, 
2796) 1647600684, 
2797) 1647761207, 
2798) 1647868256, 
2799) 1648767299, 
2800) 1648956556, 
2801) 1649238165, 
2802) 1649523499, 
2803) 1651039258, 
2804) 1652027121, 
2805) 1652265674, 
2806) 1652598759, 
2807) 1652709528, 
2808) 1653129231, 
2809) 1653296105, 
2810) 1654507418, 
2811) 1654787388, 
2812) 1655070446, 
2813) 1655275783, 
2814) 1655743705, 
2815) 1655893713, 
2816) 1656579750, 
2817) 1656769791, 
2818) 1658090904, 
2819) 1658637288, 
2820) 1659776738, 
2821) 1662206591, 
2822) 1662646727, 
2823) 1664484481, 
2824) 1664781131, 
2825) 1665026795, 
2826) 1665099945, 
2827) 1665722342, 
2828) 1666730049, 
2829) 1668337197, 
2830) 1669042571, 
2831) 1669255642, 
2832) 1670090256, 
2833) 1670795385, 
2834) 1671731044, 
2835) 1672103581, 
2836) 1672527611, 
2837) 1672997375, 
2838) 1673379584, 
2839) 1673995704, 
2840) 1674619163, 
2841) 1675110688, 
2842) 1675221845, 
2843) 1676411449, 
2844) 1677104949, 
2845) 1677241896, 
2846) 1677960621, 
2847) 1678247523, 
2848) 1678774523, 
2849) 1680585666, 
2850) 1681683949, 
2851) 1682085290, 
2852) 1682206969, 
2853) 1682356503, 
2854) 1682751845, 
2855) 1682842250, 
2856) 1682861114, 
2857) 1682998132, 
2858) 1683692648, 
2859) 1684303647, 
2860) 1684644244, 
2861) 1684914326, 
2862) 1685314375, 
2863) 1685453225, 
2864) 1685627540, 
2865) 1686035256, 
2866) 1686200517, 
2867) 1686290797, 
2868) 1687029375, 
2869) 1689649508, 
2870) 1689703980, 
2871) 1689829668, 
2872) 1689845116, 
2873) 1689949652, 
2874) 1690138071, 
2875) 1693051819, 
2876) 1693213660, 
2877) 1693269631, 
2878) 1694541344, 
2879) 1694777327, 
2880) 1695035700, 
2881) 1696505036, 
2882) 1697235496, 
2883) 1697646840, 
2884) 1698526112, 
2885) 1699427446, 
2886) 1699435987, 
2887) 1699906778, 
2888) 1699972052, 
2889) 1700409980, 
2890) 1700859734, 
2891) 1701027186, 
2892) 1701179592, 
2893) 1701236363, 
2894) 1701274812, 
2895) 1701903163, 
2896) 1702495095, 
2897) 1703004506, 
2898) 1703077161, 
2899) 1703564978, 
2900) 1703829675, 
2901) 1703874050, 
2902) 1704674862, 
2903) 1705599473, 
2904) 1705942343, 
2905) 1706021871, 
2906) 1706027294, 
2907) 1706757663, 
2908) 1707649859, 
2909) 1707944299, 
2910) 1708428572, 
2911) 1709034854, 
2912) 1709159271, 
2913) 1709185920, 
2914) 1709614736, 
2915) 1711217097, 
2916) 1711515313, 
2917) 1711706983, 
2918) 1711718385, 
2919) 1711766918, 
2920) 1711782673, 
2921) 1712434652, 
2922) 1713794078, 
2923) 1714052173, 
2924) 1714297906, 
2925) 1714715430, 
2926) 1715107026, 
2927) 1716192935, 
2928) 1716456612, 
2929) 1718603093, 
2930) 1718827454, 
2931) 1719005379, 
2932) 1719233187, 
2933) 1719730352, 
2934) 1720950546, 
2935) 1721277805, 
2936) 1721297579, 
2937) 1722404764, 
2938) 1722793257, 
2939) 1723336238, 
2940) 1723473980, 
2941) 1723626617, 
2942) 1723656359, 
2943) 1723763184, 
2944) 1724730396, 
2945) 1726024017, 
2946) 1726112645, 
2947) 1726649493, 
2948) 1727754321, 
2949) 1727819472, 
2950) 1728061016, 
2951) 1728131842, 
2952) 1728215865, 
2953) 1729564688, 
2954) 1729660912, 
2955) 1730816308, 
2956) 1730826101, 
2957) 1732671293, 
2958) 1733038666, 
2959) 1734596708, 
2960) 1734875251, 
2961) 1736166122, 
2962) 1736203220, 
2963) 1736254714, 
2964) 1736609347, 
2965) 1736776048, 
2966) 1737391422, 
2967) 1738133820, 
2968) 1738344438, 
2969) 1738436525, 
2970) 1739137632, 
2971) 1739270982, 
2972) 1739645870, 
2973) 1741205357, 
2974) 1742329876, 
2975) 1742347694, 
2976) 1742467632, 
2977) 1742846137, 
2978) 1743441580, 
2979) 1743481807, 
2980) 1743506250, 
2981) 1744987987, 
2982) 1747264271, 
2983) 1747295882, 
2984) 1748828054, 
2985) 1749035795, 
2986) 1749157743, 
2987) 1749487748, 
2988) 1750740135, 
2989) 1753384475, 
2990) 1753951421, 
2991) 1754772738, 
2992) 1755023394, 
2993) 1755423956, 
2994) 1755482591, 
2995) 1756205281, 
2996) 1756985276, 
2997) 1757180187, 
2998) 1757836215, 
2999) 1758757323, 
3000) 1759104003, 
3001) 1760155884, 
3002) 1760458064, 
3003) 1760556030, 
3004) 1761119402, 
3005) 1761940702, 
3006) 1762034196, 
3007) 1762413629, 
3008) 1764396186, 
3009) 1764759857, 
3010) 1764798867, 
3011) 1766504973, 
3012) 1767345004, 
3013) 1767616168, 
3014) 1768198617, 
3015) 1769470314, 
3016) 1770735114, 
3017) 1771209002, 
3018) 1771798362, 
3019) 1772240807, 
3020) 1772648853, 
3021) 1773014305, 
3022) 1773847720, 
3023) 1774843834, 
3024) 1775755700, 
3025) 1776756267, 
3026) 1777099193, 
3027) 1777601769, 
3028) 1778447135, 
3029) 1778510114, 
3030) 1779699779, 
3031) 1780356064, 
3032) 1780765718, 
3033) 1781155924, 
3034) 1781768499, 
3035) 1782023710, 
3036) 1782248514, 
3037) 1783185559, 
3038) 1783203294, 
3039) 1783640139, 
3040) 1783965948, 
3041) 1784309213, 
3042) 1784629415, 
3043) 1785502289, 
3044) 1785730662, 
3045) 1786259105, 
3046) 1786973254, 
3047) 1787071648, 
3048) 1787610553, 
3049) 1789212583, 
3050) 1790123067, 
3051) 1790460291, 
3052) 1790635016, 
3053) 1791063422, 
3054) 1791482499, 
3055) 1792196628, 
3056) 1793443044, 
3057) 1793625605, 
3058) 1795794500, 
3059) 1797183861, 
3060) 1797707050, 
3061) 1797874242, 
3062) 1798095002, 
3063) 1798204741, 
3064) 1798514242, 
3065) 1799059497, 
3066) 1800694172, 
3067) 1800960208, 
3068) 1802609645, 
3069) 1804145073, 
3070) 1804572362, 
3071) 1805062992, 
3072) 1805746476, 
3073) 1809003305, 
3074) 1810123283, 
3075) 1810543472, 
3076) 1810576170, 
3077) 1811531839, 
3078) 1811718761, 
3079) 1811921165, 
3080) 1812518044, 
3081) 1812846683, 
3082) 1812998886, 
3083) 1813883516, 
3084) 1815424840, 
3085) 1816221796, 
3086) 1816324747, 
3087) 1816327667, 
3088) 1816651436, 
3089) 1817908004, 
3090) 1818490368, 
3091) 1818804399, 
3092) 1819177748, 
3093) 1819891246, 
3094) 1820430225, 
3095) 1820938770, 
3096) 1821328099, 
3097) 1821547283, 
3098) 1821562452, 
3099) 1822060538, 
3100) 1822212918, 
3101) 1822921516, 
3102) 1824004806, 
3103) 1824257040, 
3104) 1826127398, 
3105) 1826756223, 
3106) 1828617849, 
3107) 1829100683, 
3108) 1829553661, 
3109) 1830385734, 
3110) 1830655944, 
3111) 1832273215, 
3112) 1835685049, 
3113) 1836840113, 
3114) 1836978487, 
3115) 1837286569, 
3116) 1837400392, 
3117) 1838409078, 
3118) 1839536947, 
3119) 1839747406, 
3120) 1839756673, 
3121) 1840329209, 
3122) 1840834626, 
3123) 1841352923, 
3124) 1842098739, 
3125) 1844281507, 
3126) 1844619284, 
3127) 1845998417, 
3128) 1846021094, 
3129) 1846198168, 
3130) 1847350948, 
3131) 1847712451, 
3132) 1848258016, 
3133) 1848405943, 
3134) 1848704863, 
3135) 1849368823, 
3136) 1849390598, 
3137) 1849876740, 
3138) 1850193632, 
3139) 1850699330, 
3140) 1852515079, 
3141) 1852978423, 
3142) 1853939066, 
3143) 1854201036, 
3144) 1854261451, 
3145) 1855696560, 
3146) 1856877828, 
3147) 1857635430, 
3148) 1859511462, 
3149) 1859740841, 
3150) 1859846655, 
3151) 1861292205, 
3152) 1863656580, 
3153) 1863835274, 
3154) 1864408157, 
3155) 1864657672, 
3156) 1866507983, 
3157) 1866526593, 
3158) 1868094180, 
3159) 1869106911, 
3160) 1869300254, 
3161) 1870023366, 
3162) 1870417768, 
3163) 1871730048, 
3164) 1871812126, 
3165) 1872355798, 
3166) 1874013625, 
3167) 1874169664, 
3168) 1876463893, 
3169) 1876860344, 
3170) 1876887245, 
3171) 1877419967, 
3172) 1878866982, 
3173) 1878962164, 
3174) 1880090680, 
3175) 1881589203, 
3176) 1881877006, 
3177) 1882264335, 
3178) 1883570394, 
3179) 1883868549, 
3180) 1884376020, 
3181) 1884650050, 
3182) 1884751846, 
3183) 1885449639, 
3184) 1886091706, 
3185) 1886748862, 
3186) 1886781568, 
3187) 1886848871, 
3188) 1888538502, 
3189) 1889486298, 
3190) 1890102934, 
3191) 1891605316, 
3192) 1891864269, 
3193) 1891912984, 
3194) 1892323647, 
3195) 1892402013, 
3196) 1894146113, 
3197) 1894162268, 
3198) 1896423704, 
3199) 1897553072, 
3200) 1897759429, 
3201) 1898016640, 
3202) 1898374345, 
3203) 1898755350, 
3204) 1898785243, 
3205) 1899277331, 
3206) 1900696282, 
3207) 1901081690, 
3208) 1901767518, 
3209) 1903059877, 
3210) 1903207487, 
3211) 1903524076, 
3212) 1903730239, 
3213) 1904615400, 
3214) 1906118576, 
3215) 1906209835, 
3216) 1906585814, 
3217) 1906690897, 
3218) 1906786139, 
3219) 1906811849, 
3220) 1906927079, 
3221) 1907643132, 
3222) 1908754676, 
3223) 1909385450, 
3224) 1912779665, 
3225) 1912912776, 
3226) 1913961887, 
3227) 1913986067, 
3228) 1914164302, 
3229) 1916411647, 
3230) 1916684808, 
3231) 1917873588, 
3232) 1917930577, 
3233) 1918350998, 
3234) 1918411173, 
3235) 1919022924, 
3236) 1919339291, 
3237) 1921297919, 
3238) 1921315691, 
3239) 1922568960, 
3240) 1922826521, 
3241) 1923818884, 
3242) 1924274289, 
3243) 1924937427, 
3244) 1925967966, 
3245) 1926008024, 
3246) 1927302484, 
3247) 1927359522, 
3248) 1927636435, 
3249) 1927708348, 
3250) 1928433650, 
3251) 1928891905, 
3252) 1929227678, 
3253) 1930430575, 
3254) 1930667176, 
3255) 1931610014, 
3256) 1932047556, 
3257) 1932639991, 
3258) 1932648924, 
3259) 1932986678, 
3260) 1935030073, 
3261) 1935257109, 
3262) 1935447827, 
3263) 1935528367, 
3264) 1935587637, 
3265) 1935630564, 
3266) 1936680425, 
3267) 1937818893, 
3268) 1938591008, 
3269) 1940292390, 
3270) 1940431062, 
3271) 1940686819, 
3272) 1941162594, 
3273) 1941808168, 
3274) 1942755389, 
3275) 1942873054, 
3276) 1944364166, 
3277) 1944679589, 
3278) 1945649943, 
3279) 1946480758, 
3280) 1946662431, 
3281) 1947074276, 
3282) 1947651220, 
3283) 1948782164, 
3284) 1950337857, 
3285) 1951282087, 
3286) 1951292658, 
3287) 1952280913, 
3288) 1954399248, 
3289) 1955689362, 
3290) 1955922313, 
3291) 1956516159, 
3292) 1956643330, 
3293) 1957215785, 
3294) 1957221770, 
3295) 1958732941, 
3296) 1959443533, 
3297) 1959807847, 
3298) 1960600608, 
3299) 1960918969, 
3300) 1961177769, 
3301) 1962529572, 
3302) 1963272443, 
3303) 1963778400, 
3304) 1964929623, 
3305) 1965508627, 
3306) 1966667741, 
3307) 1968016373, 
3308) 1969181403, 
3309) 1969236253, 
3310) 1969305937, 
3311) 1970935952, 
3312) 1972185022, 
3313) 1975372517, 
3314) 1975767350, 
3315) 1976080772, 
3316) 1976956797, 
3317) 1977102123, 
3318) 1977414045, 
3319) 1978500444, 
3320) 1979095287, 
3321) 1979669406, 
3322) 1980760437, 
3323) 1981099802, 
3324) 1981110024, 
3325) 1981285752, 
3326) 1981654601, 
3327) 1982951852, 
3328) 1983525736, 
3329) 1984172075, 
3330) 1984470588, 
3331) 1984560483, 
3332) 1984935960, 
3333) 1985799935, 
3334) 1985859456, 
3335) 1987488023, 
3336) 1988996440, 
3337) 1990576213, 
3338) 1992807134, 
3339) 1993088310, 
3340) 1993238201, 
3341) 1993763724, 
3342) 1994756458, 
3343) 1995396125, 
3344) 1995853823, 
3345) 1995965113, 
3346) 1996889548, 
3347) 1996948960, 
3348) 1997252901, 
3349) 1997497935, 
3350) 2001024649, 
3351) 2001660270, 
3352) 2002557006, 
3353) 2002676885, 
3354) 2005313829, 
3355) 2005635355, 
3356) 2006310455, 
3357) 2006769875, 
3358) 2006852588, 
3359) 2007005186, 
3360) 2007007873, 
3361) 2007626828, 
3362) 2007894569, 
3363) 2008523560, 
3364) 2008679833, 
3365) 2009397569, 
3366) 2009545128, 
3367) 2009907568, 
3368) 2010065970, 
3369) 2010254829, 
3370) 2010823582, 
3371) 2012262707, 
3372) 2012402476, 
3373) 2012421847, 
3374) 2012586196, 
3375) 2012732077, 
3376) 2012856490, 
3377) 2013039012, 
3378) 2015856766, 
3379) 2015880312, 
3380) 2016665198, 
3381) 2016728218, 
3382) 2016835387, 
3383) 2017296588, 
3384) 2017460323, 
3385) 2017785581, 
3386) 2018211736, 
3387) 2018370362, 
3388) 2019504812, 
3389) 2020183690, 
3390) 2020202306, 
3391) 2020233097, 
3392) 2020305322, 
3393) 2020559014, 
3394) 2021807816, 
3395) 2022497070, 
3396) 2023944832, 
3397) 2026188658, 
3398) 2026342860, 
3399) 2026805017, 
3400) 2027415113, 
3401) 2027603071, 
3402) 2030292989, 
3403) 2030872576, 
3404) 2031118995, 
3405) 2032168545, 
3406) 2032657463, 
3407) 2033023108, 
3408) 2035707439, 
3409) 2035714901, 
3410) 2036026360, 
3411) 2036476896, 
3412) 2037212052, 
3413) 2038354131, 
3414) 2039012431, 
3415) 2039169670, 
3416) 2039309329, 
3417) 2039524837, 
3418) 2039813813, 
3419) 2041426049, 
3420) 2042294231, 
3421) 2042887638, 
3422) 2042888582, 
3423) 2043700979, 
3424) 2043745320, 
3425) 2043945220, 
3426) 2044245831, 
3427) 2044643063, 
3428) 2045162031, 
3429) 2045891564, 
3430) 2046001116, 
3431) 2046321450, 
3432) 2047503958, 
3433) 2048157837, 
3434) 2048202834, 
3435) 2048911440, 
3436) 2048937265, 
3437) 2049778968, 
3438) 2050032411, 
3439) 2050103091, 
3440) 2050144197, 
3441) 2050536920, 
3442) 2050849016, 
3443) 2050962694, 
3444) 2051177088, 
3445) 2051309366, 
3446) 2051584365, 
3447) 2051621185, 
3448) 2052544439, 
3449) 2053280796, 
3450) 2053350941, 
3451) 2054008174, 
3452) 2054152299, 
3453) 2054383888, 
3454) 2055251013, 
3455) 2057569579, 
3456) 2057807537, 
3457) 2057858079, 
3458) 2057912795, 
3459) 2058091405, 
3460) 2059042949, 
3461) 2059827562, 
3462) 2060165649, 
3463) 2060647425, 
3464) 2062232479, 
3465) 2062666117, 
3466) 2063102364, 
3467) 2064107132, 
3468) 2064168286, 
3469) 2064249152, 
3470) 2064570822, 
3471) 2064642205, 
3472) 2065860769, 
3473) 2066259802, 
3474) 2066895926, 
3475) 2067801898, 
3476) 2068613310, 
3477) 2069103260, 
3478) 2069364609, 
3479) 2069741495, 
3480) 2072065612, 
3481) 2072090523, 
3482) 2073535682, 
3483) 2074183569, 
3484) 2074425867, 
3485) 2077258459, 
3486) 2077407677, 
3487) 2077675429, 
3488) 2077940093, 
3489) 2078066908, 
3490) 2078954848, 
3491) 2080122044, 
3492) 2080743744, 
3493) 2080941819, 
3494) 2081446517, 
3495) 2086684802, 
3496) 2087075889, 
3497) 2087438387, 
3498) 2088595858, 
3499) 2089292817, 
3500) 2089302343, 
3501) 2089525231, 
3502) 2090158336, 
3503) 2090191941, 
3504) 2092572724, 
3505) 2093492824, 
3506) 2093837207, 
3507) 2094048968, 
3508) 2094814982, 
3509) 2095621703, 
3510) 2097086551, 
3511) 2098056360, 
3512) 2098250456, 
3513) 2099033402, 
3514) 2099051096, 
3515) 2099297022, 
3516) 2099785783, 
3517) 2100272226, 
3518) 2101368568, 
3519) 2101819441, 
3520) 2103747549, 
3521) 2104073851, 
3522) 2105857356, 
3523) 2107180782, 
3524) 2107714954, 
3525) 2108575399, 
3526) 2108605730, 
3527) 2109017943, 
3528) 2109280893, 
3529) 2109683465, 
3530) 2109945622, 
3531) 2110264853, 
3532) 2111615184, 
3533) 2111974352, 
3534) 2112633412, 
3535) 2113165606, 
3536) 2113228219, 
3537) 2113690975, 
3538) 2113994038, 
3539) 2114156478, 
3540) 2115000933, 
3541) 2115317625, 
3542) 2116300447, 
3543) 2116756447, 
3544) 2117248376, 
3545) 2117694707, 
3546) 2119464086, 
3547) 2121328896, 
3548) 2121391543, 
3549) 2122657491, 
3550) 2124279238, 
3551) 2124321616, 
3552) 2124898061, 
3553) 2125107408, 
3554) 2125385139, 
3555) 2126381887, 
3556) 2128142446, 
3557) 2128475282, 
3558) 2129016115, 
3559) 2129228129, 
3560) 2129460681, 
3561) 2129669858, 
3562) 2130000956, 
3563) 2131314752, 
3564) 2131322585, 
3565) 2131674562, 
3566) 2132906177, 
3567) 2134079328, 
3568) 2134106294, 
3569) 2134238474, 
3570) 2134357865, 
3571) 2136992955, 
3572) 2137461725, 
3573) 2137761867, 
3574) 2137827604, 
3575) 2137963191, 
3576) 2138080273, 
3577) 2139452551, 
3578) 2140156818, 
3579) 2141406730, 
3580) 2141753195, 
3581) 2141811427, 
3582) 2141855701, 
3583) 2142075151, 
3584) 2143357265, 
3585) 2143692081, 
3586) 2143762332, 
3587) 2144009960, 
3588) 2145260869, 
3589) 2145368961, 
3590) 2145777689, 
3591) 2145802971, 
3592) 2147559336, 
3593) 2147725031, 
3594) 2148405096, 
3595) 2149695459, 
3596) 2149759566, 
3597) 2150453234, 
3598) 2150791648, 
3599) 2150850082, 
3600) 2150978639, 
3601) 2150993122, 
3602) 2151200567, 
3603) 2151221921, 
3604) 2151783700, 
3605) 2152481633, 
3606) 2153734869, 
3607) 2154114584, 
3608) 2154361911, 
3609) 2154397821, 
3610) 2155459450, 
3611) 2157053401, 
3612) 2157914402, 
3613) 2158157355, 
3614) 2158539430, 
3615) 2158871109, 
3616) 2159373718, 
3617) 2161640661, 
3618) 2162703059, 
3619) 2162877160, 
3620) 2162920428, 
3621) 2163733641, 
3622) 2163768226, 
3623) 2164904845, 
3624) 2165263565, 
3625) 2165889234, 
3626) 2166395123, 
3627) 2167476120, 
3628) 2167712868, 
3629) 2168686666, 
3630) 2169108027, 
3631) 2169155175, 
3632) 2170410794, 
3633) 2172403678, 
3634) 2173094376, 
3635) 2173349779, 
3636) 2173608620, 
3637) 2175477671, 
3638) 2175507283, 
3639) 2175508710, 
3640) 2175764823, 
3641) 2176617880, 
3642) 2176830805, 
3643) 2177078108, 
3644) 2177094329, 
3645) 2177888208, 
3646) 2178616184, 
3647) 2178956316, 
3648) 2178968133, 
3649) 2180482555, 
3650) 2180570136, 
3651) 2180759155, 
3652) 2180830036, 
3653) 2180896406, 
3654) 2181490745, 
3655) 2181629924, 
3656) 2181712985, 
3657) 2181823143, 
3658) 2182496428, 
3659) 2183974853, 
3660) 2184069064, 
3661) 2184314681, 
3662) 2184670777, 
3663) 2185163479, 
3664) 2185473072, 
3665) 2185749553, 
3666) 2185891996, 
3667) 2186190678, 
3668) 2186580011, 
3669) 2186731458, 
3670) 2186931972, 
3671) 2186992063, 
3672) 2187030568, 
3673) 2187927369, 
3674) 2188655519, 
3675) 2189091367, 
3676) 2189204049, 
3677) 2189225169, 
3678) 2189874740, 
3679) 2190178263, 
3680) 2192301254, 
3681) 2193483616, 
3682) 2193752830, 
3683) 2194558879, 
3684) 2195142052, 
3685) 2197710850, 
3686) 2197939117, 
3687) 2198070190, 
3688) 2200124517, 
3689) 2200150047, 
3690) 2201209105, 
3691) 2201295288, 
3692) 2203569085, 
3693) 2203745062, 
3694) 2204799231, 
3695) 2205610415, 
3696) 2207026570, 
3697) 2207093969, 
3698) 2207262513, 
3699) 2207402900, 
3700) 2207740481, 
3701) 2208604180, 
3702) 2208688555, 
3703) 2209058655, 
3704) 2209698256, 
3705) 2210083189, 
3706) 2210620234, 
3707) 2210796628, 
3708) 2211035997, 
3709) 2211653850, 
3710) 2213622167, 
3711) 2214596004, 
3712) 2215439851, 
3713) 2215926642, 
3714) 2216885270, 
3715) 2217141666, 
3716) 2218440851, 
3717) 2219008518, 
3718) 2219411552, 
3719) 2219818374, 
3720) 2221408216, 
3721) 2223754538, 
3722) 2223825589, 
3723) 2224613096, 
3724) 2225394826, 
3725) 2225775174, 
3726) 2226614966, 
3727) 2227152983, 
3728) 2227397554, 
3729) 2229383474, 
3730) 2230005757, 
3731) 2230410359, 
3732) 2230985148, 
3733) 2231067283, 
3734) 2232006227, 
3735) 2232865886, 
3736) 2232913866, 
3737) 2233047281, 
3738) 2234290571, 
3739) 2234337148, 
3740) 2235088646, 
3741) 2235443351, 
3742) 2236160391, 
3743) 2237235257, 
3744) 2240468024, 
3745) 2240552927, 
3746) 2240565594, 
3747) 2240728449, 
3748) 2240950749, 
3749) 2241725747, 
3750) 2242955067, 
3751) 2243635325, 
3752) 2243734147, 
3753) 2245046564, 
3754) 2245376801, 
3755) 2246164728, 
3756) 2247298867, 
3757) 2247344970, 
3758) 2248132946, 
3759) 2248371524, 
3760) 2248770521, 
3761) 2249666581, 
3762) 2249781281, 
3763) 2249927505, 
3764) 2250213455, 
3765) 2250387311, 
3766) 2250720779, 
3767) 2250933547, 
3768) 2251411276, 
3769) 2251674597, 
3770) 2251984017, 
3771) 2252692081, 
3772) 2252702859, 
3773) 2253168008, 
3774) 2253867543, 
3775) 2254209109, 
3776) 2254697673, 
3777) 2255242875, 
3778) 2257353096, 
3779) 2258995639, 
3780) 2259393967, 
3781) 2259940251, 
3782) 2260091565, 
3783) 2260594008, 
3784) 2260598568, 
3785) 2261297437, 
3786) 2261843368, 
3787) 2261918257, 
3788) 2262312971, 
3789) 2262571449, 
3790) 2262593045, 
3791) 2263799387, 
3792) 2265159578, 
3793) 2265450878, 
3794) 2265986525, 
3795) 2266088600, 
3796) 2267243194, 
3797) 2268370369, 
3798) 2268434072, 
3799) 2268471017, 
3800) 2269806145, 
3801) 2269987312, 
3802) 2271352782, 
3803) 2271540267, 
3804) 2271882230, 
3805) 2272408936, 
3806) 2274007081, 
3807) 2274366456, 
3808) 2275268270, 
3809) 2275656732, 
3810) 2276036713, 
3811) 2277478791, 
3812) 2277823411, 
3813) 2278998621, 
3814) 2279445200, 
3815) 2279554696, 
3816) 2279932219, 
3817) 2279979897, 
3818) 2280027845, 
3819) 2280132246, 
3820) 2280243073, 
3821) 2280509942, 
3822) 2280577663, 
3823) 2280647697, 
3824) 2280762658, 
3825) 2281028662, 
3826) 2281692601, 
3827) 2282856751, 
3828) 2283519712, 
3829) 2283837510, 
3830) 2284259968, 
3831) 2284294506, 
3832) 2284321145, 
3833) 2284593948, 
3834) 2284916443, 
3835) 2285790731, 
3836) 2285916703, 
3837) 2287639965, 
3838) 2288401868, 
3839) 2289324578, 
3840) 2289334673, 
3841) 2290498139, 
3842) 2291621214, 
3843) 2291748372, 
3844) 2292815558, 
3845) 2292895558, 
3846) 2293787455, 
3847) 2294569395, 
3848) 2295182450, 
3849) 2295247877, 
3850) 2295563334, 
3851) 2295596714, 
3852) 2296284607, 
3853) 2296446266, 
3854) 2298973261, 
3855) 2299959557, 
3856) 2302037362, 
3857) 2302810988, 
3858) 2303091435, 
3859) 2304111037, 
3860) 2307412985, 
3861) 2307451465, 
3862) 2308006251, 
3863) 2308090653, 
3864) 2309514209, 
3865) 2309784849, 
3866) 2309893366, 
3867) 2309970804, 
3868) 2309973347, 
3869) 2310167135, 
3870) 2310759303, 
3871) 2311057350, 
3872) 2311776757, 
3873) 2311845918, 
3874) 2312803129, 
3875) 2314048890, 
3876) 2314210368, 
3877) 2314264796, 
3878) 2315237689, 
3879) 2315330142, 
3880) 2316705214, 
3881) 2317283837, 
3882) 2318413412, 
3883) 2318947202, 
3884) 2319518876, 
3885) 2319656897, 
3886) 2320025245, 
3887) 2320210939, 
3888) 2320297074, 
3889) 2320333432, 
3890) 2321452836, 
3891) 2321652694, 
3892) 2321675584, 
3893) 2322632645, 
3894) 2323092723, 
3895) 2323139721, 
3896) 2323992655, 
3897) 2324601657, 
3898) 2324788539, 
3899) 2324853762, 
3900) 2325751485, 
3901) 2326057772, 
3902) 2326138307, 
3903) 2326336896, 
3904) 2327016293, 
3905) 2327653790, 
3906) 2328651870, 
3907) 2329065120, 
3908) 2329299309, 
3909) 2329421688, 
3910) 2329899801, 
3911) 2330005555, 
3912) 2330303701, 
3913) 2330494867, 
3914) 2332491625, 
3915) 2333959649, 
3916) 2334319495, 
3917) 2335570567, 
3918) 2335838792, 
3919) 2336416789, 
3920) 2336565744, 
3921) 2336621513, 
3922) 2336686002, 
3923) 2336853307, 
3924) 2338607330, 
3925) 2342601020, 
3926) 2342623218, 
3927) 2343984485, 
3928) 2346983511, 
3929) 2347500615, 
3930) 2347899014, 
3931) 2348404502, 
3932) 2348808093, 
3933) 2349101454, 
3934) 2349169713, 
3935) 2351001112, 
3936) 2352831569, 
3937) 2353284301, 
3938) 2353481969, 
3939) 2353660710, 
3940) 2353745290, 
3941) 2354330512, 
3942) 2355227438, 
3943) 2355436434, 
3944) 2356151831, 
3945) 2356525051, 
3946) 2357834508, 
3947) 2358002223, 
3948) 2358701993, 
3949) 2359301693, 
3950) 2359505172, 
3951) 2359786978, 
3952) 2359916804, 
3953) 2360396969, 
3954) 2360499133, 
3955) 2361024362, 
3956) 2361188220, 
3957) 2361860215, 
3958) 2362534578, 
3959) 2362720360, 
3960) 2362811325, 
3961) 2363427201, 
3962) 2363932558, 
3963) 2364067362, 
3964) 2364621561, 
3965) 2364951322, 
3966) 2364992255, 
3967) 2365349155, 
3968) 2365577805, 
3969) 2365643653, 
3970) 2366426495, 
3971) 2366700126, 
3972) 2366754457, 
3973) 2366899923, 
3974) 2367648891, 
3975) 2367910850, 
3976) 2368217764, 
3977) 2368580673, 
3978) 2368788787, 
3979) 2369248688, 
3980) 2369969217, 
3981) 2370938289, 
3982) 2371668635, 
3983) 2371768962, 
3984) 2371782158, 
3985) 2372999752, 
3986) 2375570073, 
3987) 2376622831, 
3988) 2376745639, 
3989) 2376960863, 
3990) 2377478449, 
3991) 2379054937, 
3992) 2379075027, 
3993) 2379637941, 
3994) 2379898903, 
3995) 2380134716, 
3996) 2380602994, 
3997) 2382545065, 
3998) 2382905359, 
3999) 2385436602, 
4000) 2386118857, 
4001) 2388436731, 
4002) 2388645193, 
4003) 2389661280, 
4004) 2391366437, 
4005) 2392418344, 
4006) 2394037352, 
4007) 2394154490, 
4008) 2397453741, 
4009) 2398074478, 
4010) 2398280124, 
4011) 2399668276, 
4012) 2400191808, 
4013) 2401923674, 
4014) 2403404914, 
4015) 2403985621, 
4016) 2404252414, 
4017) 2405183532, 
4018) 2405298860, 
4019) 2405461716, 
4020) 2405876014, 
4021) 2407113666, 
4022) 2407121868, 
4023) 2407719514, 
4024) 2408627738, 
4025) 2410086804, 
4026) 2410530750, 
4027) 2411359415, 
4028) 2411825209, 
4029) 2412364075, 
4030) 2412437050, 
4031) 2413261235, 
4032) 2413277142, 
4033) 2413886667, 
4034) 2415132942, 
4035) 2416270451, 
4036) 2416831593, 
4037) 2417268605, 
4038) 2417384842, 
4039) 2418053569, 
4040) 2418246912, 
4041) 2418886587, 
4042) 2419095409, 
4043) 2420605575, 
4044) 2420873441, 
4045) 2421247773, 
4046) 2422090609, 
4047) 2422895078, 
4048) 2424684199, 
4049) 2425168702, 
4050) 2425279369, 
4051) 2425330222, 
4052) 2425858858, 
4053) 2426455427, 
4054) 2426988499, 
4055) 2427729795, 
4056) 2428142165, 
4057) 2429314408, 
4058) 2430106041, 
4059) 2430998373, 
4060) 2431674057, 
4061) 2431698382, 
4062) 2432790130, 
4063) 2432940403, 
4064) 2433425775, 
4065) 2435992602, 
4066) 2437063275, 
4067) 2438225164, 
4068) 2438701344, 
4069) 2439150614, 
4070) 2439573371, 
4071) 2440793458, 
4072) 2441548320, 
4073) 2441710223, 
4074) 2441753569, 
4075) 2442249965, 
4076) 2442810723, 
4077) 2443459431, 
4078) 2443574921, 
4079) 2444004649, 
4080) 2444510993, 
4081) 2444566007, 
4082) 2445283477, 
4083) 2446742261, 
4084) 2446881655, 
4085) 2447626994, 
4086) 2449184135, 
4087) 2449758600, 
4088) 2449807616, 
4089) 2450883299, 
4090) 2451388131, 
4091) 2452163653, 
4092) 2452460250, 
4093) 2452588391, 
4094) 2453164256, 
4095) 2453233247, 
4096) 2453555092, 
4097) 2454054985, 
4098) 2454385662, 
4099) 2454498359, 
4100) 2454622778, 
4101) 2455499882, 
4102) 2456589970, 
4103) 2456928366, 
4104) 2457135998, 
4105) 2458285758, 
4106) 2458626158, 
4107) 2458805331, 
4108) 2460571723, 
4109) 2460944747, 
4110) 2461948438, 
4111) 2463239927, 
4112) 2463911225, 
4113) 2464762557, 
4114) 2465254677, 
4115) 2465872509, 
4116) 2466190491, 
4117) 2466514938, 
4118) 2466528955, 
4119) 2467026582, 
4120) 2467452061, 
4121) 2468854887, 
4122) 2469359228, 
4123) 2469607544, 
4124) 2469945693, 
4125) 2470915960, 
4126) 2471257775, 
4127) 2471610833, 
4128) 2472295317, 
4129) 2472483702, 
4130) 2473113509, 
4131) 2473596653, 
4132) 2473641126, 
4133) 2473949024, 
4134) 2474172081, 
4135) 2474497115, 
4136) 2474750898, 
4137) 2474943686, 
4138) 2475002420, 
4139) 2475264340, 
4140) 2475832887, 
4141) 2477151416, 
4142) 2477560554, 
4143) 2478280633, 
4144) 2479380859, 
4145) 2479966116, 
4146) 2480235683, 
4147) 2480288092, 
4148) 2481016754, 
4149) 2481434718, 
4150) 2483211126, 
4151) 2483597768, 
4152) 2484477770, 
4153) 2484586146, 
4154) 2484809017, 
4155) 2486158851, 
4156) 2486590587, 
4157) 2487022529, 
4158) 2487155494, 
4159) 2487847889, 
4160) 2488602641, 
4161) 2489230831, 
4162) 2489910026, 
4163) 2490057832, 
4164) 2490450922, 
4165) 2490798760, 
4166) 2490940389, 
4167) 2491202433, 
4168) 2491498456, 
4169) 2491548158, 
4170) 2492307958, 
4171) 2493063145, 
4172) 2493153510, 
4173) 2493294888, 
4174) 2494456606, 
4175) 2495027363, 
4176) 2495809689, 
4177) 2497491109, 
4178) 2497966449, 
4179) 2498226499, 
4180) 2499060597, 
4181) 2499227164, 
4182) 2499989720, 
4183) 2502877319, 
4184) 2502997175, 
4185) 2503073444, 
4186) 2503231309, 
4187) 2504142846, 
4188) 2505918664, 
4189) 2506043698, 
4190) 2506838091, 
4191) 2506886867, 
4192) 2507323274, 
4193) 2507484791, 
4194) 2507488186, 
4195) 2507541482, 
4196) 2507775157, 
4197) 2507860105, 
4198) 2508790223, 
4199) 2509149050, 
4200) 2509274732, 
4201) 2509758374, 
4202) 2510302716, 
4203) 2511714480, 
4204) 2513771824, 
4205) 2514243730, 
4206) 2515216644, 
4207) 2515841990, 
4208) 2515960132, 
4209) 2518491126, 
4210) 2519570836, 
4211) 2520415286, 
4212) 2521129132, 
4213) 2521172912, 
4214) 2522861200, 
4215) 2523643450, 
4216) 2523654087, 
4217) 2524701210, 
4218) 2525340000, 
4219) 2526019189, 
4220) 2526419872, 
4221) 2526694007, 
4222) 2526792163, 
4223) 2527924863, 
4224) 2529106395, 
4225) 2529663413, 
4226) 2530188887, 
4227) 2531418338, 
4228) 2532043478, 
4229) 2532625532, 
4230) 2533152894, 
4231) 2534460984, 
4232) 2536883360, 
4233) 2538183086, 
4234) 2538787169, 
4235) 2540296620, 
4236) 2543860771, 
4237) 2544626299, 
4238) 2544966009, 
4239) 2545068022, 
4240) 2545166984, 
4241) 2545410489, 
4242) 2545917605, 
4243) 2546023003, 
4244) 2546537383, 
4245) 2547484116, 
4246) 2547603868, 
4247) 2548645817, 
4248) 2549201477, 
4249) 2550015142, 
4250) 2550056885, 
4251) 2550061271, 
4252) 2550325714, 
4253) 2551218163, 
4254) 2551513579, 
4255) 2552069444, 
4256) 2552477832, 
4257) 2552742898, 
4258) 2553496093, 
4259) 2553762822, 
4260) 2554231816, 
4261) 2555108435, 
4262) 2555767767, 
4263) 2556654639, 
4264) 2556934169, 
4265) 2557365714, 
4266) 2557915056, 
4267) 2558639493, 
4268) 2558985775, 
4269) 2559084830, 
4270) 2559434632, 
4271) 2559641477, 
4272) 2560313718, 
4273) 2561971724, 
4274) 2563197066, 
4275) 2563305705, 
4276) 2564543006, 
4277) 2564640869, 
4278) 2564684260, 
4279) 2564922431, 
4280) 2565600822, 
4281) 2568459789, 
4282) 2569105292, 
4283) 2571832132, 
4284) 2574516486, 
4285) 2575208663, 
4286) 2575807710, 
4287) 2577010299, 
4288) 2577065409, 
4289) 2577537278, 
4290) 2578559877, 
4291) 2579181650, 
4292) 2580627907, 
4293) 2581543729, 
4294) 2581839491, 
4295) 2583462804, 
4296) 2583706322, 
4297) 2584163048, 
4298) 2586046661, 
4299) 2586198963, 
4300) 2586958321, 
4301) 2587143082, 
4302) 2587778658, 
4303) 2588150650, 
4304) 2588355680, 
4305) 2588546522, 
4306) 2588860607, 
4307) 2589396610, 
4308) 2590365424, 
4309) 2590815914, 
4310) 2590920228, 
4311) 2591093404, 
4312) 2591577439, 
4313) 2591854790, 
4314) 2591979669, 
4315) 2591986446, 
4316) 2592280831, 
4317) 2592665442, 
4318) 2593995916, 
4319) 2594436151, 
4320) 2594515947, 
4321) 2595026823, 
4322) 2595448653, 
4323) 2596738217, 
4324) 2598858125, 
4325) 2599420545, 
4326) 2600368622, 
4327) 2601140786, 
4328) 2601181319, 
4329) 2601228671, 
4330) 2601926673, 
4331) 2602640302, 
4332) 2603189923, 
4333) 2604347110, 
4334) 2604431252, 
4335) 2605713732, 
4336) 2606923499, 
4337) 2609628484, 
4338) 2609899593, 
4339) 2609970072, 
4340) 2610389512, 
4341) 2611182207, 
4342) 2613657099, 
4343) 2614635627, 
4344) 2614732305, 
4345) 2614914026, 
4346) 2616499102, 
4347) 2616626839, 
4348) 2618317914, 
4349) 2619208665, 
4350) 2619772700, 
4351) 2619813240, 
4352) 2621432862, 
4353) 2621675232, 
4354) 2622119347, 
4355) 2622315554, 
4356) 2622434740, 
4357) 2623085876, 
4358) 2624728517, 
4359) 2626369375, 
4360) 2626610003, 
4361) 2628251968, 
4362) 2628448631, 
4363) 2628955203, 
4364) 2629285025, 
4365) 2629848938, 
4366) 2630478086, 
4367) 2630553425, 
4368) 2631018789, 
4369) 2631137770, 
4370) 2631223635, 
4371) 2632575885, 
4372) 2632987611, 
4373) 2634110952, 
4374) 2635657080, 
4375) 2635717899, 
4376) 2635742486, 
4377) 2635912012, 
4378) 2636217541, 
4379) 2636357333, 
4380) 2636810380, 
4381) 2637447619, 
4382) 2638332048, 
4383) 2638447154, 
4384) 2638714663, 
4385) 2640268714, 
4386) 2640429319, 
4387) 2640721948, 
4388) 2641490554, 
4389) 2642368336, 
4390) 2642894045, 
4391) 2644260334, 
4392) 2644587277, 
4393) 2644683880, 
4394) 2644790355, 
4395) 2644831358, 
4396) 2645950765, 
4397) 2646024079, 
4398) 2646721252, 
4399) 2647097692, 
4400) 2647122624, 
4401) 2648197292, 
4402) 2648272153, 
4403) 2648892180, 
4404) 2649047462, 
4405) 2649111754, 
4406) 2649521490, 
4407) 2649531694, 
4408) 2649629871, 
4409) 2649690094, 
4410) 2650490799, 
4411) 2650552688, 
4412) 2650868080, 
4413) 2651076551, 
4414) 2651905558, 
4415) 2652290401, 
4416) 2652497289, 
4417) 2653431669, 
4418) 2654303030, 
4419) 2654634204, 
4420) 2655017361, 
4421) 2656624556, 
4422) 2657226952, 
4423) 2657863224, 
4424) 2657863445, 
4425) 2658156579, 
4426) 2658285547, 
4427) 2659470335, 
4428) 2660358321, 
4429) 2661880356, 
4430) 2661942827, 
4431) 2662047164, 
4432) 2662953110, 
4433) 2663025478, 
4434) 2664033905, 
4435) 2668835777, 
4436) 2668850491, 
4437) 2669192543, 
4438) 2669350885, 
4439) 2669644609, 
4440) 2669859075, 
4441) 2671077211, 
4442) 2672257546, 
4443) 2672441964, 
4444) 2673476833, 
4445) 2673496116, 
4446) 2673670794, 
4447) 2675065241, 
4448) 2675076130, 
4449) 2676129324, 
4450) 2677937608, 
4451) 2678211610, 
4452) 2678751216, 
4453) 2680164866, 
4454) 2681389125, 
4455) 2681660584, 
4456) 2681793516, 
4457) 2682422311, 
4458) 2682700500, 
4459) 2683663210, 
4460) 2683904577, 
4461) 2684511357, 
4462) 2684679776, 
4463) 2685191369, 
4464) 2685260231, 
4465) 2687201989, 
4466) 2688328130, 
4467) 2688716656, 
4468) 2689110038, 
4469) 2689507053, 
4470) 2691018889, 
4471) 2691285621, 
4472) 2691331014, 
4473) 2692569299, 
4474) 2692717105, 
4475) 2692821979, 
4476) 2693048582, 
4477) 2693661416, 
4478) 2695446566, 
4479) 2695849415, 
4480) 2695964431, 
4481) 2697990644, 
4482) 2700004420, 
4483) 2700194975, 
4484) 2700345411, 
4485) 2700880240, 
4486) 2701184045, 
4487) 2701299588, 
4488) 2701344839, 
4489) 2701408608, 
4490) 2701471030, 
4491) 2702363692, 
4492) 2704191417, 
4493) 2704333604, 
4494) 2704342255, 
4495) 2704495792, 
4496) 2704738881, 
4497) 2705021904, 
4498) 2705552696, 
4499) 2705828189, 
4500) 2706408426, 
4501) 2706817428, 
4502) 2707360763, 
4503) 2707393723, 
4504) 2708533992, 
4505) 2708739786, 
4506) 2708773678, 
4507) 2709193283, 
4508) 2709940542, 
4509) 2710055845, 
4510) 2710312453, 
4511) 2712462826, 
4512) 2712490209, 
4513) 2712522753, 
4514) 2713033897, 
4515) 2713107333, 
4516) 2714670189, 
4517) 2715020539, 
4518) 2715858703, 
4519) 2717348624, 
4520) 2719729364, 
4521) 2719857074, 
4522) 2719891176, 
4523) 2720109405, 
4524) 2720842285, 
4525) 2720958807, 
4526) 2721176295, 
4527) 2721528662, 
4528) 2721701858, 
4529) 2722456771, 
4530) 2723022276, 
4531) 2723302458, 
4532) 2723496758, 
4533) 2724450321, 
4534) 2724626585, 
4535) 2724960921, 
4536) 2725499049, 
4537) 2726616479, 
4538) 2727337682, 
4539) 2728502259, 
4540) 2730140163, 
4541) 2730592867, 
4542) 2732457579, 
4543) 2733579116, 
4544) 2735207289, 
4545) 2735721614, 
4546) 2737651125, 
4547) 2737811557, 
4548) 2738982405, 
4549) 2739345147, 
4550) 2739981639, 
4551) 2740892153, 
4552) 2740963062, 
4553) 2741528321, 
4554) 2741692305, 
4555) 2742635824, 
4556) 2742793090, 
4557) 2742906906, 
4558) 2743060948, 
4559) 2743431286, 
4560) 2743452144, 
4561) 2743618554, 
4562) 2743748187, 
4563) 2743817085, 
4564) 2744039633, 
4565) 2744049567, 
4566) 2745625974, 
4567) 2748124770, 
4568) 2748480153, 
4569) 2749694506, 
4570) 2751863899, 
4571) 2751995769, 
4572) 2752476991, 
4573) 2752627627, 
4574) 2753658289, 
4575) 2753738740, 
4576) 2753893881, 
4577) 2753978177, 
4578) 2754284596, 
4579) 2754672530, 
4580) 2755704285, 
4581) 2756140740, 
4582) 2756261056, 
4583) 2756721520, 
4584) 2757486632, 
4585) 2757797839, 
4586) 2757904782, 
4587) 2758246423, 
4588) 2758271150, 
4589) 2758976458, 
4590) 2759236666, 
4591) 2759277026, 
4592) 2759284741, 
4593) 2762137626, 
4594) 2763852814, 
4595) 2764186346, 
4596) 2764851937, 
4597) 2765401131, 
4598) 2765842399, 
4599) 2766338497, 
4600) 2767272888, 
4601) 2767746047, 
4602) 2768841924, 
4603) 2769150876, 
4604) 2769401466, 
4605) 2769527047, 
4606) 2769990795, 
4607) 2770024771, 
4608) 2770245884, 
4609) 2771351491, 
4610) 2771376520, 
4611) 2771527560, 
4612) 2771563138, 
4613) 2771582120, 
4614) 2771809346, 
4615) 2772123124, 
4616) 2773432556, 
4617) 2774194336, 
4618) 2774968787, 
4619) 2775003776, 
4620) 2775222337, 
4621) 2775699866, 
4622) 2776393837, 
4623) 2776731292, 
4624) 2776842715, 
4625) 2777391401, 
4626) 2778007227, 
4627) 2778052604, 
4628) 2778471241, 
4629) 2779017635, 
4630) 2779383510, 
4631) 2779705515, 
4632) 2780190690, 
4633) 2780558689, 
4634) 2780603094, 
4635) 2781016766, 
4636) 2781423166, 
4637) 2782614856, 
4638) 2782662184, 
4639) 2782977919, 
4640) 2783339116, 
4641) 2784132845, 
4642) 2785120065, 
4643) 2785740840, 
4644) 2785887432, 
4645) 2787973528, 
4646) 2788643098, 
4647) 2790259772, 
4648) 2793099943, 
4649) 2793276138, 
4650) 2793914137, 
4651) 2794319454, 
4652) 2794945862, 
4653) 2795218430, 
4654) 2796097160, 
4655) 2796229701, 
4656) 2796259447, 
4657) 2796500257, 
4658) 2796646989, 
4659) 2798407565, 
4660) 2798666969, 
4661) 2799264960, 
4662) 2799597797, 
4663) 2799969171, 
4664) 2801219415, 
4665) 2801314915, 
4666) 2801661691, 
4667) 2802247255, 
4668) 2802420282, 
4669) 2802778710, 
4670) 2803046882, 
4671) 2804485705, 
4672) 2804876440, 
4673) 2805149397, 
4674) 2805742318, 
4675) 2805844328, 
4676) 2806155105, 
4677) 2806287099, 
4678) 2806982010, 
4679) 2807144671, 
4680) 2807230059, 
4681) 2807239214, 
4682) 2807706770, 
4683) 2807851602, 
4684) 2810034219, 
4685) 2810363476, 
4686) 2811268053, 
4687) 2811679994, 
4688) 2811817113, 
4689) 2811895326, 
4690) 2812106320, 
4691) 2812166896, 
4692) 2812254241, 
4693) 2812281276, 
4694) 2812691558, 
4695) 2813313413, 
4696) 2813874785, 
4697) 2814406852, 
4698) 2815584289, 
4699) 2816374401, 
4700) 2816623650, 
4701) 2817143179, 
4702) 2817408395, 
4703) 2819598823, 
4704) 2820051750, 
4705) 2820797979, 
4706) 2821713363, 
4707) 2821748419, 
4708) 2822267592, 
4709) 2822349012, 
4710) 2822747680, 
4711) 2823043903, 
4712) 2823079345, 
4713) 2823213915, 
4714) 2823235283, 
4715) 2823379827, 
4716) 2823889801, 
4717) 2824298755, 
4718) 2824326617, 
4719) 2824614390, 
4720) 2825278151, 
4721) 2825285595, 
4722) 2826511731, 
4723) 2826913556, 
4724) 2827124685, 
4725) 2827396889, 
4726) 2827459575, 
4727) 2827800411, 
4728) 2829810740, 
4729) 2829826984, 
4730) 2830110581, 
4731) 2831914558, 
4732) 2834061225, 
4733) 2835470761, 
4734) 2836451664, 
4735) 2838585670, 
4736) 2838697551, 
4737) 2838753259, 
4738) 2838816513, 
4739) 2839803988, 
4740) 2839912940, 
4741) 2840195193, 
4742) 2840467680, 
4743) 2841829098, 
4744) 2841909750, 
4745) 2843004739, 
4746) 2846700063, 
4747) 2847371339, 
4748) 2847586005, 
4749) 2847697081, 
4750) 2847702121, 
4751) 2848833552, 
4752) 2849282274, 
4753) 2849788523, 
4754) 2850878889, 
4755) 2851861215, 
4756) 2851869411, 
4757) 2852850853, 
4758) 2852885731, 
4759) 2853391804, 
4760) 2854527577, 
4761) 2855135645, 
4762) 2855995639, 
4763) 2856535164, 
4764) 2857174278, 
4765) 2858175580, 
4766) 2858230393, 
4767) 2858387949, 
4768) 2858433296, 
4769) 2861075419, 
4770) 2861329581, 
4771) 2862327500, 
4772) 2864738503, 
4773) 2865122200, 
4774) 2865210476, 
4775) 2865953826, 
4776) 2866537221, 
4777) 2866576005, 
4778) 2867468533, 
4779) 2867638526, 
4780) 2867868178, 
4781) 2867917327, 
4782) 2868384378, 
4783) 2869345652, 
4784) 2870073464, 
4785) 2870638340, 
4786) 2870682495, 
4787) 2870699528, 
4788) 2870834287, 
4789) 2871023029, 
4790) 2871848785, 
4791) 2871956978, 
4792) 2872096217, 
4793) 2872122189, 
4794) 2872848887, 
4795) 2873378806, 
4796) 2873990225, 
4797) 2874073249, 
4798) 2876435323, 
4799) 2876777229, 
4800) 2877410349, 
4801) 2877606069, 
4802) 2878188383, 
4803) 2878687127, 
4804) 2879035911, 
4805) 2880144293, 
4806) 2880857595, 
4807) 2880939872, 
4808) 2881865426, 
4809) 2882033923, 
4810) 2882213519, 
4811) 2883501696, 
4812) 2884867518, 
4813) 2884934355, 
4814) 2884999007, 
4815) 2885888008, 
4816) 2885904615, 
4817) 2886418331, 
4818) 2886892769, 
4819) 2887087324, 
4820) 2887305432, 
4821) 2888270490, 
4822) 2888766131, 
4823) 2888950286, 
4824) 2890415602, 
4825) 2891148437, 
4826) 2891780273, 
4827) 2891868984, 
4828) 2892582854, 
4829) 2892731800, 
4830) 2893159937, 
4831) 2893969485, 
4832) 2894192187, 
4833) 2894340289, 
4834) 2894740557, 
4835) 2894905347, 
4836) 2895177265, 
4837) 2896617766, 
4838) 2896888873, 
4839) 2897583582, 
4840) 2898280860, 
4841) 2898385168, 
4842) 2898579506, 
4843) 2898948867, 
4844) 2899007254, 
4845) 2900417954, 
4846) 2901765083, 
4847) 2902539830, 
4848) 2902890216, 
4849) 2903654058, 
4850) 2904268713, 
4851) 2904766202, 
4852) 2905859810, 
4853) 2906853004, 
4854) 2907841059, 
4855) 2907971578, 
4856) 2908410163, 
4857) 2908451980, 
4858) 2909197083, 
4859) 2910696949, 
4860) 2912579594, 
4861) 2912650145, 
4862) 2913656263, 
4863) 2914211554, 
4864) 2915701326, 
4865) 2916623337, 
4866) 2917828547, 
4867) 2918929017, 
4868) 2919084750, 
4869) 2919317660, 
4870) 2919328638, 
4871) 2920624874, 
4872) 2921140587, 
4873) 2921321195, 
4874) 2921432079, 
4875) 2921692251, 
4876) 2923564156, 
4877) 2923807754, 
4878) 2924237992, 
4879) 2924313720, 
4880) 2925313705, 
4881) 2925784093, 
4882) 2926042889, 
4883) 2927263505, 
4884) 2927791028, 
4885) 2928248741, 
4886) 2929285368, 
4887) 2929338153, 
4888) 2929353887, 
4889) 2929716037, 
4890) 2931358276, 
4891) 2932009511, 
4892) 2932966604, 
4893) 2933014135, 
4894) 2933411799, 
4895) 2933885089, 
4896) 2933934113, 
4897) 2934045348, 
4898) 2934442246, 
4899) 2934705919, 
4900) 2936227766, 
4901) 2936427688, 
4902) 2936695704, 
4903) 2936818158, 
4904) 2936994616, 
4905) 2937342149, 
4906) 2937709693, 
4907) 2938151853, 
4908) 2938228421, 
4909) 2939305130, 
4910) 2939557529, 
4911) 2939992504, 
4912) 2940091484, 
4913) 2940207382, 
4914) 2940347512, 
4915) 2940617543, 
4916) 2942307836, 
4917) 2942918801, 
4918) 2943006553, 
4919) 2943185197, 
4920) 2946223675, 
4921) 2946510424, 
4922) 2947091320, 
4923) 2947617332, 
4924) 2947630820, 
4925) 2947687067, 
4926) 2948129088, 
4927) 2949082754, 
4928) 2950387158, 
4929) 2951050439, 
4930) 2951214690, 
4931) 2951445086, 
4932) 2951694774, 
4933) 2952459080, 
4934) 2953052504, 
4935) 2954332185, 
4936) 2955610332, 
4937) 2957098551, 
4938) 2958620559, 
4939) 2959961504, 
4940) 2961869341, 
4941) 2961880582, 
4942) 2963626396, 
4943) 2963884105, 
4944) 2964214565, 
4945) 2965273164, 
4946) 2965446545, 
4947) 2966358202, 
4948) 2966640365, 
4949) 2966898345, 
4950) 2967055075, 
4951) 2968610805, 
4952) 2969033267, 
4953) 2969476025, 
4954) 2971287954, 
4955) 2971308248, 
4956) 2973014040, 
4957) 2973599290, 
4958) 2974798632, 
4959) 2975008905, 
4960) 2975525444, 
4961) 2975918412, 
4962) 2975940300, 
4963) 2976262929, 
4964) 2976592442, 
4965) 2977241111, 
4966) 2978438283, 
4967) 2978587808, 
4968) 2979821753, 
4969) 2979912110, 
4970) 2980607189, 
4971) 2982153514, 
4972) 2982637154, 
4973) 2982699657, 
4974) 2983838371, 
4975) 2984355933, 
4976) 2986123535, 
4977) 2986236536, 
4978) 2986709706, 
4979) 2986741747, 
4980) 2986926969, 
4981) 2987917070, 
4982) 2988416962, 
4983) 2989650222, 
4984) 2990029904, 
4985) 2990308042, 
4986) 2990854341, 
4987) 2991316327, 
4988) 2992030811, 
4989) 2992145838, 
4990) 2992603388, 
4991) 2992887007, 
4992) 2996174800, 
4993) 2996657548, 
4994) 2996747173, 
4995) 2996856748, 
4996) 2996864169, 
4997) 2998110586, 
4998) 2998239006, 
4999) 2999378759, 
