Number of elements is 1000
Type of array is reversed
Sorting algorithm - select
Running time of sorting algorithm is 1554ms
0) 280363, 
1) 405743, 
2) 4029713, 
3) 4485949, 
4) 18026373, 
5) 18751226, 
6) 18783327, 
7) 18906236, 
8) 21254563, 
9) 22319130, 
10) 23968990, 
11) 25237234, 
12) 29533211, 
13) 30141912, 
14) 37843780, 
15) 41352455, 
16) 45234010, 
17) 46093681, 
18) 48828012, 
19) 50212511, 
20) 51272745, 
21) 54127090, 
22) 55519904, 
23) 62460491, 
24) 64712246, 
25) 67449410, 
26) 67968489, 
27) 70832034, 
28) 76335076, 
29) 77653445, 
30) 78368628, 
31) 78396612, 
32) 79512285, 
33) 81557897, 
34) 85005304, 
35) 85806103, 
36) 86612075, 
37) 87876365, 
38) 88234334, 
39) 92903137, 
40) 98145858, 
41) 98245415, 
42) 101049305, 
43) 104601746, 
44) 107861088, 
45) 109763564, 
46) 112937036, 
47) 115725567, 
48) 122702706, 
49) 124196845, 
50) 125167232, 
51) 125951124, 
52) 129086471, 
53) 129283570, 
54) 132685453, 
55) 136460051, 
56) 142247749, 
57) 144643780, 
58) 150506697, 
59) 151626523, 
60) 151791639, 
61) 152188828, 
62) 156531468, 
63) 158422714, 
64) 166532232, 
65) 167691877, 
66) 167703177, 
67) 168390794, 
68) 169869262, 
69) 188650338, 
70) 188975458, 
71) 202749611, 
72) 209210302, 
73) 209824284, 
74) 215780688, 
75) 216686172, 
76) 217257395, 
77) 217263559, 
78) 220691392, 
79) 221315386, 
80) 224271974, 
81) 225308533, 
82) 226572879, 
83) 228839906, 
84) 233918854, 
85) 235251334, 
86) 241670170, 
87) 245112973, 
88) 257601847, 
89) 258248179, 
90) 263419032, 
91) 274511620, 
92) 282187242, 
93) 282758073, 
94) 283282642, 
95) 283807896, 
96) 290139706, 
97) 291694328, 
98) 292059243, 
99) 292384696, 
100) 295440093, 
101) 296945838, 
102) 299591243, 
103) 299937400, 
104) 304517568, 
105) 305294892, 
106) 305881491, 
107) 313179862, 
108) 314207584, 
109) 316490374, 
110) 319772344, 
111) 321320399, 
112) 323656865, 
113) 328776148, 
114) 330305252, 
115) 333232848, 
116) 336761172, 
117) 339050166, 
118) 342399555, 
119) 343362155, 
120) 344141404, 
121) 345769761, 
122) 348467168, 
123) 353607769, 
124) 363643777, 
125) 365030240, 
126) 376697866, 
127) 378321095, 
128) 378523205, 
129) 380587384, 
130) 381078761, 
131) 390325273, 
132) 393176988, 
133) 399313219, 
134) 399910935, 
135) 400113393, 
136) 400871225, 
137) 400879808, 
138) 404695853, 
139) 417086460, 
140) 418787128, 
141) 424392553, 
142) 428559978, 
143) 431506681, 
144) 437582132, 
145) 439018297, 
146) 442584885, 
147) 444917892, 
148) 448044136, 
149) 452048450, 
150) 453598982, 
151) 457913060, 
152) 459443051, 
153) 460275425, 
154) 460737494, 
155) 462960238, 
156) 465698273, 
157) 466872668, 
158) 472659360, 
159) 477449700, 
160) 478276983, 
161) 480002826, 
162) 481308797, 
163) 481954536, 
164) 484171984, 
165) 485625040, 
166) 488622088, 
167) 489337980, 
168) 496533118, 
169) 498842646, 
170) 499284753, 
171) 500536379, 
172) 502142259, 
173) 503484876, 
174) 503727123, 
175) 506868047, 
176) 508088483, 
177) 508326632, 
178) 515347777, 
179) 515590919, 
180) 516256019, 
181) 516416924, 
182) 518730453, 
183) 519799927, 
184) 522168331, 
185) 523727941, 
186) 525265659, 
187) 526254523, 
188) 527677582, 
189) 537930007, 
190) 539586712, 
191) 541067739, 
192) 542252774, 
193) 543837478, 
194) 548176181, 
195) 551652821, 
196) 551924002, 
197) 552251586, 
198) 564660014, 
199) 572540430, 
200) 573210211, 
201) 573869111, 
202) 577473471, 
203) 583361596, 
204) 592451544, 
205) 596195217, 
206) 597201457, 
207) 597810723, 
208) 599140899, 
209) 599464121, 
210) 600487946, 
211) 621439848, 
212) 627641574, 
213) 630825294, 
214) 637331583, 
215) 641505389, 
216) 642822022, 
217) 647037692, 
218) 651319390, 
219) 653349105, 
220) 653804015, 
221) 663148518, 
222) 663581613, 
223) 664446260, 
224) 666908711, 
225) 667245570, 
226) 668758576, 
227) 673067480, 
228) 675842019, 
229) 678220620, 
230) 678946842, 
231) 691940654, 
232) 694347747, 
233) 695691721, 
234) 696838028, 
235) 702628863, 
236) 704019360, 
237) 705911970, 
238) 718349015, 
239) 719052205, 
240) 724853487, 
241) 726072360, 
242) 728874910, 
243) 730442643, 
244) 731409141, 
245) 731733596, 
246) 733800741, 
247) 734303368, 
248) 736044757, 
249) 736620207, 
250) 739447620, 
251) 743485204, 
252) 743517667, 
253) 746491373, 
254) 749342640, 
255) 757900837, 
256) 761728878, 
257) 766511464, 
258) 768732546, 
259) 769473546, 
260) 774692901, 
261) 783305889, 
262) 784093531, 
263) 784429380, 
264) 785887122, 
265) 786904016, 
266) 789287687, 
267) 792134497, 
268) 800537750, 
269) 801583741, 
270) 808701192, 
271) 810636131, 
272) 813423708, 
273) 814502315, 
274) 822467545, 
275) 823607597, 
276) 829236832, 
277) 831306090, 
278) 832394271, 
279) 834401984, 
280) 834797153, 
281) 838151505, 
282) 842600469, 
283) 842714675, 
284) 843358817, 
285) 844274974, 
286) 844573781, 
287) 854930476, 
288) 859725063, 
289) 861849865, 
290) 869378435, 
291) 875660704, 
292) 883392277, 
293) 885660697, 
294) 885712412, 
295) 887088548, 
296) 887558942, 
297) 888234439, 
298) 889458312, 
299) 891981855, 
300) 893648376, 
301) 895088872, 
302) 896861296, 
303) 899116774, 
304) 902012737, 
305) 902739784, 
306) 903090030, 
307) 904306093, 
308) 906582520, 
309) 908857088, 
310) 909841666, 
311) 916449255, 
312) 918713754, 
313) 926564740, 
314) 927123638, 
315) 928311819, 
316) 932326081, 
317) 935409646, 
318) 936042712, 
319) 941046418, 
320) 941448670, 
321) 949932391, 
322) 956164867, 
323) 958140815, 
324) 964005694, 
325) 964326720, 
326) 966569894, 
327) 969252199, 
328) 971714708, 
329) 980674108, 
330) 984588889, 
331) 987861776, 
332) 989374627, 
333) 989529475, 
334) 989907292, 
335) 991016136, 
336) 992899710, 
337) 998486962, 
338) 998716529, 
339) 1002181026, 
340) 1003022939, 
341) 1003075258, 
342) 1004043154, 
343) 1007343095, 
344) 1015275625, 
345) 1022242059, 
346) 1029514817, 
347) 1032075119, 
348) 1033753997, 
349) 1035492936, 
350) 1041907675, 
351) 1043935953, 
352) 1050951417, 
353) 1055993193, 
354) 1056102603, 
355) 1063634812, 
356) 1064856696, 
357) 1065869588, 
358) 1072927395, 
359) 1081407713, 
360) 1086126001, 
361) 1087260198, 
362) 1095059024, 
363) 1096364476, 
364) 1099308835, 
365) 1106427094, 
366) 1108765520, 
367) 1112127000, 
368) 1112232034, 
369) 1113357058, 
370) 1116121897, 
371) 1119792583, 
372) 1121291841, 
373) 1128437015, 
374) 1137429650, 
375) 1137977567, 
376) 1148656932, 
377) 1154156213, 
378) 1155818933, 
379) 1156890552, 
380) 1157909997, 
381) 1161940586, 
382) 1164131495, 
383) 1164857925, 
384) 1165251922, 
385) 1170023059, 
386) 1179470641, 
387) 1183590490, 
388) 1183591383, 
389) 1192591346, 
390) 1196126086, 
391) 1196656701, 
392) 1196933033, 
393) 1201272823, 
394) 1204388383, 
395) 1207826423, 
396) 1208962731, 
397) 1211891020, 
398) 1212198698, 
399) 1220514854, 
400) 1225254273, 
401) 1232556029, 
402) 1232610334, 
403) 1232983022, 
404) 1236328423, 
405) 1240483346, 
406) 1240952018, 
407) 1246422717, 
408) 1248109715, 
409) 1249202101, 
410) 1249466177, 
411) 1249860393, 
412) 1250867921, 
413) 1257340059, 
414) 1257982522, 
415) 1260743082, 
416) 1265302036, 
417) 1268165001, 
418) 1269032910, 
419) 1273410424, 
420) 1273733677, 
421) 1277301160, 
422) 1279988982, 
423) 1283092317, 
424) 1283522507, 
425) 1289407563, 
426) 1291110209, 
427) 1298747674, 
428) 1302065196, 
429) 1305561258, 
430) 1308208692, 
431) 1310056729, 
432) 1310342325, 
433) 1310954561, 
434) 1311190642, 
435) 1311872561, 
436) 1313552312, 
437) 1319859659, 
438) 1326062072, 
439) 1326341532, 
440) 1330041764, 
441) 1330661729, 
442) 1330786303, 
443) 1335408532, 
444) 1347889645, 
445) 1348321775, 
446) 1349379062, 
447) 1352315528, 
448) 1356964128, 
449) 1360341039, 
450) 1361353307, 
451) 1361958710, 
452) 1363726354, 
453) 1364630678, 
454) 1364849079, 
455) 1367712455, 
456) 1370089168, 
457) 1372128206, 
458) 1374135830, 
459) 1376104038, 
460) 1381748962, 
461) 1382865258, 
462) 1384606578, 
463) 1391995945, 
464) 1392587598, 
465) 1393934485, 
466) 1401661876, 
467) 1405787484, 
468) 1406534479, 
469) 1408176605, 
470) 1413213667, 
471) 1414149213, 
472) 1415990422, 
473) 1416391141, 
474) 1422192897, 
475) 1425769251, 
476) 1428990180, 
477) 1429970843, 
478) 1434420820, 
479) 1436282760, 
480) 1438464197, 
481) 1440364787, 
482) 1448993164, 
483) 1451456416, 
484) 1452091338, 
485) 1453681320, 
486) 1457157719, 
487) 1457926237, 
488) 1464913444, 
489) 1467773412, 
490) 1467912574, 
491) 1472360869, 
492) 1475927605, 
493) 1476003926, 
494) 1480286170, 
495) 1487424446, 
496) 1490964749, 
497) 1496606372, 
498) 1503276726, 
499) 1505088569, 
500) 1509913008, 
501) 1513105731, 
502) 1517525704, 
503) 1517676213, 
504) 1519268015, 
505) 1520203318, 
506) 1524712492, 
507) 1527594476, 
508) 1528497158, 
509) 1530119783, 
510) 1531890061, 
511) 1536622552, 
512) 1537129182, 
513) 1538720869, 
514) 1542589526, 
515) 1544905097, 
516) 1550293488, 
517) 1551555913, 
518) 1552693521, 
519) 1555013312, 
520) 1556693858, 
521) 1557037916, 
522) 1558896678, 
523) 1560020146, 
524) 1562257860, 
525) 1562764068, 
526) 1567045086, 
527) 1568952376, 
528) 1572054557, 
529) 1573826418, 
530) 1575145673, 
531) 1578211623, 
532) 1578212190, 
533) 1586272256, 
534) 1589900616, 
535) 1612910607, 
536) 1613078290, 
537) 1613712139, 
538) 1630862611, 
539) 1632511018, 
540) 1637458513, 
541) 1641920595, 
542) 1644797300, 
543) 1647921755, 
544) 1650583150, 
545) 1653030574, 
546) 1656566116, 
547) 1658287041, 
548) 1661305442, 
549) 1662960062, 
550) 1666721713, 
551) 1668756930, 
552) 1670296728, 
553) 1673075199, 
554) 1674002197, 
555) 1674734762, 
556) 1682574536, 
557) 1683684101, 
558) 1694003610, 
559) 1696596648, 
560) 1698328608, 
561) 1700351873, 
562) 1703056909, 
563) 1704354200, 
564) 1710660793, 
565) 1715470031, 
566) 1717060685, 
567) 1717208499, 
568) 1727509357, 
569) 1732719034, 
570) 1733470125, 
571) 1740463159, 
572) 1741924227, 
573) 1748600363, 
574) 1750585343, 
575) 1754547822, 
576) 1755148582, 
577) 1758234132, 
578) 1758303655, 
579) 1759352223, 
580) 1761359603, 
581) 1762459911, 
582) 1763928193, 
583) 1769708015, 
584) 1775529563, 
585) 1778585033, 
586) 1780258106, 
587) 1781582702, 
588) 1782935125, 
589) 1783423869, 
590) 1789701907, 
591) 1791855503, 
592) 1793755478, 
593) 1795020166, 
594) 1797792633, 
595) 1797946274, 
596) 1799671014, 
597) 1800558732, 
598) 1802277009, 
599) 1802598790, 
600) 1803049515, 
601) 1803075209, 
602) 1803381807, 
603) 1808512815, 
604) 1809639817, 
605) 1810313976, 
606) 1817638064, 
607) 1819206752, 
608) 1822147795, 
609) 1823309452, 
610) 1824694103, 
611) 1827050809, 
612) 1829251615, 
613) 1835540497, 
614) 1835807517, 
615) 1836650666, 
616) 1839232407, 
617) 1841247946, 
618) 1841484399, 
619) 1842401723, 
620) 1844117034, 
621) 1846873872, 
622) 1848409527, 
623) 1848549863, 
624) 1851558058, 
625) 1861286132, 
626) 1863894187, 
627) 1865979002, 
628) 1869824172, 
629) 1874387183, 
630) 1874870813, 
631) 1881735192, 
632) 1883268042, 
633) 1891844573, 
634) 1896494905, 
635) 1899564364, 
636) 1900312319, 
637) 1904443540, 
638) 1907811807, 
639) 1909133009, 
640) 1915454650, 
641) 1917057068, 
642) 1921551929, 
643) 1923394381, 
644) 1932290086, 
645) 1932968081, 
646) 1935958578, 
647) 1943814849, 
648) 1944616202, 
649) 1946575631, 
650) 1948063546, 
651) 1951904707, 
652) 1952863027, 
653) 1953169888, 
654) 1963394517, 
655) 1964240622, 
656) 1973221551, 
657) 1976792295, 
658) 1977109993, 
659) 1977231708, 
660) 1979490596, 
661) 1981192798, 
662) 1986453254, 
663) 1986538779, 
664) 1987627693, 
665) 1991071029, 
666) 1996357550, 
667) 1996406338, 
668) 2004077449, 
669) 2008887781, 
670) 2010713755, 
671) 2011654529, 
672) 2014539642, 
673) 2015766270, 
674) 2017450015, 
675) 2026014475, 
676) 2038035790, 
677) 2039099476, 
678) 2040107758, 
679) 2042918685, 
680) 2045600792, 
681) 2045894894, 
682) 2054482280, 
683) 2057766042, 
684) 2063655676, 
685) 2065182828, 
686) 2065487767, 
687) 2066265962, 
688) 2066662118, 
689) 2068457417, 
690) 2072442050, 
691) 2074865114, 
692) 2075393448, 
693) 2078031355, 
694) 2080975133, 
695) 2082065470, 
696) 2083107745, 
697) 2084259627, 
698) 2094415579, 
699) 2096800739, 
700) 2099851581, 
701) 2103454621, 
702) 2105884773, 
703) 2106523387, 
704) 2107186108, 
705) 2110092665, 
706) 2111227009, 
707) 2115463341, 
708) 2118028247, 
709) 2120250039, 
710) 2127494102, 
711) 2128596636, 
712) 2130751120, 
713) 2132280078, 
714) 2140791780, 
715) 2140854385, 
716) 2142242929, 
717) 2146132273, 
718) 2147394673, 
719) 2150338188, 
720) 2150456928, 
721) 2152401889, 
722) 2160679100, 
723) 2163101139, 
724) 2167147947, 
725) 2171866847, 
726) 2173476882, 
727) 2181536946, 
728) 2193324167, 
729) 2206867840, 
730) 2209295686, 
731) 2220344222, 
732) 2223097125, 
733) 2223540276, 
734) 2224225935, 
735) 2232560946, 
736) 2233558131, 
737) 2236602822, 
738) 2237336488, 
739) 2239101218, 
740) 2241705616, 
741) 2247658134, 
742) 2255571897, 
743) 2257331259, 
744) 2263853052, 
745) 2264955035, 
746) 2265732198, 
747) 2269440118, 
748) 2269951848, 
749) 2273711217, 
750) 2274031963, 
751) 2276756333, 
752) 2279302725, 
753) 2282640996, 
754) 2285108222, 
755) 2286541557, 
756) 2292285646, 
757) 2301388790, 
758) 2301714627, 
759) 2307983372, 
760) 2311138023, 
761) 2314168864, 
762) 2320042721, 
763) 2321047387, 
764) 2323536736, 
765) 2326069396, 
766) 2329697447, 
767) 2332847683, 
768) 2342371815, 
769) 2342649238, 
770) 2344106983, 
771) 2344532272, 
772) 2345084742, 
773) 2345853573, 
774) 2346726861, 
775) 2349985300, 
776) 2351720143, 
777) 2351728016, 
778) 2352719238, 
779) 2356556728, 
780) 2357234441, 
781) 2358462643, 
782) 2358857376, 
783) 2359876151, 
784) 2363649336, 
785) 2365369197, 
786) 2365805513, 
787) 2366678242, 
788) 2367592237, 
789) 2369968284, 
790) 2370573040, 
791) 2374042821, 
792) 2375667162, 
793) 2377227135, 
794) 2382597775, 
795) 2384461169, 
796) 2389841163, 
797) 2389917038, 
798) 2390258032, 
799) 2392914259, 
800) 2393989999, 
801) 2403807727, 
802) 2409948078, 
803) 2414274592, 
804) 2414459092, 
805) 2416909774, 
806) 2420285768, 
807) 2421124529, 
808) 2423693959, 
809) 2433304636, 
810) 2434729197, 
811) 2443954493, 
812) 2444702887, 
813) 2450524969, 
814) 2453956316, 
815) 2459259477, 
816) 2460348213, 
817) 2467399346, 
818) 2467808063, 
819) 2473225286, 
820) 2473414438, 
821) 2474076027, 
822) 2477839654, 
823) 2487070712, 
824) 2489641925, 
825) 2490108840, 
826) 2491216149, 
827) 2491401496, 
828) 2492911941, 
829) 2498209998, 
830) 2503027093, 
831) 2505509579, 
832) 2508029292, 
833) 2508985286, 
834) 2510427764, 
835) 2511542237, 
836) 2511794446, 
837) 2512087015, 
838) 2531838185, 
839) 2533015173, 
840) 2534200916, 
841) 2537261097, 
842) 2538744728, 
843) 2540194833, 
844) 2540757889, 
845) 2548120856, 
846) 2551618310, 
847) 2555539479, 
848) 2555679985, 
849) 2558163282, 
850) 2559765307, 
851) 2563484474, 
852) 2563726135, 
853) 2572744362, 
854) 2572874265, 
855) 2578816639, 
856) 2586713094, 
857) 2589285380, 
858) 2589702063, 
859) 2592967118, 
860) 2600262048, 
861) 2604434301, 
862) 2607448440, 
863) 2608541966, 
864) 2610025343, 
865) 2611073150, 
866) 2613212536, 
867) 2615211799, 
868) 2620391933, 
869) 2621702688, 
870) 2623218493, 
871) 2625438923, 
872) 2628828697, 
873) 2631387063, 
874) 2635189860, 
875) 2636433486, 
876) 2637837928, 
877) 2642187800, 
878) 2642710597, 
879) 2643695741, 
880) 2644067455, 
881) 2644321536, 
882) 2649502110, 
883) 2649552076, 
884) 2650203275, 
885) 2650500183, 
886) 2652194287, 
887) 2652270086, 
888) 2655693424, 
889) 2656151062, 
890) 2663006962, 
891) 2665112648, 
892) 2665722445, 
893) 2666172371, 
894) 2666550352, 
895) 2672437070, 
896) 2675316360, 
897) 2675635792, 
898) 2681288416, 
899) 2683584211, 
900) 2686722264, 
901) 2693060126, 
902) 2699945041, 
903) 2700071904, 
904) 2702076083, 
905) 2703439675, 
906) 2703719218, 
907) 2704991973, 
908) 2706774424, 
909) 2708306211, 
910) 2713332918, 
911) 2716743506, 
912) 2720703347, 
913) 2724016716, 
914) 2726045315, 
915) 2734095862, 
916) 2744261482, 
917) 2745848463, 
918) 2746633194, 
919) 2747519245, 
920) 2748930304, 
921) 2749530192, 
922) 2751427588, 
923) 2751606772, 
924) 2751621931, 
925) 2753766114, 
926) 2757903420, 
927) 2758120586, 
928) 2762132180, 
929) 2762848612, 
930) 2766032277, 
931) 2774906985, 
932) 2781083716, 
933) 2782409868, 
934) 2784485670, 
935) 2785394443, 
936) 2785971369, 
937) 2789068333, 
938) 2793350812, 
939) 2794099384, 
940) 2796628695, 
941) 2798400189, 
942) 2811293561, 
943) 2818978948, 
944) 2819242089, 
945) 2820041694, 
946) 2820336826, 
947) 2824690547, 
948) 2830095225, 
949) 2837767017, 
950) 2842669630, 
951) 2843556356, 
952) 2850039079, 
953) 2853584226, 
954) 2862959171, 
955) 2865451474, 
956) 2870541323, 
957) 2871813585, 
958) 2873738828, 
959) 2873862863, 
960) 2880203421, 
961) 2880538553, 
962) 2881131621, 
963) 2884303670, 
964) 2885088578, 
965) 2889795333, 
966) 2892262713, 
967) 2895258607, 
968) 2899657073, 
969) 2900974808, 
970) 2901446037, 
971) 2905376365, 
972) 2906839525, 
973) 2910247002, 
974) 2925997757, 
975) 2929218133, 
976) 2931094439, 
977) 2932731465, 
978) 2939604434, 
979) 2939959299, 
980) 2943339060, 
981) 2944835656, 
982) 2946816606, 
983) 2949715504, 
984) 2954340662, 
985) 2954349150, 
986) 2957093219, 
987) 2959892576, 
988) 2962965823, 
989) 2963201880, 
990) 2967447877, 
991) 2971154811, 
992) 2973636674, 
993) 2977114418, 
994) 2977598056, 
995) 2982620953, 
996) 2993822774, 
997) 2993862264, 
998) 2996421052, 
999) 2998330561, 
