Number of elements is 100
Type of array is reversed
Sorting algorithm - select
Running time of sorting algorithm is 17ms
0) 2066039, 
1) 3723076, 
2) 15970096, 
3) 24690866, 
4) 25325908, 
5) 58526058, 
6) 64274697, 
7) 65264894, 
8) 68515819, 
9) 83881655, 
10) 89669933, 
11) 97941069, 
12) 109469995, 
13) 141189352, 
14) 192776952, 
15) 274241779, 
16) 289436713, 
17) 331651012, 
18) 338805881, 
19) 352758429, 
20) 429431036, 
21) 458520436, 
22) 464603028, 
23) 480620464, 
24) 514818659, 
25) 567056305, 
26) 587810015, 
27) 655384667, 
28) 716387234, 
29) 744784462, 
30) 751929747, 
31) 799784846, 
32) 879028358, 
33) 934507637, 
34) 947769754, 
35) 1009225718, 
36) 1012921657, 
37) 1084311358, 
38) 1096634032, 
39) 1102568497, 
40) 1144215253, 
41) 1245257322, 
42) 1247193348, 
43) 1288228626, 
44) 1323073549, 
45) 1399825919, 
46) 1410004575, 
47) 1428502286, 
48) 1445291424, 
49) 1460512321, 
50) 1471806795, 
51) 1476883485, 
52) 1487018144, 
53) 1496634695, 
54) 1528326769, 
55) 1560222126, 
56) 1561073752, 
57) 1574574693, 
58) 1587975858, 
59) 1687006014, 
60) 1748721953, 
61) 1793263924, 
62) 1799969071, 
63) 1846770399, 
64) 1884927822, 
65) 1895586544, 
66) 1907301966, 
67) 1915388606, 
68) 1921259817, 
69) 1940469931, 
70) 1983789997, 
71) 2010096970, 
72) 2023589118, 
73) 2038575070, 
74) 2051690928, 
75) 2067822319, 
76) 2132022332, 
77) 2135473287, 
78) 2224994843, 
79) 2226732675, 
80) 2242424389, 
81) 2277528684, 
82) 2377057221, 
83) 2402166142, 
84) 2525287684, 
85) 2530053494, 
86) 2551761622, 
87) 2576273808, 
88) 2578854869, 
89) 2698639685, 
90) 2738561429, 
91) 2749718290, 
92) 2755844367, 
93) 2759775843, 
94) 2907732895, 
95) 2920833389, 
96) 2933341767, 
97) 2954019284, 
98) 2979272409, 
99) 2997614768, 
